messages
"2022-02-08T19:11:13.413237,180050,recommendation request 17645-team17.isri.cmu.edu:8082, status 200, result: cry+freedom+1987, what+doesnt+kill+you+2008, about+last+night...+1986, the+dresser+1983, intersection+1994, p.s.+2004, frenzy+1972, loving+you+1957, barbarosa+1982, maze+2000, macgruber+2010, a+time+to+kill+1996, father+of+the+bride+1991, cabin+boy+1994, detective+story+1951, albatross+2011, opportunity+knocks+1990, serial+1980, shes+having+a+baby+1988, crush+2001, 332 ms"
"2022-02-08T19:11:13.436343,139942,recommendation request 17645-team17.isri.cmu.edu:8082, status 200, result: rancho+deluxe+1975, p.s.+2004, barbarosa+1982, maze+2000, the+dance+of+reality+2013, flashdance+1983, gods+not+dead+2014, casper+1995, moving+1988, lightning+jack+1994, love+hina+spring+special+-+i+wish+your+dream+2001, 9+2005, the+brothers+2001, jurassic+park+1993, shes+having+a+baby+1988, island+2011, crush+2001, hook+1991, untitled+2009, breakfast+on+pluto+2005, 341 ms"
"2022-02-08T19:11:14.414225,123432,recommendation request 17645-team17.isri.cmu.edu:8082, status 200, result: and+now...+ladies+and+gentlemen...+2002, taking+sides+2001, carlos+2010, the+international+2009, z+1969, lifeboat+1944, 49th+parallel+1941, before+and+after+1996, gilda+1946, the+great+escape+1963, more+1969, brother+2+2000, bennys+video+1993, mobsters+1991, ararat+2002, compliance+2012, cuba+1979, conspiracy+2008, julia+1977, u-571+2000, 358 ms"
"2022-02-08T19:11:15.691001,79928,recommendation request 17645-team17.isri.cmu.edu:8082, status 200, result: eyewitness+1981, notting+hill+1999, a+goofy+movie+1995, p.s.+2004, maze+2000, lethal+weapon+3+1992, a+time+to+kill+1996, freaky+friday+1976, guilty+as+sin+1993, the+yakuza+1974, the+brothers+2001, patriot+games+1992, my+beautiful+laundrette+1985, winnie+the+pooh+2011, shes+having+a+baby+1988, juice+1992, the+matrix+1999, crush+2001, north+1994, breakdown+1997, 578 ms"
"2022-02-08T19:11:15.711375,285510,recommendation request 17645-team17.isri.cmu.edu:8082, status 200, result: drop+zone+1994, mickeys+once+upon+a+christmas+1999, barbershop+2002, arranged+2007, last+holiday+2006, the+promise+2005, without+a+paddle+2004, detective+story+1951, forrest+gump+1994, chicken+run+2000, in+too+deep+1999, another+thin+man+1939, private+parts+1972, wake+of+death+2004, junebug+2005, shes+having+a+baby+1988, changing+lanes+2002, the+hot+spot+1990, hopscotch+1980, my+one+and+only+2009, 638 ms"
"2022-02-08T19:11:16.274258,37810,recommendation request 17645-team17.isri.cmu.edu:8082, status 200, result: angels+with+dirty+faces+1938, that+was+then...+this+is+now+1985, the+enforcer+1951, demolition+man+1993, r.i.p.d.+2013, far+and+away+1992, old+yeller+1957, lets+do+it+again+1975, rapa+nui+1994, mcq+1974, earthsea+2004, seven+men+from+now+1956, the+postman+1997, the+dead+pool+1988, batman+1989, shenandoah+1965, fire+down+below+1997, beyond+the+poseidon+adventure+1979, l.i.e.+2001, sudden+impact+1983, 251 ms"
"2022-02-08T19:11:16.278953,176521,recommendation request 17645-team17.isri.cmu.edu:8082, status 200, result: i.q.+1994, the+ruling+class+1972, shes+the+one+1996, 8+seconds+1994, charade+1963, little+nicky+2000, never+again+2002, midnight+1939, town++country+2001, i+do+2006, ghosts+of+girlfriends+past+2009, the+aviators+wife+1981, friday+after+next+2002, georgia+rule+2007, boomerang+1992, the+prince+and+the+showgirl+1957, murphys+romance+1985, the+women+2008, trial+and+error+1997, damage+1992, 248 ms"
"2022-02-08T19:11:16.311940,295228,recommendation request 17645-team17.isri.cmu.edu:8082, status 200, result: mystery+date+1991, mary+poppins+1964, commandments+1997, notting+hill+1999, p.s.+2004, once+around+1991, bbs+kids+1992, maze+2000, the+addams+family+1991, the+kid+2000, big+top+pee-wee+1988, freaky+friday+1976, emma+2009, stuart+saves+his+family+1995, numb+2007, the+brothers+2001, matilda+1996, my+beautiful+laundrette+1985, only+you+1994, dedication+2007, 264 ms"
"2022-02-08T19:11:16.559951,228689,recommendation request 17645-team17.isri.cmu.edu:8082, status 200, result: the+cat+in+the+hat+2003, eyewitness+1981, drop+zone+1994, dreamgirls+2006, ed+1996, p.s.+2004, fuck+2005, casper+1995, babe+pig+in+the+city+1998, moving+1988, harry+and+tonto+1974, harem+1985, four+brothers+2005, albatross+2011, analyze+that+2002, how+the+grinch+stole+christmas+2000, people+like+us+2012, junebug+2005, rat+2001, outrage+2009, 532 ms"
"2022-02-08T19:11:16.601926,212644,recommendation request 17645-team17.isri.cmu.edu:8082, status 200, result: eyewitness+1981, cry+freedom+1987, switchback+1997, arranged+2007, melody+time+1948, mary+poppins+1964, frenzy+1972, true+crime+1996, light+it+up+1999, the+aristocats+1970, the+addams+family+1991, northfork+2003, a+little+princess+1995, freaky+friday+1976, the+verdict+1982, guilty+as+sin+1993, saludos+amigos+1942, patriot+games+1992, juice+1992, breakdown+1997, 570 ms"
"2022-02-08T19:11:16.629612,292159,recommendation request 17645-team17.isri.cmu.edu:8082, status 200, result: shampoo+1975, cry+freedom+1987, punchline+1988, throw+momma+from+the+train+1987, mission+to+mir+1997, cookie+1989, the+other+side+of+the+mountain+1975, fuck+2005, summer+rental+1985, big+jake+1971, harem+1985, beyond+the+sea+2004, white+palace+1990, junebug+2005, class+1983, his+girl+friday+1940, my+one+and+only+2009, easy+money+1983, big+fan+2009, tumbleweeds+1999, 599 ms"
"2022-02-08T19:11:16.653285,203410,recommendation request 17645-team17.isri.cmu.edu:8082, status 200, result: rollerball+1975, barbershop+2002, star+wars+episode+iii+-+revenge+of+the+sith+2005, a+goofy+movie+1995, red+dawn+1984, courage+under+fire+1996, sleeping+beauty+1959, light+it+up+1999, freaky+friday+1976, another+thin+man+1939, masterminds+1997, guilty+as+sin+1993, planet+of+the+apes+2001, winnie+the+pooh+2011, armed+and+dangerous+1986, shes+having+a+baby+1988, juice+1992, island+2011, the+living+daylights+1987, above+the+law+1988, 602 ms"
"2022-02-08T19:11:16.713979,143387,recommendation request 17645-team17.isri.cmu.edu:8082, status 200, result: cry+freedom+1987, the+five+senses+1999, rollerball+1975, 8+seconds+1994, the+proprietor+1996, the+brother+from+another+planet+1984, the+other+side+of+the+mountain+1975, the+aristocats+1970, a+time+to+kill+1996, detective+story+1951, freaky+friday+1976, a+little+princess+1995, the+yakuza+1974, the+client+1994, beneath+the+planet+of+the+apes+1970, marooned+1969, white+palace+1990, ali+2001, the+nuns+story+1959, hook+1991, 625 ms"
"2022-02-08T19:11:16.714106,60612,recommendation request 17645-team17.isri.cmu.edu:8082, status 200, result: eyewitness+1981, drop+zone+1994, switchback+1997, p.s.+2004, without+a+paddle+2004, in+the+line+of+fire+1993, detective+story+1951, ice+castles+1978, dead+reckoning+1947, phoenix+1998, the+saint+1997, malice+1993, changing+lanes+2002, from+here+to+eternity+1953, dark+passage+1947, today+you+die+2005, absolute+power+1997, jennifer+eight+1992, the+incredible+shrinking+man+1957, romeo+is+bleeding+1993, 664 ms"
"2022-02-08T19:11:17.465141,212576,recommendation request 17645-team17.isri.cmu.edu:8082, status 200, result: out+of+sight+1998, drop+zone+1994, rollerball+1975, bustin+loose+1981, family+plot+1976, star+wars+episode+iii+-+revenge+of+the+sith+2005, without+a+paddle+2004, a+little+princess+1995, dick+tracy+1990, the+last+legion+2007, moving+1988, apocalypto+2006, the+island+1980, the+saint+1997, planet+of+the+apes+2001, gone+in+sixty+seconds+2000, kull+the+conqueror+1997, changing+lanes+2002, the+incredible+hulk+2008, smokey+and+the+bandit+part+3+1983, 371 ms"
"2022-02-08T19:11:17.657799,232742,recommendation request 17645-team17.isri.cmu.edu:8082, status 200, result: shampoo+1975, barbershop+2002, the+conspiracy+2012, p.s.+2004, maze+2000, american+gangster+2007, inception+2010, another+thin+man+1939, slap+her...+shes+french+2002, phoenix+1998, couples+retreat+2009, the+brothers+2001, macabre+1958, the+hills+have+eyes+2+2007, one+hour+photo+2002, murphys+romance+1985, crush+2001, have+rocket_+will+travel+1959, untitled+2009, jennifer+eight+1992, 562 ms"
"2022-02-08T19:11:17.670234,278586,recommendation request 17645-team17.isri.cmu.edu:8082, status 200, result: american+virgin+2000, barbershop+2002, the+gauntlet+1977, the+snowman+1982, freaky+friday+1976, 42nd+street+1933, paul+2011, on+moonlight+bay+1951, another+thin+man+1939, moving+1988, the+yakuza+1974, desk+set+1957, out+to+sea+1997, the+truman+show+1998, conan+the+barbarian+1982, above+the+law+1988, ratatouille+2007, private+lives+1931, dungeons++dragons+2000, babes+in+toyland+1934, 577 ms"
"2022-02-08T19:11:17.709407,231828,recommendation request 17645-team17.isri.cmu.edu:8082, status 200, result: six+pack+1982, the+other+side+of+the+mountain+1975, light+it+up+1999, vision+quest+1985, a+little+princess+1995, the+verdict+1982, the+witches+of+eastwick+1987, winnie+the+pooh+2011, an+education+2009, the+incredible+hulk+2008, from+here+to+eternity+1953, hook+1991, bingo+1991, ratatouille+2007, jonah+hex+2010, patton+1970, silverado+1985, get+real+1998, bloomington+2010, back+to+the+future+part+ii+1989, 603 ms"
"2022-02-08T19:11:17.741062,143161,recommendation request 17645-team17.isri.cmu.edu:8082, status 200, result: arranged+2007, and+now...+ladies+and+gentlemen...+2002, rollerball+1975, the+last+of+the+mohicans+1992, the+gauntlet+1977, ivans+childhood+1962, lethal+weapon+3+1992, z+1969, lifeboat+1944, grand+illusion+1937, inception+2010, dick+tracy+1990, apocalypto+2006, the+great+escape+1963, coffy+1973, planet+of+the+apes+2001, gone+in+sixty+seconds+2000, wake+of+death+2004, veronica+guerin+2003, mobsters+1991, 635 ms"
"2022-02-08T19:11:17.741950,92276,recommendation request 17645-team17.isri.cmu.edu:8082, status 200, result: black+beauty+1994, 8+seconds+1994, changeling+2008, the+other+side+of+the+mountain+1975, maze+2000, a+little+princess+1995, the+social+network+2010, dead+reckoning+1947, private+parts+1972, the+poughkeepsie+tapes+2007, beyond+the+sea+2004, an+education+2009, murphys+romance+1985, crush+2001, crazy+heart+2009, the+tree+of+life+2011, side+out+1990, spirited+away+2001, never+let+me+go+2010, silverado+1985, 636 ms"
"2022-02-08T19:11:18.362527,241620,recommendation request 17645-team17.isri.cmu.edu:8082, status 200, result: drop+zone+1994, nothing+but+trouble+1991, top+secret+1984, melody+time+1948, forbidden+zone+1980, a+goofy+movie+1995, hollow+man+2000, the+country+bears+2002, snow+dogs+2002, a+christmas+carol+2009, flashdance+1983, a+family+thing+1996, forrest+gump+1994, national+lampoons+vacation+1983, saludos+amigos+1942, the+saint+1997, shes+having+a+baby+1988, the+juror+1996, ali+2001, from+the+hip+1987, 345 ms"
"2022-02-08T19:11:18.343699,233371,recommendation request 17645-team17.isri.cmu.edu:8082, status 200, result: black+beauty+1994, cry+freedom+1987, rollerball+1975, six+pack+1982, parking+2008, barbarosa+1982, big+hero+6+2014, sleeping+beauty+1959, bad+girls+1994, planet+of+the+apes+2001, the+yakuza+1974, a+man+and+a+woman+1966, winnie+the+pooh+2011, warriors+of+heaven+and+earth+2003, side+out+1990, above+the+law+1988, ratatouille+2007, man+on+the+moon+1999, blackrock+1997, they+made+me+a+criminal+1939, 324 ms"
"2022-02-08T19:11:18.406923,156743,recommendation request 17645-team17.isri.cmu.edu:8082, status 200, result: the+cat+in+the+hat+2003, rollerball+1975, six+pack+1982, the+longest+day+1962, 8+seconds+1994, ed+1996, analyze+this+1999, birdy+1984, lifeboat+1944, grand+illusion+1937, casper+1995, pompeii+2014, moving+1988, the+island+1980, kull+the+conqueror+1997, shes+having+a+baby+1988, murphys+romance+1985, in+harms+way+1965, conan+the+barbarian+1982, the+women+2008, 367 ms"
"2022-02-08T19:11:19.368189,295041,recommendation request 17645-team17.isri.cmu.edu:8082, status 200, result: rollerball+1975, punchline+1988, the+golden+voyage+of+sinbad+1973, the+watch+2012, once+bitten+1985, chronicle+2012, ice+castles+1978, moving+1988, planet+of+the+apes+2001, gravity+2013, 2010+moby+dick+2010, desk+set+1957, out+to+sea+1997, the+truman+show+1998, look+whos+talking+too+1990, island+2011, from+here+to+eternity+1953, drillbit+taylor+2008, his+girl+friday+1940, escape+from+the+planet+of+the+apes+1971, 327 ms"
"2022-02-08T19:11:19.409445,202066,recommendation request 17645-team17.isri.cmu.edu:8082, status 200, result: dead+of+winter+1987, home+page+1998, barbara+2012, the+proprietor+1996, prison+1988, missing+1982, a+goofy+movie+1995, mystery_+alaska+1999, the+nomi+song+2004, the+other+side+of+the+mountain+1975, snow+dogs+2002, z+1969, lifeboat+1944, dead+ringers+1988, blackfish+2013, in+too+deep+1999, dead+reckoning+1947, one+eight+seven+1997, guilty+as+sin+1993, coffy+1973, 366 ms"
"2022-02-08T19:11:19.323724,199922,recommendation request 17645-team17.isri.cmu.edu:8082, status 200, result: robocop+1987, the+day+of+the+dolphin+1973, lockout+2012, speed+2+cruise+control+1997, the+last+castle+2001, hero+wanted+2008, catchfire+1990, redline+2007, the+poseidon+adventure+1972, the+pumaman+1980, haywire+2011, the+abyss+1989, gamer+2009, kick-ass+2+2013, q++a+1990, guilty+as+sin+1993, no+mans+land+1987, condition+red+1995, bio+slime+2010, independence+day+1996, 250 ms"
"2022-02-08T19:11:19.381674,187812,recommendation request 17645-team17.isri.cmu.edu:8082, status 200, result: black+beauty+1994, drop+zone+1994, switchback+1997, the+gauntlet+1977, my+man+godfrey+1957, ed+1996, a+goofy+movie+1995, cookie+1989, without+a+paddle+2004, a+little+princess+1995, forrest+gump+1994, love+story+1970, the+yakuza+1974, changing+lanes+2002, the+39+steps+2008, shes+having+a+baby+1988, the+emperors+new+groove+2000, chicken+little+2005, dungeons++dragons+2000, the+dream+team+1989, 359 ms"
"2022-02-08T19:11:20.467607,83161,recommendation request 17645-team17.isri.cmu.edu:8082, status 200, result: rollerball+1975, robot+stories+2003, star+wars+episode+iii+-+revenge+of+the+sith+2005, a+slave+of+love+1976, the+other+side+of+the+mountain+1975, the+dance+of+reality+2013, lethal+weapon+3+1992, wintersleepers+1997, detective+story+1951, planet+of+the+apes+2001, the+matrix+revolutions+2003, island+2011, the+brave+one+2007, side+out+1990, last+night+1998, made+of+honor+2008, jennifer+eight+1992, ruby++quentin+2003, spasmo+1974, the+adventures+of+ford+fairlane+1990, 354 ms"
"2022-02-08T19:11:20.455320,124255,recommendation request 17645-team17.isri.cmu.edu:8082, status 200, result: suburban+commando+1991, the+house+of+yes+1997, major+league+ii+1994, p.s.+2004, a+time+to+kill+1996, in+the+line+of+fire+1993, detective+story+1951, birdy+1984, the+godfather+part+iii+1990, spy+kids+3-d+game+over+2003, c.h.o.m.p.s.+1979, harem+1985, the+mighty+1998, time+bandits+1981, island+2011, the+juror+1996, body+double+1984, class+1983, from+the+hip+1987, bloodsport+ii+1996, 330 ms"
"2022-02-08T19:11:20.493671,1237,recommendation request 17645-team17.isri.cmu.edu:8082, status 200, result: cry+freedom+1987, sleepers+1996, lockout+2012, p.s.+2004, son+of+the+mask+2005, courage+under+fire+1996, maze+2000, vision+quest+1985, a+little+princess+1995, haywire+2011, the+witches+of+eastwick+1987, the+letter+1940, phoenix+1998, the+yakuza+1974, topper+1937, the+brothers+2001, the+client+1994, shes+having+a+baby+1988, island+2011, the+incredible+hulk+2008, 357 ms"
"2022-02-08T19:11:21.552680,138604,recommendation request 17645-team17.isri.cmu.edu:8082, status 200, result: eyewitness+1981, sleepers+1996, raging+bull+1980, a+goofy+movie+1995, light+it+up+1999, a+family+thing+1996, freaky+friday+1976, asylum+1972, harem+1985, the+truman+show+1998, island+2011, remember+the+night+1940, above+the+law+1988, eight+men+out+1988, the+emperors+new+groove+2000, today+you+die+2005, ratatouille+2007, spasmo+1974, gung+ho+1986, every+which+way+but+loose+1978, 468 ms"
"2022-02-08T19:11:21.553066,175627,recommendation request 17645-team17.isri.cmu.edu:8082, status 200, result: gleaming+the+cube+1989, cry+freedom+1987, bill+cosby+himself+1983, robot+stories+2003, pauly+shore+is+dead+2003, the+other+side+of+the+mountain+1975, barbarosa+1982, lethal+weapon+3+1992, a+time+to+kill+1996, inception+2010, grand+canyon+1991, the+verdict+1982, masterminds+1997, wake+of+death+2004, 9+2005, white+palace+1990, beyond+the+sea+2004, island+2011, the+matrix+1999, last+night+1998, 433 ms"
"2022-02-08T19:11:21.572411,94392,recommendation request 17645-team17.isri.cmu.edu:8082, status 200, result: eyewitness+1981, cry+freedom+1987, rollerball+1975, suburban+commando+1991, star+wars+episode+iii+-+revenge+of+the+sith+2005, courage+under+fire+1996, nothing+to+lose+1994, a+time+to+kill+1996, c.h.o.m.p.s.+1979, paparazzi+2004, the+yakuza+1974, the+client+1994, beyond+the+sea+2004, white+palace+1990, juice+1992, proof+2005, ali+2001, the+fury+1978, singham+2011, spasmo+1974, 450 ms"
"2022-02-08T19:11:21.629002,81365,recommendation request 17645-team17.isri.cmu.edu:8082, status 200, result: edmond+2005, top+secret+1984, the+last+of+the+mohicans+1992, the+conspiracy+2012, p.s.+2004, how+i+won+the+war+1967, light+it+up+1999, maze+2000, nims+island+2008, casper+1995, the+beverly+hillbillies+1993, working+girl+1988, jurassic+park+1993, beyond+the+sea+2004, desk+set+1957, out+to+sea+1997, crush+2001, the+matrix+1999, from+the+hip+1987, the+art+of+war+2000, 456 ms"
"2022-02-08T19:11:21.621386,290680,recommendation request 17645-team17.isri.cmu.edu:8082, status 200, result: rollerball+1975, lockout+2012, paths+of+glory+1957, missing+1982, sling+blade+1996, fast++furious+6+2013, casper+1995, haywire+2011, nighthawks+1981, the+great+escape+1963, harem+1985, the+mighty+1998, jurassic+park+1993, battle+for+terra+2007, murphys+romance+1985, island+2011, from+here+to+eternity+1953, ali+2001, above+the+law+1988, eight+men+out+1988, 450 ms"
"2022-02-08T19:11:22.461960,192162,recommendation request 17645-team17.isri.cmu.edu:8082, status 200, result: a+nightmare+on+elm+street+part+2+freddys+revenge+1985, rollerball+1975, the+five+senses+1999, 8+seconds+1994, the+proprietor+1996, dont+move+2004, courage+under+fire+1996, a+christmas+carol+2009, edward+scissorhands+1990, spy+kids+3-d+game+over+2003, gumby+the+movie+1995, the+verdict+1982, the+flight+of+dragons+1982, the+last+house+on+the+left+2009, junebug+2005, island+2011, side+out+1990, remember+the+night+1940, spasmo+1974, dungeons++dragons+2000, 355 ms"
"2022-02-08T19:11:22.626439,101473,recommendation request 17645-team17.isri.cmu.edu:8082, status 200, result: gleaming+the+cube+1989, melody+time+1948, rio+bravo+1959, the+snowman+1982, cazuza+time+doesnt+stop+2004, p.s.+2004, dont+move+2004, walle+2008, the+other+side+of+the+mountain+1975, maze+2000, nothing+to+lose+1994, behind+the+sun+2001, the+aristocats+1970, big+hero+6+2014, the+brothers+mcmullen+1995, grand+canyon+1991, the+verdict+1982, saludos+amigos+1942, the+brothers+2001, cars+2+2011, 489 ms"
"2022-02-08T19:11:22.626372,13009,recommendation request 17645-team17.isri.cmu.edu:8082, status 200, result: eyewitness+1981, drop+zone+1994, robot+stories+2003, the+conspiracy+2012, last+holiday+2006, street+fighter+the+legend+of+chun-li+2009, p.s.+2004, northfork+2003, a+little+princess+1995, z+1969, chronicle+2012, ice+castles+1978, the+letter+1940, phoenix+1998, the+yakuza+1974, planet+of+the+apes+2001, patriot+games+1992, gravity+2013, another+earth+2011, the+game+1997, 503 ms"
"2022-02-08T19:11:22.641230,210501,recommendation request 17645-team17.isri.cmu.edu:8082, status 200, result: barbershop+2002, desert+blue+1999, sling+blade+1996, p.s.+2004, show+boat+1951, 633+squadron+1964, maze+2000, light+it+up+1999, flashdance+1983, lifeboat+1944, forrest+gump+1994, z+1969, grand+illusion+1937, your+friends++neighbors+1998, another+thin+man+1939, heavens+gate+1980, bachelor+in+paradise+1961, the+letter+1940, love+crazy+1941, a+shock+to+the+system+1990, 476 ms"
"2022-02-08T19:11:22.664221,12694,recommendation request 17645-team17.isri.cmu.edu:8082, status 200, result: american+virgin+2000, shampoo+1975, the+five+senses+1999, barbershop+2002, raging+bull+1980, punchline+1988, detective+story+1951, pitch+black+2000, another+thin+man+1939, private+parts+1972, the+matrix+revolutions+2003, junebug+2005, shes+having+a+baby+1988, some+days+are+better+than+others+2011, the+incredible+hulk+2008, the+brave+one+2007, his+girl+friday+1940, my+one+and+only+2009, jennifer+eight+1992, private+lives+1931, 504 ms"
"2022-02-08T19:11:23.479376,72922,recommendation request 17645-team17.isri.cmu.edu:8082, status 200, result: cry+freedom+1987, the+conspiracy+2012, p.s.+2004, son+of+the+mask+2005, lethal+weapon+3+1992, a+family+thing+1996, fuck+2005, the+island+1980, the+yakuza+1974, topper+1937, cars+2+2011, island+2011, the+matrix+1999, the+women+2008, millions+2005, above+the+law+1988, hook+1991, the+emperors+new+groove+2000, bingo+1991, rumble+fish+1983, 352 ms"
"2022-02-08T19:11:23.475342,221518,recommendation request 17645-team17.isri.cmu.edu:8082, status 200, result: drop+zone+1994, 8+seconds+1994, paths+of+glory+1957, cookie+1989, how+i+won+the+war+1967, lethal+weapon+3+1992, birdy+1984, dick+tracy+1990, paul+2011, johnny+english+2003, apocalypto+2006, the+letter+1940, the+saint+1997, gone+in+sixty+seconds+2000, veronica+guerin+2003, juice+1992, island+2011, days+of+glory+1944, they+made+me+a+criminal+1939, bulletproof+1996, 358 ms"
"2022-02-08T19:11:23.493275,260207,recommendation request 17645-team17.isri.cmu.edu:8082, status 200, result: definitely_+maybe+2008, dreamgirls+2006, true+crime+1996, incognito+1997, dick+tracy+1990, paul+2011, johnny+english+2003, phoenix+1998, the+yakuza+1974, albatross+2011, the+client+1994, people+like+us+2012, millions+2005, dugs+special+mission+2009, ratatouille+2007, down+in+the+delta+1998, they+made+me+a+criminal+1939, bulletproof+1996, romeo+is+bleeding+1993, cars+2006, 337 ms"
"2022-02-08T19:11:24.475891,22632,recommendation request 17645-team17.isri.cmu.edu:8082, status 200, result: the+magician+1958, mickeys+once+upon+a+christmas+1999, dark+city+1950, intersection+1994, 8+seconds+1994, the+dresser+1983, p.s.+2004, frenzy+1972, a+goofy+movie+1995, all+the+mornings+of+the+world+1991, maze+2000, an+amazing+couple+2002, the+aristocats+1970, frozen+2007, lifeboat+1944, z+1969, the+brothers+2001, albatross+2011, the+passion+of+anna+1969, crush+2001, 467 ms"
"2022-02-08T19:11:24.491202,33314,recommendation request 17645-team17.isri.cmu.edu:8082, status 200, result: eyewitness+1981, the+five+senses+1999, the+avengers+1998, intersection+1994, 8+seconds+1994, the+proprietor+1996, the+conspiracy+2012, loving+you+1957, crossroads+2002, identity+2003, pauly+shore+is+dead+2003, flashdance+1983, moving+1988, masterminds+1997, national+lampoons+vacation+1983, planet+of+the+apes+2001, a+patch+of+blue+1965, my+fair+lady+1964, body+double+1984, north+1994, 469 ms"
"2022-02-08T19:11:24.418032,249689,recommendation request 17645-team17.isri.cmu.edu:8082, status 200, result: toys+1992, cry+freedom+1987, king+kong+2005, heart+condition+1990, airport+77+1977, billy+jack+1971, the+last+castle+2001, cq+2001, just+visiting+2001, chances+are+1989, return+of+the+ghostbusters+2007, two+of+a+kind+1983, the+island+1980, multiplicity+1996, the+art+of+travel+2008, kate++leopold+2001, rumble+fish+1983, airport+1975+1974, mannequin+two+on+the+move+1991, avalanche+1978, 412 ms"
"2022-02-08T19:11:24.479885,60978,recommendation request 17645-team17.isri.cmu.edu:8082, status 200, result: drop+zone+1994, the+phantom+1996, hounddog+2007, p.s.+2004, that+was+then...+this+is+now+1985, a+family+thing+1996, gods+not+dead+2014, without+a+paddle+2004, uncommon+valor+1983, star+wars+1977, flight+of+the+intruder+1991, clockwatchers+1997, junebug+2005, changing+lanes+2002, gordy+1995, the+women+2008, north+1994, my+one+and+only+2009, andre+1994, the+program+1993, 449 ms"
"2022-02-08T19:11:24.492110,196854,recommendation request 17645-team17.isri.cmu.edu:8082, status 200, result: cry+freedom+1987, the+avengers+1998, melody+time+1948, p.s.+2004, sling+blade+1996, son+of+the+mask+2005, the+aristocats+1970, incognito+1997, nims+island+2008, forrest+gump+1994, casper+1995, love+story+1970, the+island+1980, saludos+amigos+1942, analyze+that+2002, the+yakuza+1974, topper+1937, gravity+2013, the+mighty+1998, jurassic+park+1993, 477 ms"
"2022-02-08T19:11:25.421345,148361,recommendation request 17645-team17.isri.cmu.edu:8082, status 200, result: the+perfect+score+2004, the+snowman+1982, deep+rising+1998, big+hero+6+2014, masterminds+1997, guilty+as+sin+1993, the+longest+yard+1974, armed+and+dangerous+1986, winnie+the+pooh+2011, 7+seconds+2005, dinoshark+2010, bingo+1991, ratatouille+2007, lassie+2005, underdog+2007, no+mercy+1986, fire+down+below+1997, the+naked+gun+2+the+smell+of+fear+1991, seven+alone+1974, kidnapped+1960, 334 ms"
"2022-02-08T19:11:25.486541,85170,recommendation request 17645-team17.isri.cmu.edu:8082, status 200, result: eyewitness+1981, drop+zone+1994, bill+cosby+himself+1983, the+other+side+of+the+mountain+1975, light+it+up+1999, without+a+paddle+2004, in+the+line+of+fire+1993, father+of+the+bride+1991, cabin+boy+1994, chronicle+2012, dead+reckoning+1947, wake+of+death+2004, malice+1993, marooned+1969, running+scared+1986, the+truman+show+1998, changing+lanes+2002, island+2011, ali+2001, flowers+in+the+attic+1987, 360 ms"
"2022-02-08T19:11:25.522233,76284,recommendation request 17645-team17.isri.cmu.edu:8082, status 200, result: the+parent+trap+1998, cry+freedom+1987, rio+bravo+1959, the+proprietor+1996, think+like+a+man+too+2014, p.s.+2004, snow+dogs+2002, edward+scissorhands+1990, light+it+up+1999, a+time+to+kill+1996, freaky+friday+1976, z+1969, lifeboat+1944, moving+1988, the+verdict+1982, the+yakuza+1974, free+willy+3+the+rescue+1997, the+incredible+hulk+2008, m.+butterfly+1993, fail+safe+2000, 403 ms"
"2022-02-08T19:11:25.522825,209957,recommendation request 17645-team17.isri.cmu.edu:8082, status 200, result: the+five+senses+1999, rollerball+1975, viva+zapata+1952, 8+seconds+1994, the+proprietor+1996, true+crime+1996, an+amazing+couple+2002, the+devils+1971, a+patch+of+blue+1965, the+yakuza+1974, dry+cleaning+1997, gravity+2013, full+speed+1996, fabled+2002, the+game+1997, les+destines+sentimentales+2000, have+rocket_+will+travel+1959, jersey+boys+2014, romeo+and+juliet+1936, quartet+1981, 361 ms"
"2022-02-08T19:11:26.494522,23181,recommendation request 17645-team17.isri.cmu.edu:8082, status 200, result: rollerball+1975, the+last+of+the+mohicans+1992, the+gauntlet+1977, the+proprietor+1996, walle+2008, 633+squadron+1964, this+is+the+end+2013, attack+the+gas+station+1999, casper+1995, one+man+band+2005, the+great+escape+1963, masterminds+1997, planet+of+the+apes+2001, the+yakuza+1974, money+train+1995, touch+of+evil+1958, juice+1992, lifted+2006, hook+1991, dark+passage+1947, 297 ms"
"2022-02-08T19:11:26.498063,239687,recommendation request 17645-team17.isri.cmu.edu:8082, status 200, result: american+virgin+2000, rollerball+1975, rio+bravo+1959, ed+1996, p.s.+2004, light+it+up+1999, code+of+silence+1985, casper+1995, a+shock+to+the+system+1990, phoenix+1998, a+patch+of+blue+1965, jurassic+park+1993, desk+set+1957, out+to+sea+1997, junebug+2005, island+2011, the+hot+spot+1990, romeo+and+juliet+1936, the+unknown+1927, hook+1991, 363 ms"
"2022-02-08T19:11:27.388275,232357,recommendation request 17645-team17.isri.cmu.edu:8082, status 200, result: the+gruffalo+2009, nine+lives+2005, walle+2008, the+other+side+of+the+mountain+1975, that+was+then...+this+is+now+1985, lethal+weapon+3+1992, the+mother+2003, the+tigger+movie+2000, burlesque+2010, one+man+band+2005, company+man+2000, away+from+her+2006, on+deadly+ground+1994, an+education+2009, conan+the+barbarian+1982, lifted+2006, the+king+2005, dugs+special+mission+2009, iron+will+1994, ratatouille+2007, 370 ms"
"2022-02-08T19:11:27.471666,11743,recommendation request 17645-team17.isri.cmu.edu:8082, status 200, result: eyewitness+1981, rollerball+1975, 8+seconds+1994, sniper+2+2002, p.s.+2004, barbarosa+1982, without+a+paddle+2004, detective+story+1951, haywire+2011, gumby+the+movie+1995, the+brood+1979, 9+2005, planet+of+the+apes+2001, shivers+1975, hackers+1995, lifted+2006, above+the+law+1988, bloodsport+ii+1996, dinoshark+2010, today+you+die+2005, 449 ms"
"2022-02-08T19:11:27.471233,55286,recommendation request 17645-team17.isri.cmu.edu:8082, status 200, result: drop+zone+1994, nothing+but+trouble+1991, cry+freedom+1987, rollerball+1975, barbershop+2002, frenzy+1972, true+crime+1996, how+i+won+the+war+1967, streets+of+fire+1984, brimstone++treacle+1982, barbarosa+1982, incognito+1997, without+a+paddle+2004, dead+of+night+1945, another+thin+man+1939, wake+of+death+2004, company+man+2000, planet+of+the+apes+2001, junebug+2005, changing+lanes+2002, 464 ms"
"2022-02-08T19:11:27.478466,23789,recommendation request 17645-team17.isri.cmu.edu:8082, status 200, result: eyewitness+1981, the+proprietor+1996, the+conspiracy+2012, childs+play+3+1991, the+brother+from+another+planet+1984, p.s.+2004, courage+under+fire+1996, altered+2006, light+it+up+1999, northfork+2003, pitch+black+2000, psycho+1998, the+island+1980, guilty+as+sin+1993, jaws+3-d+1983, marooned+1969, wargames+1983, the+serpent+and+the+rainbow+1988, have+rocket_+will+travel+1959, m.+butterfly+1993, 455 ms"
"2022-02-08T19:11:28.422967,201172,recommendation request 17645-team17.isri.cmu.edu:8082, status 200, result: eyewitness+1981, cry+freedom+1987, nothing+but+trouble+1991, dark+city+1950, the+house+of+yes+1997, p.s.+2004, a+goofy+movie+1995, courage+under+fire+1996, the+other+side+of+the+mountain+1975, maze+2000, the+beverly+hillbillies+1993, malice+1993, the+mighty+1998, white+palace+1990, crush+2001, the+fury+1978, made+of+honor+2008, the+emperors+new+groove+2000, ruby++quentin+2003, spasmo+1974, 374 ms"
"2022-02-08T19:11:28.427976,175089,recommendation request 17645-team17.isri.cmu.edu:8082, status 200, result: the+cat+in+the+hat+2003, the+five+senses+1999, forbidden+zone+1980, the+avengers+1998, ed+1996, 8+seconds+1994, the+proprietor+1996, the+snowman+1982, missing+1982, p.s.+2004, the+warriors+way+2010, mystery_+alaska+1999, spirit+stallion+of+the+cimarron+2002, cabin+boy+1994, casper+1995, moving+1988, one+eight+seven+1997, guilty+as+sin+1993, national+lampoons+vacation+1983, how+the+grinch+stole+christmas+2000, 385 ms"
"2022-02-08T19:11:29.460143,220087,recommendation request 17645-team17.isri.cmu.edu:8082, status 200, result: cry+freedom+1987, and+now...+ladies+and+gentlemen...+2002, man+of+the+year+2006, loving+you+1957, the+other+side+of+the+mountain+1975, z+1969, lifeboat+1944, dick+tracy+1990, the+woman+2011, apocalypto+2006, the+great+escape+1963, the+saint+1997, gone+in+sixty+seconds+2000, still+bill+2010, white+palace+1990, bottle+rocket+1996, mobsters+1991, ali+2001, bridesmaids+2011, the+idolmaker+1980, 388 ms"
"2022-02-08T19:11:29.489372,72165,recommendation request 17645-team17.isri.cmu.edu:8082, status 200, result: north+by+northwest+1959, cry+freedom+1987, picture+perfect+1997, red+dawn+1984, johnny+english+2003, hot+tub+time+machine+2010, the+island+1980, 9+2005, stonewall+1995, the+truman+show+1998, mobsters+1991, return+to+horror+high+1987, remember+the+night+1940, dark+passage+1947, dinoshark+2010, rumble+fish+1983, airport+1975+1974, gung+ho+1986, snakes+on+a+plane+2006, steamboy+2004, 410 ms"
"2022-02-08T19:11:29.533547,230243,recommendation request 17645-team17.isri.cmu.edu:8082, status 200, result: dead+of+winter+1987, drop+zone+1994, rollerball+1975, mickeys+once+upon+a+christmas+1999, the+house+of+yes+1997, raging+bull+1980, a+time+to+kill+1996, without+a+paddle+2004, detective+story+1951, a+family+thing+1996, chicken+run+2000, wake+of+death+2004, planet+of+the+apes+2001, working+girl+1988, the+mighty+1998, desk+set+1957, out+to+sea+1997, changing+lanes+2002, the+brave+one+2007, hopscotch+1980, 428 ms"
"2022-02-08T19:11:29.538356,72484,recommendation request 17645-team17.isri.cmu.edu:8082, status 200, result: rollerball+1975, top+secret+1984, barbershop+2002, ed+1996, the+snowman+1982, the+warriors+way+2010, the+addams+family+1991, spirit+stallion+of+the+cimarron+2002, flashdance+1983, bellflower+2011, a+little+princess+1995, forrest+gump+1994, casper+1995, another+thin+man+1939, planet+of+the+apes+2001, another+earth+2011, beyond+the+sea+2004, jurassic+park+1993, shes+having+a+baby+1988, winnie+the+pooh+2011, 433 ms"
"2022-02-08T19:11:30.480493,307285,recommendation request 17645-team17.isri.cmu.edu:8082, status 200, result: into+eternity+2010, commandments+1997, crazy+on+the+outside+2010, the+pompatus+of+love+1996, fuck+2005, emma+2009, catwalk+1995, love+affair+1994, club+paradise+1986, lake+of+fire+2006, dedication+2007, 56+up+2012, crush+2001, dive+2010, i.o.u.s.a.+2008, we+were+here+2011, romance+2012, swing+shift+1984, arthur+2011, earthlings+2005, 386 ms"
"2022-02-08T19:11:30.524227,106178,recommendation request 17645-team17.isri.cmu.edu:8082, status 200, result: north+by+northwest+1959, rollerball+1975, ed+1996, star+wars+episode+iii+-+revenge+of+the+sith+2005, rambo+first+blood+part+ii+1985, the+mummys+curse+1944, casper+1995, excision+2012, the+letter+1940, planet+of+the+apes+2001, jurassic+park+1993, millions+2005, hook+1991, dinoshark+2010, today+you+die+2005, spasmo+1974, patton+1970, melvin+and+howard+1980, back+to+the+future+part+ii+1989, the+hand+1981, 476 ms"
"2022-02-08T19:11:30.532981,119760,recommendation request 17645-team17.isri.cmu.edu:8082, status 200, result: drop+zone+1994, barbershop+2002, the+proprietor+1996, the+brother+from+another+planet+1984, a+goofy+movie+1995, p.s.+2004, maze+2000, detective+story+1951, dick+tracy+1990, paul+2011, johnny+english+2003, another+thin+man+1939, private+parts+1972, the+saint+1997, marooned+1969, the+comancheros+1961, juice+1992, crush+2001, ali+2001, burnt+offerings+1976, 422 ms"
"2022-02-08T19:11:30.545890,242534,recommendation request 17645-team17.isri.cmu.edu:8082, status 200, result: shampoo+1975, eyewitness+1981, white+men+cant+jump+1992, frenzy+1972, true+crime+1996, parking+2008, maze+2000, frankenstein+meets+the+wolf+man+1943, chronicle+2012, the+beverly+hillbillies+1993, the+yakuza+1974, gravity+2013, changing+lanes+2002, the+game+1997, warriors+of+heaven+and+earth+2003, crush+2001, island+2011, juice+1992, spasmo+1974, blackrock+1997, 476 ms"
"2022-02-08T19:11:30.547491,17373,recommendation request 17645-team17.isri.cmu.edu:8082, status 200, result: eyewitness+1981, cry+freedom+1987, the+snowman+1982, frenzy+1972, big+hero+6+2014, detective+story+1951, critters+1986, back+to+school+1986, desk+set+1957, out+to+sea+1997, class+1983, hopscotch+1980, bingo+1991, jennifer+eight+1992, easy+money+1983, today+you+die+2005, phat+beach+1996, underdog+2007, the+allnighter+1987, unfaithfully+yours+1984, 482 ms"
"2022-02-08T19:11:32.376520,57019,recommendation request 17645-team17.isri.cmu.edu:8082, status 200, result: p.s.+2004, maze+2000, detective+story+1951, dick+tracy+1990, beyond+2010, apocalypto+2006, phoenix+1998, the+saint+1997, 9+2005, the+brothers+2001, gone+in+sixty+seconds+2000, the+pornographers+1966, jurassic+park+1993, island+2011, crush+2001, trigun+badlands+rumble+2010, a+royal+affair+2012, untitled+2009, jennifer+eight+1992, spasmo+1974, 357 ms"
"2022-02-08T19:11:32.365178,7508,recommendation request 17645-team17.isri.cmu.edu:8082, status 200, result: samurai+fiction+1998, n+1998, curdled+1996, 8+seconds+1994, the+proprietor+1996, book+of+shadows+blair+witch+2+2000, the+next+three+days+2010, brimstone++treacle+1982, the+lost+weekend+1945, lifeboat+1944, the+virgin+suicides+1999, wanted+2009, gonin+1995, phoenix+1998, sanjuro+1962, albatross+2011, the+hitch-hiker+1953, island+2011, mobsters+1991, a+taxing+woman+1987, 353 ms"
"2022-02-08T19:11:32.392457,89468,recommendation request 17645-team17.isri.cmu.edu:8082, status 200, result: curdled+1996, six+pack+1982, p.s.+2004, son+of+the+mask+2005, courage+under+fire+1996, rambo+first+blood+part+ii+1985, a+family+thing+1996, harry+and+tonto+1974, topper+1937, winnie+the+pooh+2011, the+hitch-hiker+1953, island+2011, mobsters+1991, the+women+2008, today+you+die+2005, ratatouille+2007, patton+1970, no+mercy+1986, fire+down+below+1997, beyond+the+poseidon+adventure+1979, 357 ms"
"2022-02-08T19:11:33.344358,180504,recommendation request 17645-team17.isri.cmu.edu:8082, status 200, result: eyewitness+1981, curdled+1996, cry+freedom+1987, major+league+ii+1994, moving+1988, the+letter+1940, guilty+as+sin+1993, modesty+blaise+1966, the+hitch-hiker+1953, mobsters+1991, hopscotch+1980, today+you+die+2005, rushmore+1998, hot+to+trot+1988, fire+down+below+1997, beyond+the+poseidon+adventure+1979, l.i.e.+2001, ali+g+indahouse+2002, frostnixon+2008, the+river+1984, 251 ms"
"2022-02-08T19:11:33.503215,269543,recommendation request 17645-team17.isri.cmu.edu:8082, status 200, result: mary+poppins+1964, p.s.+2004, red+dawn+1984, son+of+the+mask+2005, courage+under+fire+1996, warriors+2002, maze+2000, the+addams+family+1991, freaky+friday+1976, even+the+rain+2010, holy+motors+2012, topper+1937, the+brothers+2001, winnie+the+pooh+2011, shes+having+a+baby+1988, island+2011, the+living+daylights+1987, crush+2001, the+women+2008, above+the+law+1988, 331 ms"
"2022-02-08T19:11:33.496578,200770,recommendation request 17645-team17.isri.cmu.edu:8082, status 200, result: sullivans+travels+1941, eyewitness+1981, oh_+god+1977, punchline+1988, ed+1996, city+slickers+1991, last+holiday+2006, think+like+a+man+too+2014, p.s.+2004, missing+1982, the+golden+voyage+of+sinbad+1973, mystery_+alaska+1999, barbarosa+1982, without+a+paddle+2004, nims+island+2008, bad+girls+1994, moving+1988, one+eight+seven+1997, guilty+as+sin+1993, the+island+1980, 346 ms"
"2022-02-08T19:11:34.496010,55131,recommendation request 17645-team17.isri.cmu.edu:8082, status 200, result: black+beauty+1994, mickeys+once+upon+a+christmas+1999, rollerball+1975, p.s.+2004, a+goofy+movie+1995, the+other+side+of+the+mountain+1975, the+dance+of+reality+2013, the+aristocats+1970, flashdance+1983, a+little+princess+1995, forrest+gump+1994, nims+island+2008, casper+1995, the+island+1980, harem+1985, jurassic+park+1993, shes+having+a+baby+1988, hook+1991, made+of+honor+2008, the+emperors+new+groove+2000, 430 ms"
"2022-02-08T19:11:34.529960,79118,recommendation request 17645-team17.isri.cmu.edu:8082, status 200, result: ed+1996, the+conspiracy+2012, missing+1982, mystery_+alaska+1999, courage+under+fire+1996, edward+scissorhands+1990, without+a+paddle+2004, casper+1995, big+trouble+2002, the+verdict+1982, one+eight+seven+1997, guilty+as+sin+1993, macabre+1958, the+matrix+revolutions+2003, jurassic+park+1993, warriors+of+heaven+and+earth+2003, island+2011, the+brave+one+2007, the+nuns+story+1959, hook+1991, 450 ms"
"2022-02-08T19:11:34.516974,209139,recommendation request 17645-team17.isri.cmu.edu:8082, status 200, result: cry+freedom+1987, ed+1996, the+red+shoes+1948, 8+seconds+1994, true+crime+1996, the+dance+of+reality+2013, pitch+black+2000, casper+1995, the+island+1980, the+yakuza+1974, lady+chatterley+2006, a+man+and+a+woman+1966, full+speed+1996, on+deadly+ground+1994, jurassic+park+1993, the+juror+1996, fail+safe+2000, hook+1991, rumble+fish+1983, airport+1975+1974, 487 ms"
"2022-02-08T19:11:34.530019,14032,recommendation request 17645-team17.isri.cmu.edu:8082, status 200, result: the+cat+in+the+hat+2003, rollerball+1975, about+last+night...+1986, six+pack+1982, the+house+of+yes+1997, ed+1996, p.s.+2004, the+other+side+of+the+mountain+1975, maze+2000, a+family+thing+1996, casper+1995, the+beverly+hillbillies+1993, babe+pig+in+the+city+1998, harry+and+tonto+1974, planet+of+the+apes+2001, how+the+grinch+stole+christmas+2000, the+mighty+1998, junebug+2005, an+education+2009, rat+2001, 472 ms"
"2022-02-08T19:11:35.400090,296362,recommendation request 17645-team17.isri.cmu.edu:8082, status 200, result: cry+freedom+1987, drop+zone+1994, rollerball+1975, a+goofy+movie+1995, courage+under+fire+1996, a+christmas+carol+2009, without+a+paddle+2004, forrest+gump+1994, love+story+1970, phoenix+1998, wake+of+death+2004, planet+of+the+apes+2001, patriot+games+1992, changing+lanes+2002, shes+having+a+baby+1988, juice+1992, island+2011, breakdown+1997, hopscotch+1980, the+fan+1981, 316 ms"
"2022-02-08T19:11:35.468116,53594,recommendation request 17645-team17.isri.cmu.edu:8082, status 200, result: curdled+1996, the+five+senses+1999, dark+alibi+1946, family+plot+1976, frenzy+1972, p.s.+2004, masterminds+1997, company+man+2000, topper+1937, fabled+2002, planet+of+the+apes+2001, 9+2005, wargames+1983, island+2011, trigun+badlands+rumble+2010, have+rocket_+will+travel+1959, above+the+law+1988, hopscotch+1980, they+made+me+a+criminal+1939, indestructible+man+1956, 361 ms"
"2022-02-08T19:11:35.408442,177889,recommendation request 17645-team17.isri.cmu.edu:8082, status 200, result: american+virgin+2000, dead+of+winter+1987, bill+cosby+himself+1983, barbershop+2002, the+conspiracy+2012, childs+play+3+1991, p.s.+2004, maze+2000, lethal+weapon+3+1992, gods+not+dead+2014, psycho+1998, another+thin+man+1939, the+poughkeepsie+tapes+2007, the+brothers+2001, jaws+3-d+1983, the+serpent+and+the+rainbow+1988, crush+2001, conan+the+barbarian+1982, heartbreakers+2001, beyond+therapy+1987, 320 ms"
"2022-02-08T19:11:36.543349,13439,recommendation request 17645-team17.isri.cmu.edu:8082, status 200, result: black+beauty+1994, bill+cosby+himself+1983, forbidden+zone+1980, about+last+night...+1986, the+house+of+yes+1997, the+proprietor+1996, notting+hill+1999, p.s.+2004, i+like+it+like+that+1994, the+brother+from+another+planet+1984, sling+blade+1996, parking+2008, maze+2000, a+little+princess+1995, dick+tracy+1990, paul+2011, johnny+english+2003, de+dominee+2004, the+brothers+2001, topper+1937, 521 ms"
"2022-02-08T19:11:36.652417,100722,recommendation request 17645-team17.isri.cmu.edu:8082, status 200, result: drop+zone+1994, rollerball+1975, top+secret+1984, melody+time+1948, the+snowman+1982, p.s.+2004, little+secrets+2001, one+little+indian+1973, the+addams+family+1991, the+aristocats+1970, freaky+friday+1976, pitch+black+2000, casper+1995, jurassic+park+1993, time+bandits+1981, hook+1991, made+of+honor+2008, ruby++quentin+2003, the+gnome-mobile+1967, d.a.r.y.l.+1985, 620 ms"
"2022-02-08T19:11:36.679062,216187,recommendation request 17645-team17.isri.cmu.edu:8082, status 200, result: eyewitness+1981, the+parent+trap+1998, mary+poppins+1964, ed+1996, a+goofy+movie+1995, the+country+bears+2002, snow+dogs+2002, maze+2000, freaky+friday+1976, a+little+princess+1995, dont+say+a+word+2001, casper+1995, where+the+heart+is+2000, were+back+a+dinosaurs+story+1993, jurassic+park+1993, waiting+to+exhale+1995, crush+2001, hook+1991, the+emperors+new+groove+2000, today+you+die+2005, 627 ms"
"2022-02-08T19:11:36.374927,44860,recommendation request 17645-team17.isri.cmu.edu:8082, status 200, result: north+by+northwest+1959, down+periscope+1996, rhinestone+1984, crush+1992, crisscross+1992, never+again+2002, the+last+minute+2001, the+kiss+1988, the+yakuza+1974, blow-up+1966, only+you+1994, for+keeps+1988, desk+set+1957, out+to+sea+1997, cherrybomb+2009, island+2011, body+of+evidence+1993, in+hell+2003, get+over+it+2001, above+the+law+1988, 351 ms"
"2022-02-08T19:11:36.636115,141199,recommendation request 17645-team17.isri.cmu.edu:8082, status 200, result: the+perfect+score+2004, rollerball+1975, arranged+2007, bon+cop+bad+cop+2006, the+last+of+the+mohicans+1992, star+wars+episode+iii+-+revenge+of+the+sith+2005, ironweed+1987, true+crime+1996, light+it+up+1999, incognito+1997, bean+1997, moving+1988, the+verdict+1982, the+letter+1940, phoenix+1998, guilty+as+sin+1993, planet+of+the+apes+2001, free+willy+3+the+rescue+1997, a+knights+tale+2001, 7+seconds+2005, 592 ms"
"2022-02-08T19:11:36.666501,73292,recommendation request 17645-team17.isri.cmu.edu:8082, status 200, result: eyewitness+1981, the+red+shoes+1948, 8+seconds+1994, true+crime+1996, normal+life+1996, incognito+1997, the+hound+of+the+baskervilles+1978, vision+quest+1985, a+little+princess+1995, a+shock+to+the+system+1990, the+witches+of+eastwick+1987, masterminds+1997, phoenix+1998, malice+1993, lady+chatterley+2006, a+man+and+a+woman+1966, full+speed+1996, junebug+2005, mobsters+1991, 7+seconds+2005, 583 ms"
"2022-02-08T19:11:37.435420,104921,recommendation request 17645-team17.isri.cmu.edu:8082, status 200, result: the+perfect+score+2004, the+cat+in+the+hat+2003, drop+zone+1994, rollerball+1975, ed+1996, star+wars+episode+iii+-+revenge+of+the+sith+2005, gumby+the+movie+1995, casper+1995, c.h.o.m.p.s.+1979, the+brood+1979, the+saint+1997, planet+of+the+apes+2001, 9+2005, shivers+1975, the+yakuza+1974, gravity+2013, the+longest+yard+1974, how+the+grinch+stole+christmas+2000, changing+lanes+2002, the+game+1997, 338 ms"
"2022-02-08T19:11:37.444224,182270,recommendation request 17645-team17.isri.cmu.edu:8082, status 200, result: american+virgin+2000, red+dawn+1984, brimstone++treacle+1982, the+woman+2011, 42nd+street+1933, on+moonlight+bay+1951, dick+tracy+1990, moving+1988, apocalypto+2006, working+girl+1988, bottle+rocket+1996, ali+2001, the+fury+1978, the+fan+1981, dinoshark+2010, eating+raoul+1982, an+american+werewolf+in+paris+1997, apartment+zero+1988, baghead+2008, snakes+on+a+plane+2006, 349 ms"
"2022-02-08T19:11:37.716123,21833,recommendation request 17645-team17.isri.cmu.edu:8082, status 200, result: arranged+2007, mary+poppins+1964, the+addams+family+1991, code+of+silence+1985, vision+quest+1985, freaky+friday+1976, a+little+princess+1995, in+the+line+of+fire+1993, a+shock+to+the+system+1990, the+witches+of+eastwick+1987, phoenix+1998, dead+reckoning+1947, shes+having+a+baby+1988, the+hot+spot+1990, 10th++wolf+2006, breaking+news+2004, chicken+little+2005, patton+1970, tumbleweeds+1999, fire+down+below+1997, 614 ms"
"2022-02-08T19:11:37.722921,234170,recommendation request 17645-team17.isri.cmu.edu:8082, status 200, result: gleaming+the+cube+1989, the+nest+2002, what+doesnt+kill+you+2008, angst+1983, sleepers+1996, melody+time+1948, the+gauntlet+1977, 8+seconds+1994, the+other+side+of+the+mountain+1975, parker+2013, a+time+to+kill+1996, the+aristocats+1970, northfork+2003, johnny+english+2003, grand+canyon+1991, the+verdict+1982, saludos+amigos+1942, the+yakuza+1974, albatross+2011, another+earth+2011, 619 ms"
"2022-02-08T19:11:37.735228,229234,recommendation request 17645-team17.isri.cmu.edu:8082, status 200, result: the+perfect+score+2004, curdled+1996, drop+zone+1994, rollerball+1975, bon+cop+bad+cop+2006, punchline+1988, city+slickers+1991, p.s.+2004, red+dawn+1984, barbarosa+1982, maze+2000, without+a+paddle+2004, bad+girls+1994, wake+of+death+2004, planet+of+the+apes+2001, the+brothers+2001, changing+lanes+2002, shes+having+a+baby+1988, geronimo+an+american+legend+1993, crush+2001, 633 ms"
"2022-02-08T19:11:37.824731,199685,recommendation request 17645-team17.isri.cmu.edu:8082, status 200, result: rollerball+1975, six+pack+1982, lockout+2012, p.s.+2004, a+goofy+movie+1995, son+of+the+mask+2005, courage+under+fire+1996, a+family+thing+1996, freaky+friday+1976, a+little+princess+1995, haywire+2011, harry+and+tonto+1974, love+story+1970, planet+of+the+apes+2001, topper+1937, shes+having+a+baby+1988, island+2011, the+incredible+hulk+2008, the+women+2008, hook+1991, 701 ms"
"2022-02-08T19:11:37.826261,156156,recommendation request 17645-team17.isri.cmu.edu:8082, status 200, result: dead+of+winter+1987, werewolves+on+wheels+1971, p.s.+2004, strait-jacket+1964, brimstone++treacle+1982, pretty+baby+1978, nine+queens+2000, lifeboat+1944, one+eight+seven+1997, private+parts+1972, the+poughkeepsie+tapes+2007, the+reader+2008, desk+set+1957, shes+having+a+baby+1988, out+to+sea+1997, juice+1992, the+fan+1981, taking+chance+2009, jennifer+eight+1992, patton+1970, 706 ms"
"2022-02-08T19:11:38.403746,13873,recommendation request 17645-team17.isri.cmu.edu:8082, status 200, result: remember+me+2010, curdled+1996, man+of+the+year+2006, my+man+godfrey+1957, ed+1996, p.s.+2004, frenzy+1972, maze+2000, the+andromeda+strain+1971, incognito+1997, fuck+2005, psycho+1998, moving+1988, the+letter+1940, the+brothers+2001, going+the+distance+2010, crush+2001, m.+butterfly+1993, bridesmaids+2011, the+women+2008, 352 ms"
"2022-02-08T19:11:38.488685,270790,recommendation request 17645-team17.isri.cmu.edu:8082, status 200, result: dead+of+winter+1987, the+five+senses+1999, rollerball+1975, the+gauntlet+1977, 8+seconds+1994, the+proprietor+1996, american+ninja+1985, p.s.+2004, loving+you+1957, the+other+side+of+the+mountain+1975, detective+story+1951, the+godfather+part+iii+1990, inception+2010, steel+1997, dead+reckoning+1947, the+poughkeepsie+tapes+2007, junebug+2005, a+place+in+the+sun+1951, blood+and+sand+1989, my+one+and+only+2009, 411 ms"
"2022-02-08T19:11:39.313676,263593,recommendation request 17645-team17.isri.cmu.edu:8082, status 200, result: drop+zone+1994, rollerball+1975, switchback+1997, the+five+senses+1999, raging+bull+1980, rain+man+1988, frenzy+1972, thank+you+for+smoking+2005, normal+life+1996, a+family+thing+1996, forrest+gump+1994, steel+1997, the+saint+1997, painted+fire+2002, junebug+2005, changing+lanes+2002, shes+having+a+baby+1988, murphys+romance+1985, island+2011, juno+2007, 240 ms"
"2022-02-08T19:11:39.275972,104873,recommendation request 17645-team17.isri.cmu.edu:8082, status 200, result: cry+freedom+1987, six+pack+1982, the+house+of+yes+1997, courage+under+fire+1996, the+other+side+of+the+mountain+1975, code+of+silence+1985, a+family+thing+1996, father+of+the+bride+1991, cabin+boy+1994, ice+castles+1978, harry+and+tonto+1974, dead+reckoning+1947, phoenix+1998, the+mighty+1998, island+2011, from+here+to+eternity+1953, ali+2001, the+hot+spot+1990, the+loves+of+carmen+1948, get+real+1998, 267 ms"
"2022-02-08T19:11:39.325888,95040,recommendation request 17645-team17.isri.cmu.edu:8082, status 200, result: rollerball+1975, bridget+joness+diary+2001, definitely_+maybe+2008, the+snowman+1982, the+sky+crawlers+2008, the+letter+1940, the+matrix+revolutions+2003, white+palace+1990, island+2011, the+brave+one+2007, atonement+2007, spasmo+1974, dungeons++dragons+2000, s.+darko+2009, edge+of+tomorrow+2014, captain+america+the+winter+soldier+2014, p2+2007, the+invincible+iron+man+2007, sleuth+1972, bait+2000, 252 ms"
"2022-02-08T19:11:40.180913,273221,recommendation request 17645-team17.isri.cmu.edu:8082, status 200, result: gleaming+the+cube+1989, the+cat+in+the+hat+2003, ed+1996, cazuza+time+doesnt+stop+2004, p.s.+2004, missing+1982, mystery_+alaska+1999, nothing+to+lose+1994, maze+2000, behind+the+sun+2001, strait-jacket+1964, vision+quest+1985, brimstone++treacle+1982, pretty+baby+1978, casper+1995, grand+canyon+1991, the+verdict+1982, one+eight+seven+1997, guilty+as+sin+1993, the+letter+1940, 171 ms"
"2022-02-08T19:11:40.415552,198013,recommendation request 17645-team17.isri.cmu.edu:8082, status 200, result: cry+freedom+1987, p.s.+2004, courage+under+fire+1996, the+other+side+of+the+mountain+1975, detective+story+1951, nims+island+2008, the+island+1980, guilty+as+sin+1993, bad+company+1972, white+palace+1990, junebug+2005, touch+of+evil+1958, juice+1992, island+2011, from+here+to+eternity+1953, ali+2001, the+nuns+story+1959, hook+1991, taking+chance+2009, lilians+story+1996, 393 ms"
"2022-02-08T19:11:40.387294,117300,recommendation request 17645-team17.isri.cmu.edu:8082, status 200, result: eyewitness+1981, rollerball+1975, robot+stories+2003, capricorn+one+1977, star+wars+episode+iii+-+revenge+of+the+sith+2005, p.s.+2004, frenzy+1972, in+the+line+of+fire+1993, northfork+2003, chronicle+2012, the+beverly+hillbillies+1993, paparazzi+2004, dead+reckoning+1947, planet+of+the+apes+2001, malice+1993, running+scared+1986, desk+set+1957, changing+lanes+2002, island+2011, last+night+1998, 335 ms"
"2022-02-08T19:11:40.416528,142574,recommendation request 17645-team17.isri.cmu.edu:8082, status 200, result: robocop+1987, the+new+age+1994, white+heat+1949, key+largo+1948, 8mm+1999, blue+thunder+1983, a+time+to+kill+1996, the+pumaman+1980, gamer+2009, a+perfect+world+1993, no+mans+land+1987, the+yakuza+1974, bio+slime+2010, the+client+1994, breakout+1975, the+silencers+1966, hangar+18+1980, the+roaring+twenties+1939, elsewhere+2009, they+drive+by+night+1940, 392 ms"
"2022-02-08T19:11:41.392146,169938,recommendation request 17645-team17.isri.cmu.edu:8082, status 200, result: rollerball+1975, forbidden+zone+1980, six+pack+1982, the+house+of+yes+1997, star+wars+episode+iii+-+revenge+of+the+sith+2005, p.s.+2004, the+lucky+ones+2008, courage+under+fire+1996, mystery_+alaska+1999, maze+2000, lethal+weapon+3+1992, a+family+thing+1996, birdy+1984, dick+tracy+1990, harry+and+tonto+1974, the+island+1980, planet+of+the+apes+2001, a+man+and+a+woman+1966, the+mighty+1998, jurassic+park+1993, 288 ms"
"2022-02-08T19:11:41.459958,262720,recommendation request 17645-team17.isri.cmu.edu:8082, status 200, result: eyewitness+1981, red+dawn+1984, normal+life+1996, fuck+2005, in+the+line+of+fire+1993, ice+castles+1978, harem+1985, patriot+games+1992, albatross+2011, junebug+2005, changing+lanes+2002, juice+1992, the+living+daylights+1987, from+here+to+eternity+1953, outrage+2009, above+the+law+1988, hopscotch+1980, my+one+and+only+2009, today+you+die+2005, down+in+the+delta+1998, 358 ms"
"2022-02-08T19:11:41.488876,295176,recommendation request 17645-team17.isri.cmu.edu:8082, status 200, result: punchline+1988, p.s.+2004, scorpio+1973, mackennas+gold+1969, maze+2000, birdy+1984, pompeii+2014, paparazzi+2004, the+brothers+2001, the+matrix+revolutions+2003, from+dusk+till+dawn+1996, crush+2001, the+brave+one+2007, return+to+the+blue+lagoon+1991, ali+2001, above+the+law+1988, his+girl+friday+1940, 7+seconds+2005, untitled+2009, sucker+punch+2011, 378 ms"
"2022-02-08T19:11:42.514513,170195,recommendation request 17645-team17.isri.cmu.edu:8082, status 200, result: rio+bravo+1959, the+longest+day+1962, lockout+2012, missing+1982, frenzy+1972, p.s.+2004, mystery_+alaska+1999, barbarosa+1982, maze+2000, lifeboat+1944, inception+2010, grand+illusion+1937, sex+and+the+city+2008, haywire+2011, one+eight+seven+1997, guilty+as+sin+1993, the+brothers+2001, beyond+the+sea+2004, bottle+rocket+1996, in+harms+way+1965, 460 ms"
"2022-02-08T19:11:42.525345,195282,recommendation request 17645-team17.isri.cmu.edu:8082, status 200, result: helen+of+troy+1956, the+last+of+the+mohicans+1992, p.s.+2004, maze+2000, never+again+2002, the+naked+prey+1965, uncommon+valor+1983, emma+2009, a+pyromaniacs+love+story+1995, patriot+games+1992, the+brothers+2001, condition+red+1995, only+you+1994, flight+of+the+intruder+1991, dedication+2007, before+sunrise+1995, crush+2001, double+take+2001, murphys+romance+1985, juice+1992, 470 ms"
"2022-02-08T19:11:42.540069,84508,recommendation request 17645-team17.isri.cmu.edu:8082, status 200, result: n+1998, rollerball+1975, six+pack+1982, the+house+of+yes+1997, ed+1996, p.s.+2004, an+amazing+couple+2002, maze+2000, edward+scissorhands+1990, barbarosa+1982, the+wash+2001, casper+1995, the+brothers+2001, the+mighty+1998, jurassic+park+1993, beyond+the+sea+2004, battle+for+terra+2007, les+destines+sentimentales+2000, crush+2001, from+here+to+eternity+1953, 484 ms"
"2022-02-08T19:11:43.432666,47226,recommendation request 17645-team17.isri.cmu.edu:8082, status 200, result: suburban+commando+1991, the+boy+who+could+fly+1986, 8+seconds+1994, dont+move+2004, the+other+side+of+the+mountain+1975, a+christmas+carol+2009, fuck+2005, in+the+line+of+fire+1993, northfork+2003, gumby+the+movie+1995, cadillac+man+1990, dead+reckoning+1947, malice+1993, sweet+nothing+1995, serial+bad+weddings+2014, the+women+2008, side+out+1990, north+1994, the+big+one+1997, above+the+law+1988, 367 ms"
"2022-02-08T19:11:43.443304,227493,recommendation request 17645-team17.isri.cmu.edu:8082, status 200, result: the+glimmer+man+1996, eyewitness+1981, curdled+1996, cry+freedom+1987, punchline+1988, city+slickers+1991, red+dawn+1984, under+siege+1992, barbarosa+1982, a+time+to+kill+1996, vision+quest+1985, a+little+princess+1995, birdy+1984, bad+girls+1994, the+witches+of+eastwick+1987, dead+reckoning+1947, harem+1985, on+deadly+ground+1994, the+hitch-hiker+1953, geronimo+an+american+legend+1993, 340 ms"
"2022-02-08T19:11:44.480015,135885,recommendation request 17645-team17.isri.cmu.edu:8082, status 200, result: sullivans+travels+1941, intersection+1994, the+snowman+1982, last+holiday+2006, p.s.+2004, loving+you+1957, son+of+the+mask+2005, true+crime+1996, maze+2000, without+a+paddle+2004, the+hound+of+the+baskervilles+1978, cabin+boy+1994, phoenix+1998, topper+1937, serial+1980, juice+1992, crush+2001, the+hot+spot+1990, island+2011, the+women+2008, 376 ms"
"2022-02-08T19:11:44.505480,164207,recommendation request 17645-team17.isri.cmu.edu:8082, status 200, result: eyewitness+1981, coldblooded+1995, dreamgirls+2006, intersection+1994, p.s.+2004, loving+you+1957, son+of+the+mask+2005, courage+under+fire+1996, bellflower+2011, dumb+and+dumber+to+2014, topper+1937, shes+having+a+baby+1988, the+women+2008, the+fury+1978, a+place+in+the+sun+1951, dugs+special+mission+2009, ratatouille+2007, spasmo+1974, hall+pass+2011, patton+1970, 399 ms"
"2022-02-08T19:11:44.514820,201244,recommendation request 17645-team17.isri.cmu.edu:8082, status 200, result: the+perfect+score+2004, barbershop+2002, how+i+won+the+war+1967, walle+2008, big+hero+6+2014, barbarosa+1982, analyze+this+1999, the+beverly+hillbillies+1993, another+thin+man+1939, moving+1988, cars+2+2011, beyond+the+sea+2004, the+longest+yard+1974, dugs+special+mission+2009, bingo+1991, ratatouille+2007, little+murders+1971, underdog+2007, cars+2006, the+naked+gun+2+the+smell+of+fear+1991, 407 ms"
"2022-02-08T19:11:44.528174,240613,recommendation request 17645-team17.isri.cmu.edu:8082, status 200, result: intersection+1994, p.s.+2004, cookie+1989, loving+you+1957, maze+2000, dick+tracy+1990, curse+of+the+pink+panther+1983, in+too+deep+1999, the+last+house+on+the+left+2009, the+brothers+2001, still+bill+2010, serial+1980, crush+2001, breathless+1983, leprechaun+2+1994, the+fan+1981, a+place+in+the+sun+1951, dinoshark+2010, untitled+2009, eating+raoul+1982, 417 ms"
"2022-02-08T19:11:46.834615,104971,recommendation request 17645-team17.isri.cmu.edu:8082, status 200, result: the+five+senses+1999, 8+seconds+1994, the+proprietor+1996, the+conspiracy+2012, street+fighter+the+legend+of+chun-li+2009, frenzy+1972, z+1969, planet+of+the+apes+2001, macabre+1958, juice+1992, island+2011, jennifer+eight+1992, come+see+the+paradise+1990, spasmo+1974, absentia+2011, homicidal+1961, l.i.e.+2001, up+at+the+villa+2000, company+business+1991, species+1995, 761 ms"
"2022-02-08T19:11:46.830633,258446,recommendation request 17645-team17.isri.cmu.edu:8082, status 200, result: shampoo+1975, cant+hardly+wait+1998, cry+freedom+1987, what+doesnt+kill+you+2008, the+dresser+1983, lucky+them+2013, nine+lives+2005, 28+weeks+later+2007, the+conspiracy+2012, p.s.+2004, frenzy+1972, the+sting+1973, blinky+2011, that+was+then...+this+is+now+1985, maze+2000, the+last+minute+2001, a+time+to+kill+1996, altered+2006, the+other+side+of+the+mountain+1975, emma+2009, 697 ms"
"2022-02-08T19:11:46.887663,40796,recommendation request 17645-team17.isri.cmu.edu:8082, status 200, result: agnes+of+god+1985, the+gauntlet+1977, demons+1985, missing+1982, mystery_+alaska+1999, inception+2010, pitch+black+2000, psycho+1998, one+eight+seven+1997, guilty+as+sin+1993, shes+having+a+baby+1988, island+2011, the+brave+one+2007, hopscotch+1980, the+art+of+war+2000, today+you+die+2005, spasmo+1974, they+made+me+a+criminal+1939, sucker+punch+2011, the+one+2001, 751 ms"
"2022-02-08T19:11:46.888925,18426,recommendation request 17645-team17.isri.cmu.edu:8082, status 200, result: shampoo+1975, the+five+senses+1999, love+jones+1997, 8+seconds+1994, raging+bull+1980, the+conspiracy+2012, true+crime+1996, the+other+side+of+the+mountain+1975, the+hound+of+the+baskervilles+1978, excision+2012, random+hearts+1999, macabre+1958, body+double+1984, from+here+to+eternity+1953, the+women+2008, texasville+1990, breakdown+1997, the+fan+1981, dinoshark+2010, the+prince+of+tides+1991, 756 ms"
"2022-02-08T19:11:46.896622,212439,recommendation request 17645-team17.isri.cmu.edu:8082, status 200, result: rollerball+1975, lethal+weapon+3+1992, detective+story+1951, inception+2010, pitch+black+2000, the+yakuza+1974, planet+of+the+apes+2001, gravity+2013, the+matrix+revolutions+2003, i+married+a+strange+person+1998, junebug+2005, beneath+the+planet+of+the+apes+1970, the+game+1997, the+matrix+1999, conan+the+barbarian+1982, above+the+law+1988, my+one+and+only+2009, jennifer+eight+1992, today+you+die+2005, dungeons++dragons+2000, 751 ms"
"2022-02-08T19:11:46.923111,4315,recommendation request 17645-team17.isri.cmu.edu:8082, status 200, result: rollerball+1975, top+secret+1984, forbidden+zone+1980, ironweed+1987, hollow+man+2000, an+amazing+couple+2002, lethal+weapon+3+1992, detective+story+1951, nine+queens+2000, one+eight+seven+1997, holy+motors+2012, dry+cleaning+1997, the+matrix+revolutions+2003, on+deadly+ground+1994, junebug+2005, from+dusk+till+dawn+1996, the+brave+one+2007, side+out+1990, from+the+hip+1987, 7+seconds+2005, 710 ms"
"2022-02-08T19:11:46.919167,16005,recommendation request 17645-team17.isri.cmu.edu:8082, status 200, result: rollerball+1975, top+secret+1984, the+longest+day+1962, p.s.+2004, sling+blade+1996, maze+2000, freaky+friday+1976, lifeboat+1944, grand+illusion+1937, pitch+black+2000, the+beverly+hillbillies+1993, patriot+games+1992, the+brothers+2001, working+girl+1988, the+mighty+1998, in+harms+way+1965, juice+1992, crush+2001, island+2011, eye+of+the+beholder+1999, 767 ms"
"2022-02-08T19:11:47.371157,176126,recommendation request 17645-team17.isri.cmu.edu:8082, status 200, result: mickeys+once+upon+a+christmas+1999, the+five+senses+1999, barbershop+2002, my+man+godfrey+1957, raging+bull+1980, ed+1996, p.s.+2004, maze+2000, the+andromeda+strain+1971, sex+and+the+city+2008, the+flying+saucer+1950, the+rage+carrie+2+1999, chicken+run+2000, another+thin+man+1939, the+island+1980, the+blue+max+1966, planet+of+the+apes+2001, the+wizard+1989, the+brothers+2001, beneath+the+planet+of+the+apes+1970, 353 ms"
"2022-02-08T19:11:47.228378,161210,recommendation request 17645-team17.isri.cmu.edu:8082, status 200, result: murder+by+numbers+2002, street+fighter+the+legend+of+chun-li+2009, sheena+1984, enough+2002, that+was+then...+this+is+now+1985, the+last+minute+2001, small+soldiers+1998, striptease+1996, the+letter+1940, star+wars+1977, shopping+1994, the+yakuza+1974, planet+of+the+apes+2001, jurassic+park+1993, sonny+2002, island+2011, the+roaring+twenties+1939, the+godfather+1972, in+hell+2003, above+the+law+1988, 211 ms"
"2022-02-08T19:11:47.394715,254411,recommendation request 17645-team17.isri.cmu.edu:8082, status 200, result: drop+zone+1994, top+secret+1984, 8+seconds+1994, p.s.+2004, lethal+weapon+3+1992, a+time+to+kill+1996, inception+2010, casper+1995, the+beverly+hillbillies+1993, big+trouble+2002, paintball+2009, four+brothers+2005, gone+in+sixty+seconds+2000, working+girl+1988, the+matrix+revolutions+2003, from+dusk+till+dawn+1996, warriors+of+heaven+and+earth+2003, the+matrix+1999, the+women+2008, hook+1991, 350 ms"
"2022-02-08T19:11:47.412591,63221,recommendation request 17645-team17.isri.cmu.edu:8082, status 200, result: cry+freedom+1987, drop+zone+1994, top+secret+1984, a+goofy+movie+1995, frenzy+1972, cookie+1989, the+other+side+of+the+mountain+1975, the+addams+family+1991, light+it+up+1999, without+a+paddle+2004, a+little+princess+1995, ice+castles+1978, the+beverly+hillbillies+1993, phoenix+1998, wake+of+death+2004, marooned+1969, the+mighty+1998, desk+set+1957, changing+lanes+2002, from+here+to+eternity+1953, 374 ms"
"2022-02-08T19:11:48.373422,235269,recommendation request 17645-team17.isri.cmu.edu:8082, status 200, result: the+family+man+2000, cry+freedom+1987, what+doesnt+kill+you+2008, barbershop+2002, aquamarine+2006, p.s.+2004, frenzy+1972, the+sting+1973, that+was+then...+this+is+now+1985, never+again+2002, a+time+to+kill+1996, freaky+friday+1976, nims+island+2008, another+thin+man+1939, the+santa+clause+3+the+escape+clause+2006, fatal+instinct+1993, the+ugly+dachshund+1966, sonny+2002, a+double+life+1947, gordy+1995, 216 ms"
"2022-02-08T19:11:48.463957,279843,recommendation request 17645-team17.isri.cmu.edu:8082, status 200, result: the+family+man+2000, a+midsummer+nights+dream+1935, greedy+1994, edtv+1999, heart+and+souls+1993, nutty+professor+ii+the+klumps+2000, p.s.+2004, once+around+1991, never+again+2002, chances+are+1989, death+becomes+her+1992, all+of+me+1984, the+nutty+professor+1963, hello+again+1987, nothing+2003, timer+2009, down+to+earth+2001, mannequin+two+on+the+move+1991, the+invisible+woman+1940, wimbledon+2004, 233 ms"
"2022-02-08T19:11:48.492605,293496,recommendation request 17645-team17.isri.cmu.edu:8082, status 200, result: out+of+sight+1998, eyewitness+1981, sleepers+1996, the+longest+day+1962, ed+1996, bustin+loose+1981, family+plot+1976, the+other+side+of+the+mountain+1975, detective+story+1951, lifeboat+1944, grand+illusion+1937, casper+1995, wake+of+death+2004, the+yakuza+1974, the+client+1994, hackers+1995, the+matrix+revolutions+2003, jurassic+park+1993, changing+lanes+2002, in+harms+way+1965, 301 ms"
"2022-02-08T19:11:48.520465,276414,recommendation request 17645-team17.isri.cmu.edu:8082, status 200, result: drop+zone+1994, nothing+but+trouble+1991, the+dresser+1983, the+house+of+yes+1997, last+holiday+2006, p.s.+2004, maze+2000, detective+story+1951, national+lampoons+vacation+1983, albatross+2011, the+brothers+2001, the+mighty+1998, the+truman+show+1998, junebug+2005, crush+2001, six+weeks+1982, remember+the+night+1940, from+the+hip+1987, untitled+2009, jennifer+eight+1992, 331 ms"
"2022-02-08T19:11:49.417599,50780,recommendation request 17645-team17.isri.cmu.edu:8082, status 200, result: phenomenon+1996, backlight+2010, robot+stories+2003, mildred+pierce+1945, its+all+about+love+2003, nine+lives+2005, circus+2000, on+the+beach+1959, seeking+a+friend+for+the+end+of+the+world+2012, that+was+then...+this+is+now+1985, the+other+side+of+the+mountain+1975, in+cold+blood+1967, the+mother+2003, beyond+the+clouds+1995, away+from+her+2006, bottle+rocket+1996, sonny+2002, in+your+eyes+2014, ali+2001, last+night+1998, 354 ms"
"2022-02-08T19:11:49.621530,202785,recommendation request 17645-team17.isri.cmu.edu:8082, status 200, result: wreck-it+ralph+2012, mickeys+once+upon+a+christmas+1999, my+man+godfrey+1957, the+red+shoes+1948, 8+seconds+1994, ed+1996, p.s.+2004, a+goofy+movie+1995, sleeping+beauty+1959, maze+2000, lethal+weapon+3+1992, the+aristocats+1970, fuck+2005, gumby+the+movie+1995, chicken+run+2000, the+yakuza+1974, the+brothers+2001, gravity+2013, cars+2+2011, the+game+1997, 574 ms"
"2022-02-08T19:11:49.636022,47706,recommendation request 17645-team17.isri.cmu.edu:8082, status 200, result: frozen+2013, tuck+everlasting+2002, fantasia+2000+1999, beauty+and+the+beast+1946, herbie+rides+again+1974, tangled+2010, sleeping+beauty+1959, get+a+horse+2013, cinderella+1950, meet+the+robinsons+2007, planes+2013, fantasia+1940, aladdin+1992, the+princess+and+the+frog+2009, winnie+the+pooh+2011, paperman+2012, frozen+fever+2015, the+little+mermaid+1989, hercules+1997, ratatouille+2007, 556 ms"
"2022-02-08T19:11:49.660951,211498,recommendation request 17645-team17.isri.cmu.edu:8082, status 200, result: the+family+man+2000, the+cat+in+the+hat+2003, drop+zone+1994, cry+freedom+1987, leave+it+to+beaver+1997, taking+sides+2001, ed+1996, the+proprietor+1996, ghost+dad+1990, p.s.+2004, waking+up+in+reno+2002, citizen+ruth+1996, that+was+then...+this+is+now+1985, never+again+2002, jackie+brown+1997, z+1969, lifeboat+1944, casper+1995, babe+pig+in+the+city+1998, how+the+grinch+stole+christmas+2000, 594 ms"
"2022-02-08T19:11:49.922557,245425,recommendation request 17645-team17.isri.cmu.edu:8082, status 200, result: wreck-it+ralph+2012, definitely_+maybe+2008, ed+1996, frenzy+1972, true+crime+1996, a+goofy+movie+1995, dead+of+night+1945, made+in+u.s.a+1966, dick+tracy+1990, paul+2011, casper+1995, johnny+english+2003, junebug+2005, shes+having+a+baby+1988, island+2011, from+here+to+eternity+1953, ali+2001, above+the+law+1988, the+man+who+knew+too+much+1956, my+one+and+only+2009, 879 ms"
"2022-02-08T19:11:49.957720,120064,recommendation request 17645-team17.isri.cmu.edu:8082, status 0, result: java.util.concurrent.TimeoutException: Request timeout to 17645-team17.isri.cmu.edu/128.2.205.118:8082 after 800 ms, 909 ms"
"2022-02-08T19:11:49.945212,203440,recommendation request 17645-team17.isri.cmu.edu:8082, status 0, result: java.util.concurrent.TimeoutException: Request timeout to 17645-team17.isri.cmu.edu/128.2.205.118:8082 after 800 ms, 894 ms"
"2022-02-08T19:11:49.963288,155482,recommendation request 17645-team17.isri.cmu.edu:8082, status 0, result: java.util.concurrent.TimeoutException: Request timeout to 17645-team17.isri.cmu.edu/128.2.205.118:8082 after 800 ms, 897 ms"
"2022-02-08T19:11:49.973081,123784,recommendation request 17645-team17.isri.cmu.edu:8082, status 0, result: java.util.concurrent.TimeoutException: Request timeout to 17645-team17.isri.cmu.edu/128.2.205.118:8082 after 800 ms, 908 ms"
"2022-02-08T19:11:49.975510,43441,recommendation request 17645-team17.isri.cmu.edu:8082, status 0, result: java.util.concurrent.TimeoutException: Request timeout to 17645-team17.isri.cmu.edu/128.2.205.118:8082 after 800 ms, 890 ms"
"2022-02-08T19:11:49.980728,266489,recommendation request 17645-team17.isri.cmu.edu:8082, status 0, result: java.util.concurrent.TimeoutException: Request timeout to 17645-team17.isri.cmu.edu/128.2.205.118:8082 after 800 ms, 894 ms"
"2022-02-08T19:11:49.985836,107940,recommendation request 17645-team17.isri.cmu.edu:8082, status 0, result: java.util.concurrent.TimeoutException: Request timeout to 17645-team17.isri.cmu.edu/128.2.205.118:8082 after 800 ms, 905 ms"
"2022-02-08T19:11:50.002011,114640,recommendation request 17645-team17.isri.cmu.edu:8082, status 0, result: java.util.concurrent.TimeoutException: Request timeout to 17645-team17.isri.cmu.edu/128.2.205.118:8082 after 800 ms, 902 ms"
"2022-02-08T19:11:50.003752,168238,recommendation request 17645-team17.isri.cmu.edu:8082, status 0, result: java.util.concurrent.TimeoutException: Request timeout to 17645-team17.isri.cmu.edu/128.2.205.118:8082 after 800 ms, 882 ms"
"2022-02-08T19:11:50.847229,151366,recommendation request 17645-team17.isri.cmu.edu:8082, status 0, result: java.util.concurrent.TimeoutException: Request timeout to 17645-team17.isri.cmu.edu/128.2.205.118:8082 after 800 ms, 812 ms"
"2022-02-08T19:11:50.859816,100704,recommendation request 17645-team17.isri.cmu.edu:8082, status 200, result: the+cat+in+the+hat+2003, rollerball+1975, forbidden+zone+1980, ed+1996, star+wars+episode+iii+-+revenge+of+the+sith+2005, doc+hollywood+1991, p.s.+2004, mackennas+gold+1969, spirit+stallion+of+the+cimarron+2002, father+of+the+bride+1991, cabin+boy+1994, the+godfather+part+iii+1990, casper+1995, the+letter+1940, planet+of+the+apes+2001, serial+1980, juice+1992, return+to+the+blue+lagoon+1991, ali+2001, an+american+carol+2008, 826 ms"
"2022-02-08T19:11:50.887783,23791,recommendation request 17645-team17.isri.cmu.edu:8082, status 200, result: shampoo+1975, eyewitness+1981, bill+cosby+himself+1983, rollerball+1975, six+pack+1982, ed+1996, 8+seconds+1994, all+the+mornings+of+the+world+1991, maze+2000, a+time+to+kill+1996, casper+1995, company+man+2000, lady+chatterley+2006, planet+of+the+apes+2001, a+man+and+a+woman+1966, full+speed+1996, jurassic+park+1993, modesty+blaise+1966, the+truman+show+1998, crush+2001, 818 ms"
"2022-02-08T19:11:50.921056,86251,recommendation request 17645-team17.isri.cmu.edu:8082, status 200, result: the+cat+in+the+hat+2003, drop+zone+1994, rollerball+1975, top+secret+1984, sleepers+1996, mary+poppins+1964, ed+1996, family+plot+1976, star+wars+episode+iii+-+revenge+of+the+sith+2005, a+goofy+movie+1995, barbarosa+1982, the+addams+family+1991, without+a+paddle+2004, freaky+friday+1976, a+little+princess+1995, wake+of+death+2004, planet+of+the+apes+2001, the+client+1994, opportunity+knocks+1990, how+the+grinch+stole+christmas+2000, 852 ms"
"2022-02-08T19:11:51.391852,72826,recommendation request 17645-team17.isri.cmu.edu:8082, status 200, result: curdled+1996, viva+zapata+1952, notting+hill+1999, missing+1982, light+it+up+1999, code+of+silence+1985, american+gangster+2007, bean+1997, inception+2010, masterminds+1997, phoenix+1998, the+yakuza+1974, hunting+elephants+2013, on+deadly+ground+1994, sherlock+holmes+in+washington+1943, mobsters+1991, island+2011, the+hot+spot+1990, fail+safe+2000, appaloosa+2008, 284 ms"
"2022-02-08T19:11:51.424398,239081,recommendation request 17645-team17.isri.cmu.edu:8082, status 200, result: the+parent+trap+1998, the+five+senses+1999, barbershop+2002, p.s.+2004, true+crime+1996, the+country+bears+2002, snow+dogs+2002, maze+2000, a+family+thing+1996, birdy+1984, splash+1984, the+man+without+a+face+1993, another+thin+man+1939, harem+1985, albatross+2011, the+brothers+2001, serial+1980, the+juror+1996, crush+2001, the+women+2008, 269 ms"
"2022-02-08T19:11:51.452492,101896,recommendation request 17645-team17.isri.cmu.edu:8082, status 200, result: the+cat+in+the+hat+2003, rollerball+1975, barbershop+2002, ed+1996, star+wars+episode+iii+-+revenge+of+the+sith+2005, red+dawn+1984, loving+you+1957, light+it+up+1999, another+thin+man+1939, moving+1988, analyze+that+2002, planet+of+the+apes+2001, how+the+grinch+stole+christmas+2000, island+2011, the+incredible+hulk+2008, hook+1991, above+the+law+1988, spasmo+1974, private+lives+1931, babes+in+toyland+1934, 291 ms"
"2022-02-08T19:11:52.489335,263982,recommendation request 17645-team17.isri.cmu.edu:8082, status 200, result: rollerball+1975, arranged+2007, american+pimp+1999, star+wars+episode+iii+-+revenge+of+the+sith+2005, p.s.+2004, nothing+to+lose+1994, maze+2000, pitch+black+2000, planet+of+the+apes+2001, the+brothers+2001, juice+1992, crush+2001, mighty+aphrodite+1995, above+the+law+1988, singham+2011, untitled+2009, the+allnighter+1987, dopamine+2003, divergent+2014, daylight+1996, 469 ms"
"2022-02-08T19:11:52.412762,218391,recommendation request 17645-team17.isri.cmu.edu:8082, status 200, result: shampoo+1975, cry+freedom+1987, love+jones+1997, 8+seconds+1994, around+the+bend+2004, the+other+side+of+the+mountain+1975, lethal+weapon+3+1992, the+pompatus+of+love+1996, inception+2010, full+speed+1996, the+matrix+revolutions+2003, the+truman+show+1998, junebug+2005, shes+having+a+baby+1988, white+palace+1990, the+matrix+1999, conan+the+barbarian+1982, the+women+2008, quartet+1981, from+the+hip+1987, 382 ms"
"2022-02-08T19:11:52.510215,159263,recommendation request 17645-team17.isri.cmu.edu:8082, status 200, result: gleaming+the+cube+1989, black+beauty+1994, rollerball+1975, robot+stories+2003, james+and+the+giant+peach+1996, paths+of+glory+1957, p.s.+2004, a+goofy+movie+1995, how+i+won+the+war+1967, under+siege+1992, show+boat+1951, the+aristocats+1970, northfork+2003, running+free+1999, birdy+1984, a+little+princess+1995, moving+1988, grand+canyon+1991, the+verdict+1982, bachelor+in+paradise+1961, 493 ms"
"2022-02-08T19:11:53.444953,263970,recommendation request 17645-team17.isri.cmu.edu:8082, status 200, result: curdled+1996, drop+zone+1994, the+last+of+the+mohicans+1992, the+longest+day+1962, notting+hill+1999, p.s.+2004, the+other+side+of+the+mountain+1975, maze+2000, 633+squadron+1964, without+a+paddle+2004, ice+castles+1978, wake+of+death+2004, the+brothers+2001, for+keeps+1988, my+beautiful+laundrette+1985, winnie+the+pooh+2011, changing+lanes+2002, the+hitch-hiker+1953, crush+2001, from+here+to+eternity+1953, 420 ms"
"2022-02-08T19:11:53.481108,202346,recommendation request 17645-team17.isri.cmu.edu:8082, status 200, result: wreck-it+ralph+2012, barbershop+2002, the+conspiracy+2012, book+of+shadows+blair+witch+2+2000, a+goofy+movie+1995, brimstone++treacle+1982, the+dance+of+reality+2013, the+aristocats+1970, light+it+up+1999, detective+story+1951, excision+2012, another+thin+man+1939, private+parts+1972, texasville+1990, dinoshark+2010, absolute+power+1997, jennifer+eight+1992, spasmo+1974, babes+in+toyland+1934, the+faculty+1998, 459 ms"
"2022-02-08T19:11:53.472934,304111,recommendation request 17645-team17.isri.cmu.edu:8082, status 200, result: rollerball+1975, alien+trespass+2009, divergent+2014, mysterious+island+1961, the+last+starfighter+1984, the+avengers+2012, the+pumaman+1980, after+earth+2013, the+fantastic+four+1994, iron+man+3+2013, megaforce+1982, frank+herberts+dune+2000, covert+action+1978, battle+for+terra+2007, conan+the+barbarian+1982, six-string+samurai+1998, the+rocketeer+1991, dinotopia+2002, moonraker+1979, john+carter+2012, 429 ms"
"2022-02-08T19:11:53.679268,72848,recommendation request 17645-team17.isri.cmu.edu:8082, status 200, result: the+cat+in+the+hat+2003, drop+zone+1994, rollerball+1975, the+new+age+1994, ed+1996, notting+hill+1999, p.s.+2004, maze+2000, a+time+to+kill+1996, vision+quest+1985, a+little+princess+1995, birdy+1984, casper+1995, babe+pig+in+the+city+1998, the+witches+of+eastwick+1987, the+letter+1940, harem+1985, the+saint+1997, the+brothers+2001, the+yakuza+1974, 637 ms"
"2022-02-08T19:11:53.694570,75110,recommendation request 17645-team17.isri.cmu.edu:8082, status 200, result: bill+cosby+himself+1983, the+snowman+1982, p.s.+2004, a+goofy+movie+1995, mystery_+alaska+1999, the+other+side+of+the+mountain+1975, snow+dogs+2002, edward+scissorhands+1990, premium+rush+2012, a+family+thing+1996, cabin+boy+1994, come+back_+little+sheba+1952, birdy+1984, nims+island+2008, apocalypto+2006, oz+the+great+and+powerful+2013, wake+of+death+2004, harem+1985, gone+in+sixty+seconds+2000, hackers+1995, 647 ms"
"2022-02-08T19:11:53.696020,162055,recommendation request 17645-team17.isri.cmu.edu:8082, status 200, result: cry+freedom+1987, barbershop+2002, the+dresser+1983, the+longest+day+1962, lockout+2012, detective+story+1951, lifeboat+1944, grand+illusion+1937, pitch+black+2000, haywire+2011, another+thin+man+1939, the+island+1980, albatross+2011, beyond+the+sea+2004, in+harms+way+1965, six+weeks+1982, jennifer+eight+1992, rumble+fish+1983, airport+1975+1974, down+in+the+delta+1998, 653 ms"
"2022-02-08T19:11:53.733235,117230,recommendation request 17645-team17.isri.cmu.edu:8082, status 200, result: bill+cosby+himself+1983, top+secret+1984, barbershop+2002, rollerball+1975, p.s.+2004, the+other+side+of+the+mountain+1975, the+addams+family+1991, maze+2000, dont+tell+her+its+me+1990, a+little+princess+1995, another+thin+man+1939, planet+of+the+apes+2001, the+brothers+2001, patriot+games+1992, the+truman+show+1998, juice+1992, crush+2001, heartbreakers+2001, north+1994, the+women+2008, 654 ms"
"2022-02-08T19:11:54.530619,30696,recommendation request 17645-team17.isri.cmu.edu:8082, status 200, result: rollerball+1975, arranged+2007, the+dresser+1983, the+red+shoes+1948, a+family+thing+1996, casper+1995, big+trouble+2002, moving+1988, blood_+guts_+bullets+and+octane+1998, masterminds+1997, the+island+1980, dead+reckoning+1947, albatross+2011, jurassic+park+1993, junebug+2005, kull+the+conqueror+1997, shes+having+a+baby+1988, bottle+rocket+1996, free+willy+3+the+rescue+1997, ali+2001, 434 ms"
"2022-02-08T19:11:54.589172,58380,recommendation request 17645-team17.isri.cmu.edu:8082, status 200, result: the+perfect+score+2004, mary+poppins+1964, a+goofy+movie+1995, the+addams+family+1991, freaky+friday+1976, northfork+2003, highlander+the+search+for+vengeance+2007, guilty+as+sin+1993, the+longest+yard+1974, winnie+the+pooh+2011, from+here+to+eternity+1953, days+of+glory+1944, tank+girl+1995, the+emperors+new+groove+2000, ratatouille+2007, you+only+live+once+1937, shrek+the+third+2007, patton+1970, the+naked+gun+2+the+smell+of+fear+1991, beyond+the+poseidon+adventure+1979, 453 ms"
"2022-02-08T19:11:54.589009,65778,recommendation request 17645-team17.isri.cmu.edu:8082, status 200, result: eyewitness+1981, cry+freedom+1987, p.s.+2004, rambo+first+blood+part+ii+1985, maze+2000, vision+quest+1985, freaky+friday+1976, a+little+princess+1995, the+witches+of+eastwick+1987, guilty+as+sin+1993, patriot+games+1992, the+brothers+2001, winnie+the+pooh+2011, juice+1992, crush+2001, breakdown+1997, hopscotch+1980, untitled+2009, today+you+die+2005, ratatouille+2007, 376 ms"
"2022-02-08T19:11:54.589200,55974,recommendation request 17645-team17.isri.cmu.edu:8082, status 200, result: black+beauty+1994, eyewitness+1981, rollerball+1975, the+gauntlet+1977, p.s.+2004, the+wash+2001, spirit+stallion+of+the+cimarron+2002, nims+island+2008, casper+1995, planet+of+the+apes+2001, winnie+the+pooh+2011, jurassic+park+1993, from+dusk+till+dawn+1996, hook+1991, 7+seconds+2005, above+the+law+1988, today+you+die+2005, ratatouille+2007, chicken+little+2005, shrek+the+third+2007, 470 ms"
"2022-02-08T19:11:55.399292,123896,recommendation request 17645-team17.isri.cmu.edu:8082, status 200, result: missing+1982, p.s.+2004, mystery_+alaska+1999, maze+2000, asylum+1972, detective+story+1951, one+eight+seven+1997, guilty+as+sin+1993, phoenix+1998, a+patch+of+blue+1965, harem+1985, the+brothers+2001, junebug+2005, island+2011, from+here+to+eternity+1953, ali+2001, romeo+and+juliet+1936, crush+2001, h.m.+pulham_+esq.+1941, my+one+and+only+2009, 377 ms"
"2022-02-08T19:11:55.342023,116750,recommendation request 17645-team17.isri.cmu.edu:8082, status 200, result: the+nest+2002, what+doesnt+kill+you+2008, billy+bathgate+1991, hold+up+2010, parker+2013, armageddon+1998, dick+tracy+1990, johnny+english+2003, an+innocent+man+1989, kill+1968, four+rooms+1995, the+amateur+1981, rush+hour+3+2007, veronica+guerin+2003, stander+2003, branded+to+kill+1967, 7+seconds+2005, metro+1997, faster_+pussycat+kill+kill+1965, the+glass+shield+1994, 307 ms"
"2022-02-08T19:11:55.538332,177781,recommendation request 17645-team17.isri.cmu.edu:8082, status 200, result: the+longest+day+1962, p.s.+2004, sling+blade+1996, the+other+side+of+the+mountain+1975, maze+2000, lifeboat+1944, grand+illusion+1937, dont+say+a+word+2001, ice+castles+1978, the+mighty+1998, junebug+2005, shes+having+a+baby+1988, in+harms+way+1965, an+education+2009, crush+2001, from+here+to+eternity+1953, ali+2001, remember+the+night+1940, the+loves+of+carmen+1948, gung+ho+1986, 511 ms"
"2022-02-08T19:11:55.535167,5314,recommendation request 17645-team17.isri.cmu.edu:8082, status 200, result: life+is+beautiful+1997, eyewitness+1981, curdled+1996, rollerball+1975, the+five+senses+1999, cry+freedom+1987, notting+hill+1999, p.s.+2004, desert+blue+1999, maze+2000, vision+quest+1985, a+little+princess+1995, your+friends++neighbors+1998, the+witches+of+eastwick+1987, masterminds+1997, planet+of+the+apes+2001, the+brothers+2001, my+beautiful+laundrette+1985, the+mighty+1998, desk+set+1957, 509 ms"
"2022-02-08T19:11:55.545139,285762,recommendation request 17645-team17.isri.cmu.edu:8082, status 200, result: switchback+1997, coldblooded+1995, the+last+of+the+mohicans+1992, rambo+first+blood+part+ii+1985, vision+quest+1985, a+little+princess+1995, birdy+1984, the+beverly+hillbillies+1993, dumb+and+dumber+to+2014, the+witches+of+eastwick+1987, the+letter+1940, guilty+as+sin+1993, harem+1985, for+keeps+1988, from+here+to+eternity+1953, side+out+1990, the+man+who+knew+too+much+1956, eight+men+out+1988, today+you+die+2005, hall+pass+2011, 497 ms"
"2022-02-08T19:11:56.201280,154163,recommendation request 17645-team17.isri.cmu.edu:8082, status 200, result: the+wind+1928, loners+2000, suddenly+1954, crisscross+1992, flodder+1986, niagara+1953, prince+of+the+city+1981, phoenix+1998, a+patch+of+blue+1965, clockwatchers+1997, junebug+2005, grand+hotel+1932, random+harvest+1942, cleanskin+2012, elsewhere+2009, romeo+and+juliet+1936, side+out+1990, suspect+1987, ryans+daughter+1970, h.m.+pulham_+esq.+1941, 139 ms"
"2022-02-08T19:11:56.506302,87337,recommendation request 17645-team17.isri.cmu.edu:8082, status 200, result: shampoo+1975, the+cat+in+the+hat+2003, nothing+but+trouble+1991, robot+stories+2003, coldblooded+1995, ed+1996, p.s.+2004, courage+under+fire+1996, maze+2000, lethal+weapon+3+1992, incognito+1997, northfork+2003, casper+1995, babe+pig+in+the+city+1998, dumb+and+dumber+to+2014, moving+1988, how+the+grinch+stole+christmas+2000, rat+2001, crush+2001, island+2011, 401 ms"
"2022-02-08T19:11:56.527829,112224,recommendation request 17645-team17.isri.cmu.edu:8082, status 200, result: rollerball+1975, top+secret+1984, lockout+2012, ed+1996, frenzy+1972, true+crime+1996, the+addams+family+1991, lethal+weapon+3+1992, detective+story+1951, a+little+princess+1995, big+trouble+2002, casper+1995, haywire+2011, planet+of+the+apes+2001, desk+set+1957, out+to+sea+1997, jennifer+eight+1992, spasmo+1974, they+made+me+a+criminal+1939, bulletproof+1996, 415 ms"
"2022-02-08T19:11:57.397047,205439,recommendation request 17645-team17.isri.cmu.edu:8082, status 200, result: bill+cosby+himself+1983, switchback+1997, about+last+night...+1986, the+krays+1990, ed+1996, paths+of+glory+1957, cookie+1989, how+i+won+the+war+1967, gods+not+dead+2014, birdy+1984, dick+tracy+1990, paul+2011, casper+1995, johnny+english+2003, lionheart+1990, the+devils+1971, jurassic+park+1993, look+whos+talking+too+1990, scary+movie+5+2013, days+of+glory+1944, 323 ms"
"2022-02-08T19:11:57.479149,47135,recommendation request 17645-team17.isri.cmu.edu:8082, status 200, result: jaws+1975, jaws+2+1978, when+a+stranger+calls+1979, dark+ride+2006, anaconda+3+offspring+2008, the+conspiracy+2012, p2+2007, shock+1977, death+and+cremation+2010, madman+1982, macabre+1958, the+most+dangerous+game+1932, breakout+1975, gothika+2003, bats+1999, the+st++francisville+experiment+2000, the+descent+part+2+2009, limbo+1999, carrie+1976, husk+2011, 349 ms"
"2022-02-08T19:11:57.534084,191474,recommendation request 17645-team17.isri.cmu.edu:8082, status 200, result: eyewitness+1981, drop+zone+1994, switchback+1997, the+last+of+the+mohicans+1992, p.s.+2004, 633+squadron+1964, maze+2000, man+with+the+screaming+brain+2005, lifeboat+1944, z+1969, grand+illusion+1937, heavens+gate+1980, four+brothers+2005, the+brothers+2001, serial+1980, crush+2001, ali+2001, breakdown+1997, taking+chance+2009, untitled+2009, 436 ms"
"2022-02-08T19:11:57.533804,255664,recommendation request 17645-team17.isri.cmu.edu:8082, status 200, result: mickeys+once+upon+a+christmas+1999, rollerball+1975, broken+embraces+2009, edmond+2005, 8+seconds+1994, star+wars+episode+iii+-+revenge+of+the+sith+2005, true+crime+1996, the+other+side+of+the+mountain+1975, light+it+up+1999, come+back_+little+sheba+1952, gumby+the+movie+1995, phoenix+1998, planet+of+the+apes+2001, the+matrix+revolutions+2003, cherrybomb+2009, the+juror+1996, the+brave+one+2007, the+women+2008, dark+passage+1947, ratatouille+2007, 446 ms"
"2022-02-08T19:11:57.536332,222232,recommendation request 17645-team17.isri.cmu.edu:8082, status 200, result: melody+time+1948, the+conspiracy+2012, frenzy+1972, light+it+up+1999, the+aristocats+1970, masterminds+1997, phoenix+1998, saludos+amigos+1942, ghoulies+ii+1987, bottle+rocket+1996, juice+1992, mobsters+1991, ali+2001, hopscotch+1980, shes+out+of+my+league+2010, the+fan+1981, bloodstone+subspecies+ii+1993, spasmo+1974, orgy+of+the+dead+1965, apartment+zero+1988, 450 ms"
"2022-02-08T19:11:58.411395,222788,recommendation request 17645-team17.isri.cmu.edu:8082, status 200, result: forbidden+zone+1980, the+proprietor+1996, the+snowman+1982, street+fighter+the+legend+of+chun-li+2009, missing+1982, p.s.+2004, the+warriors+way+2010, mystery_+alaska+1999, 633+squadron+1964, detective+story+1951, lifeboat+1944, z+1969, grand+illusion+1937, inception+2010, heavens+gate+1980, dead+reckoning+1947, one+eight+seven+1997, guilty+as+sin+1993, planet+of+the+apes+2001, the+matrix+revolutions+2003, 349 ms"
"2022-02-08T19:11:58.358871,78855,recommendation request 17645-team17.isri.cmu.edu:8082, status 200, result: rollerball+1975, son+of+godzilla+1967, star+wars+episode+iii+-+revenge+of+the+sith+2005, red+dawn+1984, lethal+weapon+3+1992, a+time+to+kill+1996, dick+tracy+1990, the+island+1980, planet+of+the+apes+2001, the+yakuza+1974, the+client+1994, mothra+vs.+godzilla+1964, kull+the+conqueror+1997, the+incredible+hulk+2008, above+the+law+1988, they+made+me+a+criminal+1939, bulletproof+1996, the+hidden+fortress+1958, project+s+1993, fire+down+below+1997, 282 ms"
"2022-02-08T19:11:59.402057,271998,recommendation request 17645-team17.isri.cmu.edu:8082, status 200, result: cry+freedom+1987, the+new+age+1994, barbershop+2002, the+last+of+the+mohicans+1992, the+longest+day+1962, the+snowman+1982, courage+under+fire+1996, the+other+side+of+the+mountain+1975, big+hero+6+2014, 633+squadron+1964, a+time+to+kill+1996, bean+1997, the+beverly+hillbillies+1993, another+thin+man+1939, the+yakuza+1974, the+client+1994, an+education+2009, island+2011, bingo+1991, they+made+me+a+criminal+1939, 381 ms"
"2022-02-08T19:11:59.438321,99609,recommendation request 17645-team17.isri.cmu.edu:8082, status 200, result: black+beauty+1994, the+avengers+1998, 8+seconds+1994, the+proprietor+1996, capricorn+one+1977, deep+rising+1998, incognito+1997, a+family+thing+1996, lifeboat+1944, paul+2011, a+little+princess+1995, the+brothers+mcmullen+1995, analyze+that+2002, junebug+2005, the+brave+one+2007, the+nuns+story+1959, hook+1991, juno+2007, dinoshark+2010, bingo+1991, 419 ms"
"2022-02-08T19:11:59.737182,271524,recommendation request 17645-team17.isri.cmu.edu:8082, status 200, result: shampoo+1975, black+beauty+1994, the+five+senses+1999, the+dresser+1983, the+last+of+the+mohicans+1992, raging+bull+1980, rain+man+1988, p.s.+2004, frenzy+1972, the+other+side+of+the+mountain+1975, maze+2000, a+family+thing+1996, the+brothers+mcmullen+1995, a+little+princess+1995, random+hearts+1999, the+yakuza+1974, the+brothers+2001, fabled+2002, albatross+2011, crush+2001, 708 ms"
"2022-02-08T19:11:59.837661,283456,recommendation request 17645-team17.isri.cmu.edu:8082, status 200, result: shampoo+1975, drop+zone+1994, rollerball+1975, switchback+1997, six+pack+1982, punchline+1988, city+slickers+1991, red+dawn+1984, barbarosa+1982, maze+2000, vision+quest+1985, a+family+thing+1996, a+little+princess+1995, without+a+paddle+2004, bad+girls+1994, the+beverly+hillbillies+1993, harry+and+tonto+1974, the+witches+of+eastwick+1987, wake+of+death+2004, planet+of+the+apes+2001, 793 ms"
"2022-02-08T19:11:59.865775,22069,recommendation request 17645-team17.isri.cmu.edu:8082, status 0, result: java.util.concurrent.TimeoutException: Request timeout to 17645-team17.isri.cmu.edu/128.2.205.118:8082 after 800 ms, 827 ms"
"2022-02-08T19:11:59.874665,286137,recommendation request 17645-team17.isri.cmu.edu:8082, status 0, result: java.util.concurrent.TimeoutException: Request timeout to 17645-team17.isri.cmu.edu/128.2.205.118:8082 after 800 ms, 833 ms"
"2022-02-08T19:11:59.889016,250335,recommendation request 17645-team17.isri.cmu.edu:8082, status 200, result: the+nest+2002, what+doesnt+kill+you+2008, suburban+commando+1991, bill+cosby+himself+1983, return+of+the+fly+1959, 28+weeks+later+2007, the+conspiracy+2012, carnosaur+2+1995, altered+2006, the+world+unseen+2007, parker+2013, northfork+2003, pitch+black+2000, splash+1984, johnny+english+2003, c.h.o.m.p.s.+1979, the+old+dark+house+1932, another+earth+2011, rush+hour+3+2007, rat+2001, 829 ms"
"2022-02-08T19:11:59.894159,29251,recommendation request 17645-team17.isri.cmu.edu:8082, status 200, result: bill+cosby+himself+1983, barbershop+2002, a+time+to+kill+1996, the+beverly+hillbillies+1993, another+thin+man+1939, moving+1988, working+girl+1988, the+truman+show+1998, the+women+2008, ever+after+a+cinderella+story+1998, drillbit+taylor+2008, beyond+therapy+1987, his+girl+friday+1940, from+the+hip+1987, hall+pass+2011, they+made+me+a+criminal+1939, little+murders+1971, south+park+imaginationland+2008, supervixens+1975, the+allnighter+1987, 828 ms"
"2022-02-08T19:12:00.454106,302538,recommendation request 17645-team17.isri.cmu.edu:8082, status 200, result: eyewitness+1981, arranged+2007, rollerball+1975, p.s.+2004, frenzy+1972, maze+2000, the+andromeda+strain+1971, z+1969, chronicle+2012, big+trouble+2002, psycho+1998, the+verdict+1982, masterminds+1997, planet+of+the+apes+2001, albatross+2011, another+earth+2011, junebug+2005, island+2011, crush+2001, redbelt+2008, 342 ms"
"2022-02-08T19:12:00.458829,166815,recommendation request 17645-team17.isri.cmu.edu:8082, status 200, result: coldblooded+1995, six+pack+1982, the+last+of+the+mohicans+1992, the+longest+day+1962, dial+m+for+murder+1954, if+lucy+fell+1996, 633+squadron+1964, a+family+thing+1996, dumb+and+dumber+to+2014, heidi+1937, harry+and+tonto+1974, shopping+1994, the+yakuza+1974, bulworth+1998, the+suburbans+1999, gravity+2013, the+losers+2010, harsh+times+2005, because+of+winn-dixie+2005, battle+of+britain+1969, 344 ms"
"2022-02-08T19:12:00.468986,206325,recommendation request 17645-team17.isri.cmu.edu:8082, status 200, result: black+beauty+1994, rollerball+1975, werewolves+on+wheels+1971, back+to+the+future+part+iii+1990, battlestar+galactica+the+plan+2009, star+wars+episode+iii+-+revenge+of+the+sith+2005, billy+jack+1971, blinky+2011, star+trek+insurrection+1998, a+little+princess+1995, spy+kids+3-d+game+over+2003, shopping+1994, the+island+1980, planet+of+the+apes+2001, babylon+5+the+legend+of+the+rangers+-+to+live+and+die+in+starlight+2002, flatliners+1990, 20_000+leagues+under+the+sea+1916, time+bandits+1981, excalibur+1981, the+fan+1981, 358 ms"
"2022-02-08T19:12:00.623144,228019,recommendation request 17645-team17.isri.cmu.edu:8082, status 200, result: shampoo+1975, the+five+senses+1999, and+now...+ladies+and+gentlemen...+2002, the+dresser+1983, punchline+1988, blue+crush+2002, 28+weeks+later+2007, the+conspiracy+2012, p.s.+2004, altered+2006, snow+dogs+2002, contempt+1963, freaky+friday+1976, bachelor+in+paradise+1961, love+crazy+1941, albatross+2011, on+the+town+1949, junebug+2005, youth+without+youth+2007, murphys+romance+1985, 503 ms"
"2022-02-08T19:12:00.635826,159518,recommendation request 17645-team17.isri.cmu.edu:8082, status 200, result: rollerball+1975, ed+1996, the+lucky+ones+2008, barbarosa+1982, footloose+1984, dick+tracy+1990, casper+1995, planet+of+the+apes+2001, my+fair+lady+1964, jurassic+park+1993, junebug+2005, north+1994, the+fury+1978, hook+1991, above+the+law+1988, my+one+and+only+2009, absolute+power+1997, the+idolmaker+1980, underdog+2007, back+to+the+future+part+ii+1989, 512 ms"
"2022-02-08T19:12:00.672267,2044,recommendation request 17645-team17.isri.cmu.edu:8082, status 200, result: the+perfect+score+2004, bon+cop+bad+cop+2006, punchline+1988, city+slickers+1991, a+goofy+movie+1995, frenzy+1972, true+crime+1996, deep+rising+1998, barbarosa+1982, freaky+friday+1976, bad+girls+1994, moving+1988, guilty+as+sin+1993, patriot+games+1992, shes+having+a+baby+1988, free+willy+3+the+rescue+1997, geronimo+an+american+legend+1993, juice+1992, breakdown+1997, the+emperors+new+groove+2000, 533 ms"
"2022-02-08T19:12:01.312318,8399,recommendation request 17645-team17.isri.cmu.edu:8082, status 200, result: shampoo+1975, cant+hardly+wait+1998, the+parent+trap+1961, the+snowman+1982, nine+lives+2005, p.s.+2004, the+mummy+1999, maze+2000, snow+dogs+2002, the+other+side+of+the+mountain+1975, one+hundred+and+one+dalmatians+1961, freaky+friday+1976, emma+2009, the+brothers+mcmullen+1995, that+darn+cat+1997, the+mother+2003, crossroads+1986, forrest+gump+1994, random+hearts+1999, iris+2001, 244 ms"
"2022-02-08T19:12:01.445978,261887,recommendation request 17645-team17.isri.cmu.edu:8082, status 200, result: a+dangerous+place+2012, nothing+but+trouble+1991, coldblooded+1995, mary+poppins+1964, the+snowman+1982, red+dawn+1984, a+goofy+movie+1995, under+siege+1992, big+hero+6+2014, sleeping+beauty+1959, a+little+princess+1995, gumby+the+movie+1995, the+beverly+hillbillies+1993, dumb+and+dumber+to+2014, moving+1988, free+willy+3+the+rescue+1997, veronica+guerin+2003, the+living+daylights+1987, above+the+law+1988, hook+1991, 379 ms"
"2022-02-08T19:12:01.516972,229051,recommendation request 17645-team17.isri.cmu.edu:8082, status 200, result: drop+zone+1994, bill+cosby+himself+1983, about+last+night...+1986, mary+poppins+1964, my+man+godfrey+1957, 8+seconds+1994, ed+1996, all+the+mornings+of+the+world+1991, maze+2000, without+a+paddle+2004, freaky+friday+1976, big+trouble+2002, paintball+2009, one+eight+seven+1997, wake+of+death+2004, the+yakuza+1974, lady+chatterley+2006, gone+in+sixty+seconds+2000, a+man+and+a+woman+1966, full+speed+1996, 445 ms"
"2022-02-08T19:12:01.569849,102957,recommendation request 17645-team17.isri.cmu.edu:8082, status 200, result: eyewitness+1981, the+avengers+1998, coldblooded+1995, the+gauntlet+1977, raging+bull+1980, the+last+of+the+mohicans+1992, the+longest+day+1962, major+league+ii+1994, red+dawn+1984, 633+squadron+1964, vision+quest+1985, a+family+thing+1996, a+little+princess+1995, in+the+line+of+fire+1993, dumb+and+dumber+to+2014, moving+1988, the+witches+of+eastwick+1987, the+letter+1940, dead+reckoning+1947, albatross+2011, 474 ms"
"2022-02-08T19:12:01.634009,79122,recommendation request 17645-team17.isri.cmu.edu:8082, status 200, result: abandon+2002, the+family+man+2000, cry+freedom+1987, the+five+senses+1999, six+pack+1982, the+longest+day+1962, raging+bull+1980, airport+77+1977, billy+jack+1971, p.s.+2004, that+was+then...+this+is+now+1985, the+last+minute+2001, edward+scissorhands+1990, the+bridge+1959, freedomland+2006, the+company+men+2010, lifeboat+1944, grand+illusion+1937, the+story+of+g.i.+joe+1945, the+island+1980, 524 ms"
"2022-02-08T19:12:01.638422,115712,recommendation request 17645-team17.isri.cmu.edu:8082, status 200, result: american+virgin+2000, black+beauty+1994, a+nightmare+on+elm+street+part+2+freddys+revenge+1985, take+my+eyes+2003, forbidden+zone+1980, p.s.+2004, barbarosa+1982, the+wash+2001, a+little+princess+1995, the+last+house+on+the+left+2009, harry+and+tonto+1974, junebug+2005, conan+the+barbarian+1982, romeo+and+juliet+1936, an+american+carol+2008, my+one+and+only+2009, small+time+crooks+2000, breaking+news+2004, dungeons++dragons+2000, holiday+1938, 539 ms"
"2022-02-08T19:12:02.573926,106574,recommendation request 17645-team17.isri.cmu.edu:8082, status 200, result: cry+freedom+1987, murder+by+numbers+2002, the+last+of+the+mohicans+1992, the+longest+day+1962, casualties+of+war+1989, major+league+ii+1994, off+limits+1988, that+was+then...+this+is+now+1985, 633+squadron+1964, in+the+line+of+fire+1993, striptease+1996, moving+1988, the+letter+1940, dead+reckoning+1947, a+beautiful+mind+2001, sonny+2002, so+fine+1981, the+roaring+twenties+1939, battle+of+britain+1969, 10th++wolf+2006, 546 ms"
"2022-02-08T19:12:03.351035,8017,recommendation request 17645-team17.isri.cmu.edu:8082, status 200, result: the+house+of+yes+1997, think+like+a+man+too+2014, sling+blade+1996, p.s.+2004, fuck+2005, northfork+2003, detective+story+1951, die+weisse+rose+1982, heavens+gate+1980, the+mighty+1998, hogfather+2006, warriors+of+heaven+and+earth+2003, island+2011, millions+2005, from+the+hip+1987, azumi+2003, jennifer+eight+1992, katyn+2007, spasmo+1974, the+hidden+fortress+1958, 322 ms"
"2022-02-08T19:12:03.522191,214955,recommendation request 17645-team17.isri.cmu.edu:8082, status 200, result: drop+zone+1994, rollerball+1975, switchback+1997, dreamgirls+2006, son+of+godzilla+1967, intersection+1994, major+league+ii+1994, loving+you+1957, how+i+won+the+war+1967, barbarosa+1982, the+other+side+of+the+mountain+1975, incognito+1997, vision+quest+1985, bellflower+2011, the+saint+1997, planet+of+the+apes+2001, battle+for+terra+2007, changing+lanes+2002, the+living+daylights+1987, sphere+1998, 480 ms"
"2022-02-08T19:12:03.548884,242115,recommendation request 17645-team17.isri.cmu.edu:8082, status 200, result: the+cat+in+the+hat+2003, cry+freedom+1987, switchback+1997, rollerball+1975, the+last+of+the+mohicans+1992, ed+1996, p.s.+2004, the+other+side+of+the+mountain+1975, a+time+to+kill+1996, vision+quest+1985, in+the+line+of+fire+1993, a+little+princess+1995, bean+1997, casper+1995, babe+pig+in+the+city+1998, the+witches+of+eastwick+1987, dead+reckoning+1947, the+yakuza+1974, how+the+grinch+stole+christmas+2000, white+palace+1990, 496 ms"
"2022-02-08T19:12:03.570846,53984,recommendation request 17645-team17.isri.cmu.edu:8082, status 200, result: p.s.+2004, a+goofy+movie+1995, son+of+the+mask+2005, courage+under+fire+1996, frenzy+1972, true+crime+1996, maze+2000, freaky+friday+1976, guilty+as+sin+1993, patriot+games+1992, topper+1937, the+brothers+2001, shes+having+a+baby+1988, juice+1992, island+2011, the+incredible+hulk+2008, crush+2001, the+women+2008, breakdown+1997, the+emperors+new+groove+2000, 516 ms"
"2022-02-08T19:12:03.597989,21966,recommendation request 17645-team17.isri.cmu.edu:8082, status 200, result: dead+of+winter+1987, shampoo+1975, mickeys+once+upon+a+christmas+1999, raging+bull+1980, the+proprietor+1996, the+conspiracy+2012, punchline+1988, in+the+line+of+fire+1993, a+family+thing+1996, gumby+the+movie+1995, the+verdict+1982, phoenix+1998, albatross+2011, macabre+1958, junebug+2005, shes+having+a+baby+1988, desk+set+1957, out+to+sea+1997, the+hot+spot+1990, ali+2001, 539 ms"
"2022-02-08T19:12:04.515055,39529,recommendation request 17645-team17.isri.cmu.edu:8082, status 200, result: rio+2+2014, the+switch+2010, agnes+of+god+1985, 8+seconds+1994, the+proprietor+1996, royal+deceit+1994, p.s.+2004, courage+under+fire+1996, maze+2000, the+aristocats+1970, edward+scissorhands+1990, lifeboat+1944, the+brothers+mcmullen+1995, the+verdict+1982, the+yakuza+1974, the+brothers+2001, gravity+2013, junebug+2005, the+game+1997, geronimo+an+american+legend+1993, 505 ms"
"2022-02-08T19:12:04.538613,22618,recommendation request 17645-team17.isri.cmu.edu:8082, status 200, result: rio+2+2014, bossa+nova+2000, drop+zone+1994, switchback+1997, p.s.+2004, walle+2008, the+wash+2001, the+aristocats+1970, the+way+2010, freaky+friday+1976, nims+island+2008, without+a+paddle+2004, gumby+the+movie+1995, the+letter+1940, bottle+rocket+1996, changing+lanes+2002, the+39+steps+2008, ali+2001, hook+1991, ice+age+dawn+of+the+dinosaurs+2009, 521 ms"
"2022-02-08T19:12:04.571937,296369,recommendation request 17645-team17.isri.cmu.edu:8082, status 200, result: rollerball+1975, suburban+commando+1991, star+wars+episode+iii+-+revenge+of+the+sith+2005, casper+1995, c.h.o.m.p.s.+1979, gravity+2013, the+matrix+revolutions+2003, the+brave+one+2007, hook+1991, the+emperors+new+groove+2000, ratatouille+2007, starship+troopers+1997, chicken+little+2005, they+made+me+a+criminal+1939, spaced+invaders+1990, edge+of+tomorrow+2014, maximum+risk+1996, divergent+2014, boy+a+2007, l.i.e.+2001, 527 ms"
"2022-02-08T19:12:04.571666,70169,recommendation request 17645-team17.isri.cmu.edu:8082, status 200, result: drop+zone+1994, the+last+of+the+mohicans+1992, 8+seconds+1994, the+proprietor+1996, a+goofy+movie+1995, 633+squadron+1964, splash+1984, the+old+dark+house+1932, the+saint+1997, the+yakuza+1974, gravity+2013, changing+lanes+2002, the+game+1997, rat+2001, sweet+nothing+1995, the+fury+1978, dinoshark+2010, firestarter+1984, spasmo+1974, the+company+of+wolves+1984, 526 ms"
"2022-02-08T19:12:04.572134,22853,recommendation request 17645-team17.isri.cmu.edu:8082, status 200, result: the+parent+trap+1998, cry+freedom+1987, top+secret+1984, six+pack+1982, mutiny+on+the+bounty+1962, snow+dogs+2002, the+addams+family+1991, a+family+thing+1996, freaky+friday+1976, a+little+princess+1995, harry+and+tonto+1974, company+man+2000, junebug+2005, help+1965, remember+the+night+1940, hook+1991, in+her+shoes+2005, carefree+1938, bingo+1991, gung+ho+1986, 540 ms"
"2022-02-08T19:12:05.333493,108149,recommendation request 17645-team17.isri.cmu.edu:8082, status 200, result: shampoo+1975, eyewitness+1981, mickeys+once+upon+a+christmas+1999, forbidden+zone+1980, rollerball+1975, lockout+2012, ed+1996, picture+perfect+1997, p.s.+2004, the+other+side+of+the+mountain+1975, casper+1995, johnny+english+2003, chicken+run+2000, gumby+the+movie+1995, random+hearts+1999, haywire+2011, jurassic+park+1993, battle+for+terra+2007, texasville+1990, hook+1991, 161 ms"
"2022-02-08T19:12:05.408897,178360,recommendation request 17645-team17.isri.cmu.edu:8082, status 200, result: jaws+2+1978, salems+lot+1979, dark+ride+2006, the+conspiracy+2012, the+hand+1981, innocent+blood+1992, p2+2007, the+apparition+2012, scarecrow+1973, death+and+cremation+2010, the+bad+seed+1956, madman+1982, macabre+1958, gothika+2003, bats+1999, its+alive+1974, valentine+2001, carrie+1976, husk+2011, wait+until+dark+1967, 313 ms"
"2022-02-08T19:12:06.365927,3974,recommendation request 17645-team17.isri.cmu.edu:8082, status 200, result: gleaming+the+cube+1989, titanic+1953, taps+1981, rio+2+2014, once+upon+a+forest+1993, paranorman+2012, the+last+of+the+mohicans+1992, the+longest+day+1962, horton+hears+a+who+2008, black+sheep+1996, walle+2008, that+was+then...+this+is+now+1985, 633+squadron+1964, ice+age+the+meltdown+2006, the+aristocats+1970, duck+soup+1933, one+hundred+and+one+dalmatians+1961, grand+canyon+1991, the+verdict+1982, men+of+honor+2000, 283 ms"
"2022-02-08T19:12:06.509320,54727,recommendation request 17645-team17.isri.cmu.edu:8082, status 200, result: top+secret+1984, barbershop+2002, my+man+godfrey+1957, ed+1996, frenzy+1972, p.s.+2004, barbarosa+1982, the+addams+family+1991, the+wash+2001, a+little+princess+1995, nims+island+2008, another+thin+man+1939, phoenix+1998, the+island+1980, ghoulies+ii+1987, the+wizard+1989, bottle+rocket+1996, taxi+4+2007, ali+2001, hook+1991, 358 ms"
"2022-02-08T19:12:07.334204,19502,recommendation request 17645-team17.isri.cmu.edu:8082, status 200, result: the+perfect+score+2004, bon+cop+bad+cop+2006, top+secret+1984, robot+stories+2003, the+gauntlet+1977, the+errand+boy+1961, the+virgin+suicides+1999, moving+1988, the+yakuza+1974, for+keeps+1988, the+truman+show+1998, free+willy+3+the+rescue+1997, last+night+1998, remember+the+night+1940, above+the+law+1988, bingo+1991, trouble+in+paradise+1932, hot+to+trot+1988, jonah+hex+2010, gung+ho+1986, 251 ms"
"2022-02-08T19:12:08.491357,1927,recommendation request 17645-team17.isri.cmu.edu:8082, status 200, result: black+beauty+1994, the+cat+in+the+hat+2003, cry+freedom+1987, drop+zone+1994, ed+1996, the+proprietor+1996, family+plot+1976, frenzy+1972, the+other+side+of+the+mountain+1975, the+andromeda+strain+1971, without+a+paddle+2004, lifeboat+1944, psycho+1998, the+island+1980, opportunity+knocks+1990, how+the+grinch+stole+christmas+2000, desk+set+1957, out+to+sea+1997, changing+lanes+2002, serial+1980, 381 ms"
"2022-02-08T19:12:08.522057,308450,recommendation request 17645-team17.isri.cmu.edu:8082, status 200, result: the+family+man+2000, american+virgin+2000, aquamarine+2006, an+american+werewolf+in+london+1981, demons+1985, p.s.+2004, true+crime+1996, carnosaur+2+1995, breakfast+of+champions+1999, never+again+2002, the+hound+of+the+baskervilles+1978, nims+island+2008, the+curse+of+frankenstein+1957, the+mummys+curse+1944, scream+4+2011, you+and+i+2006, the+boogens+1981, monster+in+the+closet+1986, body+double+1984, x+the+unknown+1956, 404 ms"
"2022-02-08T19:12:08.535478,50608,recommendation request 17645-team17.isri.cmu.edu:8082, status 200, result: rollerball+1975, sleepers+1996, the+house+of+yes+1997, parking+2008, the+other+side+of+the+mountain+1975, he+died+with+a+felafel+in+his+hand+2001, detective+story+1951, ricomincio+da+tre+1981, auntie+mame+1958, glen+or+glenda+1953, planet+of+the+apes+2001, the+mighty+1998, junebug+2005, an+education+2009, warriors+of+heaven+and+earth+2003, island+2011, my+one+and+only+2009, jennifer+eight+1992, breakfast+on+pluto+2005, get+real+1998, 426 ms"
"2022-02-08T19:12:08.591894,184079,recommendation request 17645-team17.isri.cmu.edu:8082, status 200, result: bossa+nova+2000, robot+stories+2003, doc+hollywood+1991, frenzy+1972, p.s.+2004, the+other+side+of+the+mountain+1975, maze+2000, jungle+fever+1991, the+andromeda+strain+1971, the+way+2010, z+1969, the+brothers+mcmullen+1995, the+flying+saucer+1950, the+rage+carrie+2+1999, moving+1988, the+brothers+2001, beyond+the+sea+2004, juice+1992, mobsters+1991, crush+2001, 461 ms"
"2022-02-08T19:12:08.592199,22195,recommendation request 17645-team17.isri.cmu.edu:8082, status 200, result: bill+cosby+himself+1983, arranged+2007, the+bounty+1984, the+snowman+1982, a+goofy+movie+1995, red+dawn+1984, big+hero+6+2014, nothing+to+lose+1994, incognito+1997, freaky+friday+1976, the+beverly+hillbillies+1993, the+letter+1940, phoenix+1998, desk+set+1957, the+living+daylights+1987, island+2011, beyond+therapy+1987, above+the+law+1988, dark+passage+1947, the+emperors+new+groove+2000, 475 ms"
"2022-02-08T19:12:09.526162,162366,recommendation request 17645-team17.isri.cmu.edu:8082, status 200, result: eyewitness+1981, cry+freedom+1987, the+five+senses+1999, raging+bull+1980, the+conspiracy+2012, the+golden+voyage+of+sinbad+1973, frenzy+1972, missing+1982, mystery_+alaska+1999, courage+under+fire+1996, spirit+stallion+of+the+cimarron+2002, moving+1988, one+eight+seven+1997, the+island+1980, guilty+as+sin+1993, planet+of+the+apes+2001, the+truman+show+1998, kull+the+conqueror+1997, juice+1992, island+2011, 415 ms"
"2022-02-08T19:12:09.855665,180237,recommendation request 17645-team17.isri.cmu.edu:8082, status 200, result: remember+me+2010, the+five+senses+1999, arranged+2007, 8+seconds+1994, the+proprietor+1996, missing+1982, frenzy+1972, true+crime+1996, mystery_+alaska+1999, spirit+stallion+of+the+cimarron+2002, the+pompatus+of+love+1996, dick+tracy+1990, in+too+deep+1999, love+story+1970, masterminds+1997, one+eight+seven+1997, guilty+as+sin+1993, albatross+2011, mercenary+for+justice+2006, veronica+guerin+2003, 706 ms"
"2022-02-08T19:12:09.854898,201533,recommendation request 17645-team17.isri.cmu.edu:8082, status 200, result: gleaming+the+cube+1989, eyewitness+1981, curdled+1996, drop+zone+1994, mickeys+once+upon+a+christmas+1999, bill+cosby+himself+1983, red+dawn+1984, courage+under+fire+1996, once+bitten+1985, detective+story+1951, ice+castles+1978, chicken+run+2000, grand+canyon+1991, the+verdict+1982, four+brothers+2005, the+hitch-hiker+1953, mobsters+1991, from+here+to+eternity+1953, the+fury+1978, beyond+therapy+1987, 712 ms"
"2022-02-08T19:12:09.894407,129808,recommendation request 17645-team17.isri.cmu.edu:8082, status 200, result: the+cat+in+the+hat+2003, drop+zone+1994, rollerball+1975, top+secret+1984, ed+1996, family+plot+1976, crossroads+2002, the+country+bears+2002, light+it+up+1999, the+addams+family+1991, snow+dogs+2002, without+a+paddle+2004, father+of+the+bride+1991, a+little+princess+1995, cabin+boy+1994, big+hero+6+2014, wake+of+death+2004, planet+of+the+apes+2001, opportunity+knocks+1990, how+the+grinch+stole+christmas+2000, 747 ms"
"2022-02-08T19:12:09.921429,220474,recommendation request 17645-team17.isri.cmu.edu:8082, status 200, result: drop+zone+1994, mickeys+once+upon+a+christmas+1999, agnes+of+god+1985, sniper+2+2002, the+proprietor+1996, barbarosa+1982, sleeping+beauty+1959, lifeboat+1944, tokyo+gore+police+2008, pitch+black+2000, gumby+the+movie+1995, highlander+the+search+for+vengeance+2007, four+brothers+2005, mothra+vs.+godzilla+1964, geronimo+an+american+legend+1993, conan+the+barbarian+1982, above+the+law+1988, bloodsport+ii+1996, ratatouille+2007, terminator+2+judgment+day+1991, 792 ms"
"2022-02-08T19:12:09.924672,202436,recommendation request 17645-team17.isri.cmu.edu:8082, status 200, result: eyewitness+1981, ed+1996, the+errand+boy+1961, p.s.+2004, red+dawn+1984, son+of+the+mask+2005, maze+2000, vision+quest+1985, cabin+boy+1994, a+little+princess+1995, casper+1995, the+witches+of+eastwick+1987, patriot+games+1992, the+wizard+1989, topper+1937, the+brothers+2001, ernest+in+the+army+1998, juice+1992, the+living+daylights+1987, crush+2001, 776 ms"
"2022-02-08T19:12:09.921485,222762,recommendation request 17645-team17.isri.cmu.edu:8082, status 200, result: the+perfect+score+2004, drop+zone+1994, ed+1996, the+snowman+1982, the+warriors+way+2010, maze+2000, brimstone++treacle+1982, without+a+paddle+2004, in+the+line+of+fire+1993, casper+1995, where+the+heart+is+2000, wake+of+death+2004, opportunity+knocks+1990, the+longest+yard+1974, jurassic+park+1993, changing+lanes+2002, waiting+to+exhale+1995, juice+1992, crush+2001, conan+the+barbarian+1982, 793 ms"
"2022-02-08T19:12:10.361892,7918,recommendation request 17645-team17.isri.cmu.edu:8082, status 200, result: eyewitness+1981, love+jones+1997, rio+bravo+1959, the+next+three+days+2010, true+crime+1996, courage+under+fire+1996, normal+life+1996, dont+say+a+word+2001, ice+castles+1978, company+man+2000, albatross+2011, modesty+blaise+1966, people+like+us+2012, junebug+2005, the+incredible+hulk+2008, the+fury+1978, hopscotch+1980, 7+seconds+2005, my+one+and+only+2009, spasmo+1974, 295 ms"
"2022-02-08T19:12:10.425266,207712,recommendation request 17645-team17.isri.cmu.edu:8082, status 200, result: remember+me+2010, wreck-it+ralph+2012, cry+freedom+1987, jesus+christ+superstar+1973, six+pack+1982, stick+it+2006, james+and+the+giant+peach+1996, rancho+deluxe+1975, a+goofy+movie+1995, barbarosa+1982, the+aristocats+1970, detective+story+1951, the+company+men+2010, flash+of+genius+2008, spy+kids+3-d+game+over+2003, lightning+jack+1994, albatross+2011, the+late+shift+1996, island+2011, remember+the+night+1940, 307 ms"
"2022-02-08T19:12:10.437391,85338,recommendation request 17645-team17.isri.cmu.edu:8082, status 200, result: drop+zone+1994, mickeys+once+upon+a+christmas+1999, the+house+of+yes+1997, punchline+1988, p.s.+2004, the+other+side+of+the+mountain+1975, maze+2000, without+a+paddle+2004, footloose+1984, birdy+1984, ice+castles+1978, chicken+run+2000, wake+of+death+2004, harem+1985, the+brothers+2001, the+mighty+1998, changing+lanes+2002, crush+2001, conan+the+barbarian+1982, from+here+to+eternity+1953, 319 ms"
"2022-02-08T19:12:11.315399,111002,recommendation request 17645-team17.isri.cmu.edu:8082, status 200, result: the+glimmer+man+1996, mickeys+once+upon+a+christmas+1999, lockout+2012, notting+hill+1999, p.s.+2004, red+dawn+1984, a+goofy+movie+1995, under+siege+1992, maze+2000, a+time+to+kill+1996, freaky+friday+1976, gumby+the+movie+1995, haywire+2011, the+brothers+2001, my+beautiful+laundrette+1985, winnie+the+pooh+2011, on+deadly+ground+1994, shes+having+a+baby+1988, crush+2001, the+living+daylights+1987, 270 ms"
"2022-02-08T19:12:11.290480,293752,recommendation request 17645-team17.isri.cmu.edu:8082, status 200, result: rollerball+1975, the+house+of+yes+1997, my+man+godfrey+1957, ed+1996, lethal+weapon+3+1992, dick+tracy+1990, casper+1995, the+yakuza+1974, planet+of+the+apes+2001, gravity+2013, the+mighty+1998, jurassic+park+1993, junebug+2005, bottle+rocket+1996, the+game+1997, ali+2001, the+fury+1978, from+the+hip+1987, hook+1991, my+one+and+only+2009, 220 ms"
"2022-02-08T19:12:12.382882,47661,recommendation request 17645-team17.isri.cmu.edu:8082, status 200, result: cry+freedom+1987, what+doesnt+kill+you+2008, barbershop+2002, robot+stories+2003, dark+city+1950, the+longest+day+1962, the+conspiracy+2012, p.s.+2004, frenzy+1972, courage+under+fire+1996, the+other+side+of+the+mountain+1975, edward+scissorhands+1990, a+time+to+kill+1996, nims+island+2008, lifeboat+1944, grand+illusion+1937, another+thin+man+1939, the+verdict+1982, macabre+1958, in+harms+way+1965, 317 ms"
"2022-02-08T19:12:12.403104,303635,recommendation request 17645-team17.isri.cmu.edu:8082, status 200, result: rollerball+1975, the+last+of+the+mohicans+1992, punchline+1988, the+snowman+1982, city+slickers+1991, p.s.+2004, frenzy+1972, true+crime+1996, barbarosa+1982, maze+2000, big+hero+6+2014, bad+girls+1994, moving+1988, the+yakuza+1974, the+brothers+2001, planet+of+the+apes+2001, for+keeps+1988, changing+lanes+2002, shes+having+a+baby+1988, geronimo+an+american+legend+1993, 372 ms"
"2022-02-08T19:12:12.394982,149371,recommendation request 17645-team17.isri.cmu.edu:8082, status 200, result: black+beauty+1994, rollerball+1975, barbershop+2002, top+secret+1984, p.s.+2004, the+country+bears+2002, maze+2000, snow+dogs+2002, big+hero+6+2014, flashdance+1983, a+little+princess+1995, forrest+gump+1994, another+thin+man+1939, the+brothers+2001, shes+having+a+baby+1988, crush+2001, romeo+and+juliet+1936, untitled+2009, bingo+1991, breakfast+on+pluto+2005, 325 ms"
"2022-02-08T19:12:13.356461,5427,recommendation request 17645-team17.isri.cmu.edu:8082, status 200, result: replicant+2001, drop+zone+1994, rollerball+1975, nothing+but+trouble+1991, switchback+1997, oh_+god+1977, stick+it+2006, devil+girl+from+mars+1954, barbarosa+1982, the+wash+2001, macgruber+2010, paul+2011, splash+1984, gumby+the+movie+1995, the+old+dark+house+1932, steel+1997, the+brood+1979, the+saint+1997, 9+2005, shivers+1975, 302 ms"
"2022-02-08T19:12:14.281565,102595,recommendation request 17645-team17.isri.cmu.edu:8082, status 200, result: cry+freedom+1987, switchback+1997, the+snowman+1982, frenzy+1972, courage+under+fire+1996, big+hero+6+2014, a+little+princess+1995, moving+1988, masterminds+1997, a+man+and+a+woman+1966, junebug+2005, island+2011, the+incredible+hulk+2008, side+out+1990, hook+1991, the+man+who+knew+too+much+1956, v.i.+warshawski+1991, my+one+and+only+2009, bingo+1991, 7+seconds+2005, 224 ms"
"2022-02-08T19:12:14.384758,251138,recommendation request 17645-team17.isri.cmu.edu:8082, status 200, result: nothing+but+trouble+1991, top+secret+1984, forbidden+zone+1980, oh_+god+1977, the+house+of+yes+1997, the+conspiracy+2012, p.s.+2004, sling+blade+1996, maze+2000, light+it+up+1999, a+family+thing+1996, northfork+2003, harry+and+tonto+1974, the+brothers+2001, another+earth+2011, beyond+the+sea+2004, junebug+2005, the+mighty+1998, hogfather+2006, crush+2001, 263 ms"
"2022-02-08T19:12:14.346457,29987,recommendation request 17645-team17.isri.cmu.edu:8082, status 200, result: gleaming+the+cube+1989, taps+1981, dial+m+for+murder+1954, the+house+of+yes+1997, true+crime+1996, that+was+then...+this+is+now+1985, show+boat+1951, incognito+1997, for+your+eyes+only+1981, crossroads+1986, grand+canyon+1991, the+verdict+1982, bachelor+in+paradise+1961, the+yakuza+1974, bulworth+1998, chaos+2001, the+client+1994, the+mighty+1998, breakout+1975, goldfinger+1964, 258 ms"
"2022-02-08T19:12:15.329001,52494,recommendation request 17645-team17.isri.cmu.edu:8082, status 200, result: drop+zone+1994, cry+freedom+1987, coldblooded+1995, murder+by+numbers+2002, if+lucy+fell+1996, frenzy+1972, the+sting+1973, that+was+then...+this+is+now+1985, star+trek+insurrection+1998, star+trek+iii+the+search+for+spock+1984, striptease+1996, dumb+and+dumber+to+2014, the+letter+1940, shopping+1994, the+saint+1997, the+suburbans+1999, gravity+2013, kicked+in+the+head+1997, changing+lanes+2002, sonny+2002, 281 ms"
"2022-02-08T19:12:15.524721,122734,recommendation request 17645-team17.isri.cmu.edu:8082, status 200, result: the+snowman+1982, a+goofy+movie+1995, loving+you+1957, crossroads+2002, walle+2008, big+hero+6+2014, once+bitten+1985, code+of+silence+1985, a+family+thing+1996, flashdance+1983, footloose+1984, forrest+gump+1994, freaky+friday+1976, ice+castles+1978, gumby+the+movie+1995, phoenix+1998, private+parts+1972, the+poughkeepsie+tapes+2007, 9+2005, cars+2+2011, 455 ms"
"2022-02-08T19:12:15.558347,190416,recommendation request 17645-team17.isri.cmu.edu:8082, status 200, result: gleaming+the+cube+1989, cry+freedom+1987, the+five+senses+1999, what+doesnt+kill+you+2008, frenzy+1972, true+crime+1996, the+next+three+days+2010, sling+blade+1996, a+time+to+kill+1996, lifeboat+1944, grand+canyon+1991, the+verdict+1982, the+mighty+1998, serial+1980, juice+1992, mobsters+1991, conan+the+barbarian+1982, 7+seconds+2005, jennifer+eight+1992, dungeons++dragons+2000, 472 ms"
"2022-02-08T19:12:15.566076,50348,recommendation request 17645-team17.isri.cmu.edu:8082, status 200, result: cry+freedom+1987, the+five+senses+1999, top+secret+1984, son+of+godzilla+1967, 8+seconds+1994, the+proprietor+1996, lifeboat+1944, tokyo+gore+police+2008, splash+1984, the+beverly+hillbillies+1993, the+great+escape+1963, the+island+1980, mothra+vs.+godzilla+1964, stonewall+1995, working+girl+1988, white+palace+1990, the+truman+show+1998, crush+2001, mobsters+1991, remember+the+night+1940, 474 ms"
"2022-02-08T19:12:15.567047,125319,recommendation request 17645-team17.isri.cmu.edu:8082, status 200, result: eyewitness+1981, cry+freedom+1987, drop+zone+1994, mary+poppins+1964, deep+rising+1998, rambo+first+blood+part+ii+1985, the+addams+family+1991, freaky+friday+1976, birdy+1984, guilty+as+sin+1993, harem+1985, the+saint+1997, modesty+blaise+1966, changing+lanes+2002, hopscotch+1980, eight+men+out+1988, dinoshark+2010, today+you+die+2005, no+mercy+1986, lock+up+1989, 462 ms"
"2022-02-08T19:12:16.339018,257627,recommendation request 17645-team17.isri.cmu.edu:8082, status 200, result: cry+freedom+1987, mary+poppins+1964, raging+bull+1980, frenzy+1972, little+secrets+2001, p.s.+2004, carnosaur+2+1995, the+other+side+of+the+mountain+1975, one+little+indian+1973, a+family+thing+1996, freaky+friday+1976, forrest+gump+1994, moving+1988, iris+2001, the+matrix+revolutions+2003, white+palace+1990, juice+1992, the+brave+one+2007, hook+1991, x+the+unknown+1956, 300 ms"
"2022-02-08T19:12:16.389245,3677,recommendation request 17645-team17.isri.cmu.edu:8082, status 200, result: lockout+2012, the+snowman+1982, the+conspiracy+2012, childs+play+3+1991, a+goofy+movie+1995, freaky+friday+1976, haywire+2011, psycho+1998, masterminds+1997, jaws+3-d+1983, macabre+1958, the+matrix+revolutions+2003, bad+company+1972, the+serpent+and+the+rainbow+1988, island+2011, the+brave+one+2007, of+human+bondage+1934, cry_wolf+2005, the+emperors+new+groove+2000, ratatouille+2007, 339 ms"
"2022-02-08T19:12:17.645488,107919,recommendation request 17645-team17.isri.cmu.edu:8082, status 200, result: the+cat+in+the+hat+2003, drop+zone+1994, edmond+2005, ed+1996, p.s.+2004, barbarosa+1982, light+it+up+1999, maze+2000, flashdance+1983, asylum+1972, dick+tracy+1990, forrest+gump+1994, big+trouble+2002, casper+1995, babe+pig+in+the+city+1998, murder_+my+sweet+1944, the+brothers+2001, how+the+grinch+stole+christmas+2000, shes+having+a+baby+1988, rat+2001, 568 ms"
"2022-02-08T19:12:17.841083,299791,recommendation request 17645-team17.isri.cmu.edu:8082, status 200, result: eyewitness+1981, drop+zone+1994, the+gauntlet+1977, cookie+1989, a+time+to+kill+1996, fuck+2005, four+brothers+2005, the+yakuza+1974, juice+1992, from+dusk+till+dawn+1996, the+brave+one+2007, the+incredible+hulk+2008, millions+2005, 7+seconds+2005, dark+passage+1947, high+sierra+1941, the+arrival+1996, they+made+me+a+criminal+1939, no+mercy+1986, back+to+the+future+part+ii+1989, 752 ms"
"2022-02-08T19:12:17.911654,106288,recommendation request 17645-team17.isri.cmu.edu:8082, status 200, result: mickeys+once+upon+a+christmas+1999, the+longest+day+1962, ed+1996, intersection+1994, p.s.+2004, missing+1982, mystery_+alaska+1999, maze+2000, lifeboat+1944, forrest+gump+1994, grand+illusion+1937, casper+1995, chicken+run+2000, cadillac+man+1990, iris+2001, one+eight+seven+1997, guilty+as+sin+1993, the+brothers+2001, stonewall+1995, jurassic+park+1993, 833 ms"
"2022-02-08T19:12:18.587917,285522,recommendation request 17645-team17.isri.cmu.edu:8082, status 200, result: eyewitness+1981, drop+zone+1994, rollerball+1975, sleepers+1996, my+man+godfrey+1957, ed+1996, a+goofy+movie+1995, inception+2010, pitch+black+2000, the+saint+1997, company+man+2000, planet+of+the+apes+2001, the+yakuza+1974, the+client+1994, desk+set+1957, changing+lanes+2002, out+to+sea+1997, island+2011, flowers+in+the+attic+1987, above+the+law+1988, 475 ms"
"2022-02-08T19:12:18.780759,220676,recommendation request 17645-team17.isri.cmu.edu:8082, status 200, result: cry+freedom+1987, drop+zone+1994, forbidden+zone+1980, top+secret+1984, the+last+of+the+mohicans+1992, p.s.+2004, how+i+won+the+war+1967, big+hero+6+2014, barbarosa+1982, the+wash+2001, incognito+1997, without+a+paddle+2004, moving+1988, slap+her...+shes+french+2002, the+island+1980, wake+of+death+2004, changing+lanes+2002, the+matrix+1999, have+rocket_+will+travel+1959, the+nuns+story+1959, 693 ms"
"2022-02-08T19:12:18.795508,71821,recommendation request 17645-team17.isri.cmu.edu:8082, status 200, result: drop+zone+1994, melody+time+1948, dark+city+1950, shaft+in+africa+1973, warriors+2002, the+other+side+of+the+mountain+1975, a+time+to+kill+1996, the+aristocats+1970, father+of+the+bride+1991, 42nd+street+1933, dick+tracy+1990, on+moonlight+bay+1951, moving+1988, even+the+rain+2010, holy+motors+2012, the+saint+1997, analyze+that+2002, saludos+amigos+1942, serial+1980, changing+lanes+2002, 666 ms"
"2022-02-08T19:12:18.833011,204915,recommendation request 17645-team17.isri.cmu.edu:8082, status 200, result: wreck-it+ralph+2012, bill+cosby+himself+1983, man+of+the+year+2006, the+snowman+1982, the+conspiracy+2012, death+note+2006, solomon+kane+2009, a+goofy+movie+1995, walle+2008, p.s.+2004, maze+2000, the+aristocats+1970, sex+and+the+city+2008, one+man+band+2005, the+brothers+2001, out+to+sea+1997, crush+2001, bridesmaids+2011, lifted+2006, beyond+therapy+1987, 710 ms"
"2022-02-08T19:12:18.856904,229556,recommendation request 17645-team17.isri.cmu.edu:8082, status 200, result: cry+freedom+1987, agnes+of+god+1985, the+proprietor+1996, cookie+1989, p.s.+2004, the+promise+2005, light+it+up+1999, lifeboat+1944, phoenix+1998, the+island+1980, planet+of+the+apes+2001, geronimo+an+american+legend+1993, cherrybomb+2009, conan+the+barbarian+1982, warriors+of+heaven+and+earth+2003, above+the+law+1988, azumi+2003, rumble+fish+1983, airport+1975+1974, dungeons++dragons+2000, 734 ms"
"2022-02-08T19:12:18.797570,44887,recommendation request 17645-team17.isri.cmu.edu:8082, status 200, result: the+first+time+2012, p.s.+2004, dick+tracy+1990, splash+1984, apocalypto+2006, the+old+dark+house+1932, the+sticky+fingers+of+time+1997, the+saint+1997, gone+in+sixty+seconds+2000, eddie+and+the+cruisers+ii+eddie+lives+1989, beyond+the+sea+2004, serial+1980, the+mighty+1998, rat+2001, look+whos+talking+too+1990, time+bandits+1981, class+1983, firestarter+1984, breakfast+on+pluto+2005, starship+troopers+1997, 695 ms"
"2022-02-08T19:12:18.853524,204433,recommendation request 17645-team17.isri.cmu.edu:8082, status 200, result: shampoo+1975, about+last+night...+1986, robot+stories+2003, the+last+of+the+mohicans+1992, the+longest+day+1962, p.s.+2004, frenzy+1972, maze+2000, the+andromeda+strain+1971, a+time+to+kill+1996, 633+squadron+1964, northfork+2003, psycho+1998, moving+1988, the+yakuza+1974, free+willy+3+the+rescue+1997, crush+2001, last+night+1998, side+out+1990, carefree+1938, 749 ms"
"2022-02-08T19:12:19.376922,16394,recommendation request 17645-team17.isri.cmu.edu:8082, status 200, result: american+virgin+2000, drop+zone+1994, the+last+of+the+mohicans+1992, the+longest+day+1962, the+snowman+1982, street+fighter+the+legend+of+chun-li+2009, the+warriors+way+2010, without+a+paddle+2004, lifeboat+1944, grand+illusion+1937, casper+1995, wake+of+death+2004, planet+of+the+apes+2001, for+keeps+1988, changing+lanes+2002, in+harms+way+1965, blind+fury+1989, from+here+to+eternity+1953, conan+the+barbarian+1982, the+nuns+story+1959, 300 ms"
"2022-02-08T19:12:19.280808,11836,recommendation request 17645-team17.isri.cmu.edu:8082, status 200, result: cry+freedom+1987, barbershop+2002, melody+time+1948, the+last+of+the+mohicans+1992, the+longest+day+1962, intersection+1994, p.s.+2004, the+other+side+of+the+mountain+1975, fathers+little+dividend+1951, 633+squadron+1964, maze+2000, the+aristocats+1970, another+thin+man+1939, bachelor+in+paradise+1961, the+letter+1940, love+crazy+1941, saludos+amigos+1942, the+brothers+2001, on+the+town+1949, white+palace+1990, 238 ms"
"2022-02-08T19:12:20.430449,18603,recommendation request 17645-team17.isri.cmu.edu:8082, status 200, result: the+conspiracy+2012, p.s.+2004, altered+2006, spirit+stallion+of+the+cimarron+2002, rising+sun+1993, birdy+1984, nims+island+2008, the+lawless+heart+2002, harem+1985, the+yakuza+1974, the+pornographers+1966, island+2011, hook+1991, eight+men+out+1988, juno+2007, dinoshark+2010, spirited+away+2001, phantoms+1998, shrek+the+third+2007, old+gringo+1989, 392 ms"
"2022-02-08T19:12:20.303618,27709,recommendation request 17645-team17.isri.cmu.edu:8082, status 200, result: meet+me+in+st.+louis+1944, shampoo+1975, the+dresser+1983, the+conspiracy+2012, sling+blade+1996, p.s.+2004, point+blank+1967, courage+under+fire+1996, nothing+to+lose+1994, dont+move+2004, forrest+gump+1994, random+hearts+1999, the+verdict+1982, the+letter+1940, iris+2001, albatross+2011, the+mighty+1998, on+the+town+1949, island+2011, proof+2005, 277 ms"
"2022-02-08T19:12:21.382677,188182,recommendation request 17645-team17.isri.cmu.edu:8082, status 200, result: serenity+2005, rollerball+1975, back+to+the+future+part+iii+1990, arranged+2007, the+lost+world+1925, the+last+starfighter+1984, catchfire+1990, small+soldiers+1998, e.t.+the+extra-terrestrial+1982, the+pumaman+1980, uncertainty+2009, back+to+the+future+1985, the+island+1980, honeysuckle+rose+1980, jurassic+park+1993, kull+the+conqueror+1997, groove+2000, in+hell+2003, four+daughters+1938, above+the+law+1988, 268 ms"
"2022-02-08T19:12:21.424425,95169,recommendation request 17645-team17.isri.cmu.edu:8082, status 200, result: drop+zone+1994, bill+cosby+himself+1983, rollerball+1975, bridget+joness+diary+2001, picture+perfect+1997, 8+seconds+1994, the+conspiracy+2012, star+wars+episode+iii+-+revenge+of+the+sith+2005, the+snowman+1982, frenzy+1972, p.s.+2004, identity+2003, maze+2000, spirit+stallion+of+the+cimarron+2002, the+aristocats+1970, asylum+1972, without+a+paddle+2004, the+brothers+mcmullen+1995, johnny+english+2003, planet+of+the+apes+2001, 297 ms"
"2022-02-08T19:12:21.466119,148564,recommendation request 17645-team17.isri.cmu.edu:8082, status 200, result: drop+zone+1994, rollerball+1975, bill+cosby+himself+1983, man+of+the+year+2006, lockout+2012, the+snowman+1982, easy+come_+easy+go+1967, the+watch+2012, premium+rush+2012, asylum+1972, taxi+2004, shes+having+a+baby+1988, island+2011, bridesmaids+2011, beyond+therapy+1987, easy+money+1983, spasmo+1974, s.+darko+2009, captain+america+the+winter+soldier+2014, meatballs+4+1992, 306 ms"
"2022-02-08T19:12:22.448517,21018,recommendation request 17645-team17.isri.cmu.edu:8082, status 200, result: barbershop+2002, 8+seconds+1994, a+very+harold++kumar+christmas+2011, son+of+the+mask+2005, asylum+1972, caveman+1981, dick+tracy+1990, paul+2011, another+thin+man+1939, apocalypto+2006, private+parts+1972, the+saint+1997, gone+in+sixty+seconds+2000, saw+vi+2009, conan+the+barbarian+1982, island+2011, proof+2005, spasmo+1974, starship+troopers+1997, dungeons++dragons+2000, 328 ms"
"2022-02-08T19:12:22.465871,92608,recommendation request 17645-team17.isri.cmu.edu:8082, status 200, result: drop+zone+1994, rollerball+1975, switchback+1997, the+house+of+yes+1997, without+a+paddle+2004, steel+1997, lionheart+1990, wake+of+death+2004, planet+of+the+apes+2001, the+saint+1997, the+mighty+1998, the+matrix+revolutions+2003, changing+lanes+2002, the+brave+one+2007, hopscotch+1980, today+you+die+2005, airport+1975+1974, rescue+dawn+2006, the+professional+1981, bulletproof+1996, 355 ms"
"2022-02-08T19:12:22.462956,228880,recommendation request 17645-team17.isri.cmu.edu:8082, status 200, result: shampoo+1975, forbidden+zone+1980, the+last+of+the+mohicans+1992, punchline+1988, book+of+shadows+blair+witch+2+2000, the+conspiracy+2012, p.s.+2004, how+i+won+the+war+1967, maze+2000, masterminds+1997, back+to+school+1986, the+brothers+2001, beyond+the+sea+2004, junebug+2005, the+matrix+1999, crush+2001, some+days+are+better+than+others+2011, class+1983, his+girl+friday+1940, hopscotch+1980, 338 ms"
"2022-02-08T19:12:23.456890,193920,recommendation request 17645-team17.isri.cmu.edu:8082, status 200, result: eyewitness+1981, lockout+2012, frenzy+1972, true+crime+1996, p.s.+2004, maze+2000, vision+quest+1985, a+little+princess+1995, haywire+2011, the+witches+of+eastwick+1987, guilty+as+sin+1993, the+brothers+2001, crush+2001, the+incredible+hulk+2008, hopscotch+1980, untitled+2009, today+you+die+2005, spasmo+1974, they+made+me+a+criminal+1939, patton+1970, 384 ms"
"2022-02-08T19:12:23.606156,112377,recommendation request 17645-team17.isri.cmu.edu:8082, status 200, result: eyewitness+1981, the+last+of+the+mohicans+1992, p.s.+2004, red+dawn+1984, maze+2000, dont+tell+her+its+me+1990, forrest+gump+1994, chronicle+2012, love+story+1970, patriot+games+1992, the+brothers+2001, for+keeps+1988, shes+having+a+baby+1988, juice+1992, island+2011, from+here+to+eternity+1953, crush+2001, the+women+2008, side+out+1990, the+incredible+hulk+2008, 530 ms"
"2022-02-08T19:12:23.608439,193533,recommendation request 17645-team17.isri.cmu.edu:8082, status 200, result: rollerball+1975, top+secret+1984, barbershop+2002, ed+1996, sling+blade+1996, p.s.+2004, son+of+the+mask+2005, crossroads+2002, the+other+side+of+the+mountain+1975, the+addams+family+1991, the+country+bears+2002, snow+dogs+2002, big+hero+6+2014, northfork+2003, a+little+princess+1995, ice+castles+1978, casper+1995, another+thin+man+1939, get+out+your+handkerchiefs+1978, planet+of+the+apes+2001, 532 ms"
"2022-02-08T19:12:23.626372,2118,recommendation request 17645-team17.isri.cmu.edu:8082, status 200, result: switchback+1997, six+pack+1982, punchline+1988, city+slickers+1991, notting+hill+1999, p.s.+2004, courage+under+fire+1996, barbarosa+1982, maze+2000, a+time+to+kill+1996, a+family+thing+1996, bad+girls+1994, harry+and+tonto+1974, the+yakuza+1974, the+brothers+2001, my+beautiful+laundrette+1985, shes+having+a+baby+1988, geronimo+an+american+legend+1993, island+2011, crush+2001, 541 ms"
"2022-02-08T19:12:23.634366,173775,recommendation request 17645-team17.isri.cmu.edu:8082, status 200, result: american+virgin+2000, cry+freedom+1987, what+doesnt+kill+you+2008, top+secret+1984, barbershop+2002, six+pack+1982, melody+time+1948, frenzy+1972, true+crime+1996, sleeping+beauty+1959, the+addams+family+1991, the+aristocats+1970, a+time+to+kill+1996, a+family+thing+1996, freaky+friday+1976, a+little+princess+1995, another+thin+man+1939, harry+and+tonto+1974, private+parts+1972, murder_+my+sweet+1944, 557 ms"
"2022-02-08T19:12:24.460014,138708,recommendation request 17645-team17.isri.cmu.edu:8082, status 200, result: arranged+2007, missing+1982, the+official+story+1985, sling+blade+1996, p.s.+2004, maze+2000, birdy+1984, dick+tracy+1990, moving+1988, apocalypto+2006, the+saint+1997, gone+in+sixty+seconds+2000, the+brothers+2001, the+mighty+1998, crush+2001, the+women+2008, the+fury+1978, dinoshark+2010, untitled+2009, the+allnighter+1987, 421 ms"
"2022-02-08T19:12:24.522232,113308,recommendation request 17645-team17.isri.cmu.edu:8082, status 200, result: replicant+2001, eyewitness+1981, cry+freedom+1987, rollerball+1975, suburban+commando+1991, my+man+godfrey+1957, ed+1996, p.s.+2004, maze+2000, pitch+black+2000, spy+kids+3-d+game+over+2003, the+letter+1940, the+island+1980, planet+of+the+apes+2001, the+brothers+2001, happy+together+1997, island+2011, crush+2001, hopscotch+1980, today+you+die+2005, 483 ms"
"2022-02-08T19:12:24.713030,70045,recommendation request 17645-team17.isri.cmu.edu:8082, status 200, result: black+beauty+1994, drop+zone+1994, rollerball+1975, the+last+of+the+mohicans+1992, picture+perfect+1997, the+longest+day+1962, star+wars+episode+iii+-+revenge+of+the+sith+2005, sling+blade+1996, 633+squadron+1964, without+a+paddle+2004, freaky+friday+1976, bean+1997, a+little+princess+1995, the+letter+1940, the+island+1980, the+mighty+1998, jurassic+park+1993, desk+set+1957, kull+the+conqueror+1997, changing+lanes+2002, 669 ms"
"2022-02-08T19:12:24.713110,9731,recommendation request 17645-team17.isri.cmu.edu:8082, status 200, result: shampoo+1975, dreamgirls+2006, punchline+1988, japanese+story+2003, the+butterfly+effect+3+revelations+2009, my+own+private+idaho+1991, dick+tracy+1990, big+trouble+2002, apocalypto+2006, shes+having+a+baby+1988, american+psycho+2+all+american+girl+2002, the+juror+1996, the+living+daylights+1987, ali+2001, breakdown+1997, his+girl+friday+1940, hopscotch+1980, little+murders+1971, big+fan+2009, tumbleweeds+1999, 668 ms"
"2022-02-08T19:12:24.713093,221385,recommendation request 17645-team17.isri.cmu.edu:8082, status 200, result: american+virgin+2000, rollerball+1975, switchback+1997, star+wars+episode+iii+-+revenge+of+the+sith+2005, true+crime+1996, crossroads+2002, the+aristocats+1970, in+the+line+of+fire+1993, dick+tracy+1990, lionheart+1990, planet+of+the+apes+2001, gone+in+sixty+seconds+2000, changing+lanes+2002, veronica+guerin+2003, eragon+2006, mobsters+1991, the+juror+1996, hook+1991, 7+seconds+2005, bingo+1991, 655 ms"
"2022-02-08T19:12:24.713125,261720,recommendation request 17645-team17.isri.cmu.edu:8082, status 200, result: cry+freedom+1987, about+last+night...+1986, robot+stories+2003, lockout+2012, p.s.+2004, red+dawn+1984, son+of+the+mask+2005, courage+under+fire+1996, maze+2000, the+virgin+suicides+1999, gumby+the+movie+1995, haywire+2011, the+brood+1979, 9+2005, the+brothers+2001, topper+1937, for+keeps+1988, shivers+1975, shes+having+a+baby+1988, crush+2001, 660 ms"
"2022-02-08T19:12:25.520574,165869,recommendation request 17645-team17.isri.cmu.edu:8082, status 200, result: the+cat+in+the+hat+2003, rollerball+1975, the+avengers+1998, the+westerner+1940, ed+1996, family+plot+1976, barbarosa+1982, incognito+1997, dick+tracy+1990, tap+1989, dont+say+a+word+2001, apocalypto+2006, the+saint+1997, analyze+that+2002, gone+in+sixty+seconds+2000, opportunity+knocks+1990, how+the+grinch+stole+christmas+2000, planet+of+the+apes+2001, have+rocket_+will+travel+1959, the+brave+one+2007, 442 ms"
"2022-02-08T19:12:25.689168,301666,recommendation request 17645-team17.isri.cmu.edu:8082, status 200, result: rollerball+1975, robot+stories+2003, the+longest+day+1962, ed+1996, the+snowman+1982, star+wars+episode+iii+-+revenge+of+the+sith+2005, p.s.+2004, missing+1982, mystery_+alaska+1999, big+hero+6+2014, northfork+2003, father+of+the+bride+1991, lifeboat+1944, grand+illusion+1937, casper+1995, one+eight+seven+1997, guilty+as+sin+1993, planet+of+the+apes+2001, topper+1937, jurassic+park+1993, 611 ms"
"2022-02-08T19:12:25.692162,31367,recommendation request 17645-team17.isri.cmu.edu:8082, status 200, result: dead+of+winter+1987, eyewitness+1981, drop+zone+1994, barbershop+2002, the+proprietor+1996, walle+2008, big+hero+6+2014, a+little+princess+1995, another+thin+man+1939, phoenix+1998, four+brothers+2005, cars+2+2011, touch+of+evil+1958, the+curse+of+the+cat+people+1944, dark+passage+1947, dugs+special+mission+2009, today+you+die+2005, ratatouille+2007, the+thin+man+goes+home+1945, private+lives+1931, 620 ms"
"2022-02-08T19:12:25.753689,117020,recommendation request 17645-team17.isri.cmu.edu:8082, status 200, result: eyewitness+1981, switchback+1997, sleepers+1996, a+goofy+movie+1995, courage+under+fire+1996, edward+scissorhands+1990, code+of+silence+1985, without+a+paddle+2004, the+verdict+1982, masterminds+1997, the+letter+1940, guilty+as+sin+1993, phoenix+1998, the+yakuza+1974, the+client+1994, armed+and+dangerous+1986, serial+1980, changing+lanes+2002, island+2011, the+hot+spot+1990, 675 ms"
"2022-02-08T19:12:25.765858,19239,recommendation request 17645-team17.isri.cmu.edu:8082, status 200, result: eyewitness+1981, switchback+1997, rollerball+1975, lockout+2012, courage+under+fire+1996, edward+scissorhands+1990, haywire+2011, the+verdict+1982, sanjuro+1962, planet+of+the+apes+2001, junebug+2005, island+2011, from+here+to+eternity+1953, ali+2001, breakdown+1997, remember+the+night+1940, made+of+honor+2008, my+one+and+only+2009, ruby++quentin+2003, spasmo+1974, 655 ms"
"2022-02-08T19:12:25.765896,221257,recommendation request 17645-team17.isri.cmu.edu:8082, status 200, result: wreck-it+ralph+2012, rio+2+2014, the+children+2008, the+conspiracy+2012, childs+play+3+1991, parker+2013, the+aristocats+1970, the+rage+carrie+2+1999, dead+reckoning+1947, the+island+1980, quarantine+2008, macabre+1958, skinwalkers+2006, mercenary+for+justice+2006, out+to+sea+1997, conan+the+barbarian+1982, 7+seconds+2005, bloodsport+ii+1996, gozu+2003, chicken+little+2005, 638 ms"
"2022-02-08T19:12:26.411393,40696,recommendation request 17645-team17.isri.cmu.edu:8082, status 200, result: black+beauty+1994, the+dresser+1983, 8+seconds+1994, p.s.+2004, frenzy+1972, mystery_+alaska+1999, rambo+first+blood+part+ii+1985, light+it+up+1999, all+the+mornings+of+the+world+1991, in+the+line+of+fire+1993, a+little+princess+1995, beyond+2010, albatross+2011, lady+chatterley+2006, a+man+and+a+woman+1966, full+speed+1996, jurassic+park+1993, the+nuns+story+1959, six+weeks+1982, today+you+die+2005, 321 ms"
"2022-02-08T19:12:26.488989,204172,recommendation request 17645-team17.isri.cmu.edu:8082, status 200, result: black+beauty+1994, cry+freedom+1987, dark+city+1950, intersection+1994, frenzy+1972, p.s.+2004, rambo+first+blood+part+ii+1985, light+it+up+1999, barbarosa+1982, the+andromeda+strain+1971, freaky+friday+1976, footloose+1984, bad+girls+1994, psycho+1998, the+verdict+1982, my+fair+lady+1964, shes+having+a+baby+1988, island+2011, the+incredible+hulk+2008, above+the+law+1988, 346 ms"
"2022-02-08T19:12:27.446958,216202,recommendation request 17645-team17.isri.cmu.edu:8082, status 200, result: gleaming+the+cube+1989, barbershop+2002, fathers+little+dividend+1951, birdy+1984, another+thin+man+1939, grand+canyon+1991, the+verdict+1982, the+letter+1940, a+patch+of+blue+1965, the+truman+show+1998, romeo+and+juliet+1936, 7+seconds+2005, h.m.+pulham_+esq.+1941, return+to+me+2000, private+lives+1931, babes+in+toyland+1934, holiday+1938, no+mercy+1986, the+allnighter+1987, dopamine+2003, 340 ms"
"2022-02-08T19:12:27.489784,294538,recommendation request 17645-team17.isri.cmu.edu:8082, status 200, result: six+pack+1982, a+goofy+movie+1995, p.s.+2004, the+country+bears+2002, snow+dogs+2002, show+boat+1951, edward+scissorhands+1990, freaky+friday+1976, dick+tracy+1990, the+matrix+revolutions+2003, the+brave+one+2007, ever+after+a+cinderella+story+1998, the+fury+1978, hopscotch+1980, dinoshark+2010, bingo+1991, letters+from+iwo+jima+2006, underdog+2007, edge+of+tomorrow+2014, beyond+the+poseidon+adventure+1979, 408 ms"
"2022-02-08T19:12:28.434857,75465,recommendation request 17645-team17.isri.cmu.edu:8082, status 200, result: six+pack+1982, the+last+of+the+mohicans+1992, notting+hill+1999, p.s.+2004, frenzy+1972, true+crime+1996, maze+2000, a+family+thing+1996, moving+1988, harry+and+tonto+1974, the+yakuza+1974, the+brothers+2001, for+keeps+1988, my+beautiful+laundrette+1985, junebug+2005, shes+having+a+baby+1988, free+willy+3+the+rescue+1997, crush+2001, from+here+to+eternity+1953, the+incredible+hulk+2008, 350 ms"
"2022-02-08T19:12:28.555688,208297,recommendation request 17645-team17.isri.cmu.edu:8082, status 200, result: six+pack+1982, notting+hill+1999, sling+blade+1996, p.s.+2004, a+goofy+movie+1995, playing+the+victim+2006, frenzy+1972, light+it+up+1999, maze+2000, true+crime+1996, northfork+2003, freaky+friday+1976, 4+2005, the+verdict+1982, the+brothers+2001, my+beautiful+laundrette+1985, the+mighty+1998, shes+having+a+baby+1988, hogfather+2006, crush+2001, 455 ms"
"2022-02-08T19:12:28.587281,12378,recommendation request 17645-team17.isri.cmu.edu:8082, status 200, result: bill+cosby+himself+1983, the+wood+1999, bossa+nova+2000, dark+city+1950, intersection+1994, ed+1996, the+lucky+ones+2008, p.s.+2004, the+way+2010, casper+1995, jurassic+park+1993, junebug+2005, mighty+aphrodite+1995, mobsters+1991, island+2011, north+1994, the+women+2008, hook+1991, the+fan+1981, dark+passage+1947, 505 ms"
"2022-02-08T19:12:28.609825,278160,recommendation request 17645-team17.isri.cmu.edu:8082, status 200, result: american+ninja+1985, macgruber+2010, detective+story+1951, dick+tracy+1990, casper+1995, splash+1984, harry+and+tonto+1974, apocalypto+2006, the+old+dark+house+1932, the+saint+1997, the+yakuza+1974, gone+in+sixty+seconds+2000, gravity+2013, another+earth+2011, beyond+the+sea+2004, junebug+2005, jurassic+park+1993, the+game+1997, rat+2001, the+women+2008, 510 ms"
"2022-02-08T19:12:28.622839,129450,recommendation request 17645-team17.isri.cmu.edu:8082, status 200, result: dead+of+winter+1987, stick+it+2006, the+proprietor+1996, frenzy+1972, cabin+boy+1994, lifeboat+1944, inception+2010, the+verdict+1982, lenfer+1994, the+yakuza+1974, the+reader+2008, fabled+2002, the+matrix+revolutions+2003, bottle+rocket+1996, the+matrix+1999, ali+2001, dark+passage+1947, come+see+the+paradise+1990, the+thin+man+goes+home+1945, rushmore+1998, 521 ms"
"2022-02-08T19:12:29.422574,111867,recommendation request 17645-team17.isri.cmu.edu:8082, status 200, result: crush+1992, the+glimmer+man+1996, man+of+the+year+2006, nine+lives+2005, the+high+and+the+mighty+1954, waking+up+in+reno+2002, dont+move+2004, jab+we+met+2007, suddenly+1954, the+other+side+of+the+mountain+1975, never+again+2002, lethal+weapon+3+1992, the+mother+2003, jackie+brown+1997, ice+castles+1978, phoenix+1998, a+beautiful+mind+2001, away+from+her+2006, cherrybomb+2009, mighty+aphrodite+1995, 332 ms"
"2022-02-08T19:12:29.621631,15857,recommendation request 17645-team17.isri.cmu.edu:8082, status 200, result: the+avengers+1998, the+conspiracy+2012, childs+play+3+1991, true+crime+1996, barbarosa+1982, the+wash+2001, altered+2006, incognito+1997, the+hound+of+the+baskervilles+1978, psycho+1998, the+beverly+hillbillies+1993, a+shock+to+the+system+1990, masterminds+1997, jaws+3-d+1983, the+serpent+and+the+rainbow+1988, body+double+1984, the+brave+one+2007, hopscotch+1980, cry_wolf+2005, dinoshark+2010, 521 ms"
"2022-02-08T19:12:29.621561,259103,recommendation request 17645-team17.isri.cmu.edu:8082, status 200, result: the+snowman+1982, frenzy+1972, true+crime+1996, big+hero+6+2014, once+bitten+1985, dick+tracy+1990, ice+castles+1978, the+yakuza+1974, gravity+2013, the+comancheros+1961, the+game+1997, veronica+guerin+2003, island+2011, from+here+to+eternity+1953, burnt+offerings+1976, 7+seconds+2005, made+of+honor+2008, bingo+1991, ruby++quentin+2003, spasmo+1974, 513 ms"
"2022-02-08T19:12:29.621650,7029,recommendation request 17645-team17.isri.cmu.edu:8082, status 200, result: the+wood+1999, the+dresser+1983, the+gauntlet+1977, cookie+1989, frenzy+1972, true+crime+1996, courage+under+fire+1996, edward+scissorhands+1990, in+the+line+of+fire+1993, bean+1997, the+verdict+1982, albatross+2011, serial+1980, island+2011, the+juror+1996, blind+fury+1989, six+weeks+1982, down+in+the+delta+1998, they+made+me+a+criminal+1939, cobra+1986, 507 ms"
"2022-02-08T19:12:29.629849,139421,recommendation request 17645-team17.isri.cmu.edu:8082, status 200, result: cry+freedom+1987, drop+zone+1994, suburban+commando+1991, criminal+law+1988, 23+1998, last+holiday+2006, light+it+up+1999, a+time+to+kill+1996, without+a+paddle+2004, nims+island+2008, dick+tracy+1990, spy+kids+3-d+game+over+2003, casper+1995, the+island+1980, guilty+as+sin+1993, the+yakuza+1974, the+client+1994, joy+ride+2001, changing+lanes+2002, veronica+guerin+2003, 515 ms"
"2022-02-08T19:12:30.474852,14852,recommendation request 17645-team17.isri.cmu.edu:8082, status 200, result: jaws+1975, when+a+stranger+calls+1979, anaconda+3+offspring+2008, the+conspiracy+2012, loving+you+1957, crossroads+2002, the+evening+star+1996, flashdance+1983, footloose+1984, frankie+and+johnny+1966, forrest+gump+1994, down+to+you+2000, drumline+2002, holiday+inn+1942, macabre+1958, the+most+dangerous+game+1932, breakout+1975, the+st++francisville+experiment+2000, houseboat+1958, clueless+1995, 416 ms"
"2022-02-08T19:12:30.726858,110068,recommendation request 17645-team17.isri.cmu.edu:8082, status 200, result: shampoo+1975, rollerball+1975, arranged+2007, punchline+1988, ed+1996, star+wars+episode+iii+-+revenge+of+the+sith+2005, a+goofy+movie+1995, crossroads+2002, the+world+unseen+2007, freaky+friday+1976, the+woman+2011, casper+1995, another+thin+man+1939, masterminds+1997, planet+of+the+apes+2001, jurassic+park+1993, blind+fury+1989, island+2011, crush+2001, from+the+hip+1987, 677 ms"
"2022-02-08T19:12:30.740383,165542,recommendation request 17645-team17.isri.cmu.edu:8082, status 200, result: mickeys+once+upon+a+christmas+1999, the+wood+1999, coldblooded+1995, dreamgirls+2006, the+million+dollar+hotel+2000, the+gauntlet+1977, oh_+god+1977, p.s.+2004, a+goofy+movie+1995, the+lucky+ones+2008, walle+2008, big+hero+6+2014, snow+dogs+2002, nims+island+2008, gumby+the+movie+1995, dumb+and+dumber+to+2014, moving+1988, cars+2+2011, jurassic+park+1993, people+like+us+2012, 649 ms"
"2022-02-08T19:12:30.740528,216345,recommendation request 17645-team17.isri.cmu.edu:8082, status 200, result: north+by+northwest+1959, eyewitness+1981, the+five+senses+1999, about+last+night...+1986, frenzy+1972, p.s.+2004, courage+under+fire+1996, maze+2000, code+of+silence+1985, in+the+line+of+fire+1993, obsessed+2009, excision+2012, your+friends++neighbors+1998, hot+tub+time+machine+2010, phoenix+1998, ghoulies+ii+1987, albatross+2011, people+like+us+2012, island+2011, crush+2001, 634 ms"
"2022-02-08T19:12:30.758425,133077,recommendation request 17645-team17.isri.cmu.edu:8082, status 200, result: rio+2+2014, the+fly+1986, the+proprietor+1996, return+of+the+fly+1959, missing+1982, true+crime+1996, red+dawn+1984, mystery_+alaska+1999, the+aristocats+1970, a+time+to+kill+1996, paul+2011, one+eight+seven+1997, guilty+as+sin+1993, juice+1992, island+2011, the+brave+one+2007, the+juror+1996, above+the+law+1988, ice+age+dawn+of+the+dinosaurs+2009, high+sierra+1941, 702 ms"
"2022-02-08T19:12:30.740506,175758,recommendation request 17645-team17.isri.cmu.edu:8082, status 200, result: the+perfect+score+2004, the+glimmer+man+1996, arranged+2007, the+five+senses+1999, and+now...+ladies+and+gentlemen...+2002, forces+of+nature+1999, the+cobbler+2014, point+blank+1967, under+siege+1992, a+time+to+kill+1996, big+trouble+2002, dont+say+a+word+2001, masterminds+1997, blood_+guts_+bullets+and+octane+1998, joy+ride+2001, the+longest+yard+1974, on+deadly+ground+1994, junebug+2005, island+2011, above+the+law+1988, 645 ms"
"2022-02-08T19:12:30.742198,118846,recommendation request 17645-team17.isri.cmu.edu:8082, status 200, result: american+virgin+2000, barbershop+2002, about+last+night...+1986, p.s.+2004, loving+you+1957, the+other+side+of+the+mountain+1975, maze+2000, spirit+stallion+of+the+cimarron+2002, casper+1995, another+thin+man+1939, swing+time+1936, jurassic+park+1993, shes+having+a+baby+1988, crush+2001, conan+the+barbarian+1982, side+out+1990, hook+1991, carefree+1938, the+idolmaker+1980, private+lives+1931, 635 ms"
"2022-02-08T19:12:31.445347,209028,recommendation request 17645-team17.isri.cmu.edu:8082, status 200, result: eyewitness+1981, bridget+joness+diary+2001, rio+bravo+1959, definitely_+maybe+2008, 8+seconds+1994, the+conspiracy+2012, the+amazing+spider-man+2012, p.s.+2004, the+promise+2005, crossroads+2002, without+a+paddle+2004, prince+of+persia+the+sands+of+time+2010, dick+tracy+1990, phoenix+1998, junebug+2005, cherrybomb+2009, eye+of+the+beholder+1999, millions+2005, the+guest+2014, hopscotch+1980, 320 ms"
"2022-02-08T19:12:31.460736,253249,recommendation request 17645-team17.isri.cmu.edu:8082, status 200, result: the+five+senses+1999, rollerball+1975, melody+time+1948, raging+bull+1980, ed+1996, the+conspiracy+2012, star+wars+episode+iii+-+revenge+of+the+sith+2005, casper+1995, bachelor+in+paradise+1961, love+crazy+1941, saludos+amigos+1942, planet+of+the+apes+2001, sanjuro+1962, on+the+town+1949, jurassic+park+1993, saw+vi+2009, millions+2005, hook+1991, phantoms+1998, the+hidden+fortress+1958, 375 ms"
"2022-02-08T19:12:31.461465,128490,recommendation request 17645-team17.isri.cmu.edu:8082, status 200, result: home+page+1998, rancho+deluxe+1975, p.s.+2004, sling+blade+1996, barbarosa+1982, maze+2000, brimstone++treacle+1982, the+woman+2011, casper+1995, psycho+1998, lightning+jack+1994, the+island+1980, the+brothers+2001, the+mighty+1998, the+late+shift+1996, crush+2001, the+incredible+hulk+2008, king+kong+lives+1986, hook+1991, the+fan+1981, 336 ms"
"2022-02-08T19:12:32.311746,140274,recommendation request 17645-team17.isri.cmu.edu:8082, status 200, result: barbershop+2002, werewolves+on+wheels+1971, missing+1982, mystery_+alaska+1999, a+time+to+kill+1996, another+thin+man+1939, one+eight+seven+1997, guilty+as+sin+1993, dead+reckoning+1947, the+yakuza+1974, the+client+1994, changing+lanes+2002, island+2011, above+the+law+1988, high+sierra+1941, spasmo+1974, private+lives+1931, babes+in+toyland+1934, they+made+me+a+criminal+1939, snakes+on+a+plane+2006, 276 ms"
"2022-02-08T19:12:32.770522,143992,recommendation request 17645-team17.isri.cmu.edu:8082, status 200, result: shampoo+1975, eyewitness+1981, rollerball+1975, the+house+of+yes+1997, star+wars+episode+iii+-+revenge+of+the+sith+2005, i+like+it+like+that+1994, courage+under+fire+1996, the+other+side+of+the+mountain+1975, maze+2000, love+story+1970, planet+of+the+apes+2001, albatross+2011, the+mighty+1998, modesty+blaise+1966, look+whos+talking+too+1990, crush+2001, island+2011, murphys+romance+1985, side+out+1990, blood+and+sand+1989, 735 ms"
"2022-02-08T19:12:32.790884,148608,recommendation request 17645-team17.isri.cmu.edu:8082, status 200, result: the+perfect+score+2004, eyewitness+1981, cry+freedom+1987, gotcha+1985, that+was+then...+this+is+now+1985, masterminds+1997, titanic+1997, a+beautiful+mind+2001, blue+streak+1999, the+longest+yard+1974, modesty+blaise+1966, 7+seconds+2005, hopscotch+1980, no+mercy+1986, the+naked+gun+2+the+smell+of+fear+1991, l.i.e.+2001, the+honeymooners+2005, were+no+angels+1955, firestorm+1998, national+security+2003, 726 ms"
"2022-02-08T19:12:33.167377,1056,recommendation request 17645-team17.isri.cmu.edu:8082, status 200, result: im+no+angel+1933, the+major+and+the+minor+1942, commandments+1997, easy+come_+easy+go+1967, horse+feathers+1932, walle+2008, never+again+2002, midnight+1939, cousins+1989, frankie+and+johnny+1966, emma+2009, date+with+an+angel+1987, toy+story+of+terror+2013, drumline+2002, cars+2+2011, another+earth+2011, serial+1980, dedication+2007, easy+2003, the+beautician+and+the+beast+1997, 160 ms"
"2022-02-08T19:12:33.272157,181080,recommendation request 17645-team17.isri.cmu.edu:8082, status 200, result: american+virgin+2000, curdled+1996, rollerball+1975, the+avengers+1998, lockout+2012, incognito+1997, footloose+1984, haywire+2011, analyze+that+2002, planet+of+the+apes+2001, jurassic+park+1993, junebug+2005, the+hitch-hiker+1953, mobsters+1991, the+brave+one+2007, conan+the+barbarian+1982, remember+the+night+1940, made+of+honor+2008, ruby++quentin+2003, the+idolmaker+1980, 261 ms"
"2022-02-08T19:12:33.325877,17774,recommendation request 17645-team17.isri.cmu.edu:8082, status 200, result: north+by+northwest+1959, nothing+but+trouble+1991, barbershop+2002, the+dresser+1983, the+last+of+the+mohicans+1992, the+proprietor+1996, doc+hollywood+1991, national+lampoons+van+wilder+2002, 633+squadron+1964, birdy+1984, psycho+1998, another+thin+man+1939, hot+tub+time+machine+2010, harem+1985, albatross+2011, the+nuns+story+1959, six+weeks+1982, the+fan+1981, eight+men+out+1988, return+to+me+2000, 279 ms"
"2022-02-08T19:12:33.447720,184733,recommendation request 17645-team17.isri.cmu.edu:8082, status 200, result: the+five+senses+1999, criminal+law+1988, robot+stories+2003, the+last+of+the+mohicans+1992, agnes+of+god+1985, the+proprietor+1996, the+promise+2005, the+other+side+of+the+mountain+1975, z+1969, pitch+black+2000, ice+castles+1978, almost+famous+2000, beyond+the+sea+2004, shes+having+a+baby+1988, cherrybomb+2009, the+juror+1996, from+here+to+eternity+1953, last+night+1998, millions+2005, taking+chance+2009, 400 ms"
"2022-02-08T19:12:33.480480,25990,recommendation request 17645-team17.isri.cmu.edu:8082, status 200, result: cry+freedom+1987, the+avengers+1998, the+gauntlet+1977, 8+seconds+1994, p.s.+2004, walle+2008, the+other+side+of+the+mountain+1975, maze+2000, lethal+weapon+3+1992, incognito+1997, inception+2010, one+man+band+2005, wake+of+death+2004, analyze+that+2002, white+palace+1990, island+2011, the+brave+one+2007, conan+the+barbarian+1982, crush+2001, lifted+2006, 426 ms"
"2022-02-08T19:12:34.384697,211393,recommendation request 17645-team17.isri.cmu.edu:8082, status 200, result: rio+bravo+1959, intersection+1994, raging+bull+1980, courage+under+fire+1996, detective+story+1951, footloose+1984, the+verdict+1982, love+story+1970, albatross+2011, my+fair+lady+1964, junebug+2005, six+weeks+1982, my+one+and+only+2009, jennifer+eight+1992, the+idolmaker+1980, down+in+the+delta+1998, pale+rider+1985, native+son+1986, american+splendor+2003, rocky+1976, 315 ms"
"2022-02-08T19:12:34.391452,43483,recommendation request 17645-team17.isri.cmu.edu:8082, status 200, result: cry+freedom+1987, about+last+night...+1986, sleepers+1996, sling+blade+1996, cookie+1989, birdy+1984, harem+1985, the+client+1994, the+mighty+1998, the+truman+show+1998, look+whos+talking+too+1990, side+out+1990, remember+the+night+1940, eight+men+out+1988, high+sierra+1941, they+made+me+a+criminal+1939, gung+ho+1986, patton+1970, the+allnighter+1987, beyond+the+poseidon+adventure+1979, 327 ms"
"2022-02-08T19:12:34.425508,210890,recommendation request 17645-team17.isri.cmu.edu:8082, status 200, result: nothing+but+trouble+1991, the+stuff+1985, the+call+of+cthulhu+2005, who+am+i+1998, detention+2011, the+next+karate+kid+1994, moving+1988, the+wizard+1989, clockwatchers+1997, breakout+1975, junebug+2005, sinbad+legend+of+the+seven+seas+2003, from+beyond+1986, faust+1926, hook+1991, dinoshark+2010, my+one+and+only+2009, iron+will+1994, lassie+2005, orgy+of+the+dead+1965, 350 ms"
"2022-02-08T19:12:34.461729,9450,recommendation request 17645-team17.isri.cmu.edu:8082, status 200, result: cry+freedom+1987, the+house+of+yes+1997, the+conspiracy+2012, missing+1982, the+other+side+of+the+mountain+1975, the+mighty+1998, white+palace+1990, island+2011, conan+the+barbarian+1982, the+fury+1978, above+the+law+1988, 7+seconds+2005, eight+men+out+1988, dinoshark+2010, gozu+2003, ratatouille+2007, they+made+me+a+criminal+1939, dungeons++dragons+2000, no+mercy+1986, get+real+1998, 343 ms"
"2022-02-08T19:12:35.391659,79886,recommendation request 17645-team17.isri.cmu.edu:8082, status 200, result: eyewitness+1981, cry+freedom+1987, mickeys+once+upon+a+christmas+1999, top+secret+1984, major+league+ii+1994, the+addams+family+1991, vision+quest+1985, a+little+princess+1995, gumby+the+movie+1995, moving+1988, the+witches+of+eastwick+1987, hopscotch+1980, today+you+die+2005, ratatouille+2007, chicken+little+2005, hot+to+trot+1988, patton+1970, a+christmas+carol+1984, fire+down+below+1997, the+hunchback+of+notre+dame+1996, 294 ms"
"2022-02-08T19:12:35.469292,196044,recommendation request 17645-team17.isri.cmu.edu:8082, status 200, result: dead+of+winter+1987, wreck-it+ralph+2012, mickeys+once+upon+a+christmas+1999, the+house+of+yes+1997, the+proprietor+1996, p.s.+2004, a+goofy+movie+1995, nims+island+2008, chicken+run+2000, the+verdict+1982, the+poughkeepsie+tapes+2007, the+yakuza+1974, the+mighty+1998, from+the+hip+1987, hook+1991, jennifer+eight+1992, come+see+the+paradise+1990, lassie+2005, patton+1970, benji+1974, 287 ms"
"2022-02-08T19:12:35.465899,169874,recommendation request 17645-team17.isri.cmu.edu:8082, status 200, result: dead+of+winter+1987, the+last+of+the+mohicans+1992, book+of+shadows+blair+witch+2+2000, the+conspiracy+2012, a+goofy+movie+1995, how+i+won+the+war+1967, carnosaur+2+1995, frankenstein+meets+the+wolf+man+1943, detective+story+1951, the+godfather+part+iii+1990, sanjuro+1962, the+matrix+1999, have+rocket_+will+travel+1959, the+three+stooges+in+orbit+1962, x+the+unknown+1956, the+art+of+war+2000, jennifer+eight+1992, hav+plenty+1997, ratatouille+2007, the+thin+man+goes+home+1945, 377 ms"
"2022-02-08T19:12:36.398596,275265,recommendation request 17645-team17.isri.cmu.edu:8082, status 200, result: eyewitness+1981, the+border+1982, circus+2000, frenzy+1972, missing+1982, that+was+then...+this+is+now+1985, haywire+2011, beyond+2010, paparazzi+2004, we+are+the+best+2013, predator+2+1990, a+double+life+1947, sonny+2002, mobsters+1991, conan+the+barbarian+1982, dogville+2003, predator+1987, today+you+die+2005, dungeons++dragons+2000, spawn+1997, 276 ms"
"2022-02-08T19:12:36.464084,222306,recommendation request 17645-team17.isri.cmu.edu:8082, status 200, result: curdled+1996, drop+zone+1994, the+new+age+1994, coldblooded+1995, the+last+of+the+mohicans+1992, the+longest+day+1962, a+goofy+movie+1995, 633+squadron+1964, code+of+silence+1985, a+time+to+kill+1996, freaky+friday+1976, dumb+and+dumber+to+2014, phoenix+1998, the+saint+1997, the+yakuza+1974, the+client+1994, changing+lanes+2002, the+hitch-hiker+1953, shes+having+a+baby+1988, mobsters+1991, 368 ms"
"2022-02-08T19:12:36.500411,159074,recommendation request 17645-team17.isri.cmu.edu:8082, status 200, result: shampoo+1975, rollerball+1975, star+wars+episode+iii+-+revenge+of+the+sith+2005, p.s.+2004, barbarosa+1982, the+dance+of+reality+2013, attack+the+gas+station+1999, splash+1984, bad+girls+1994, apocalypto+2006, a+shock+to+the+system+1990, planet+of+the+apes+2001, gone+in+sixty+seconds+2000, veronica+guerin+2003, the+juror+1996, conan+the+barbarian+1982, ali+2001, barking+dogs+never+bite+2000, made+of+honor+2008, dugs+special+mission+2009, 399 ms"
"2022-02-08T19:12:36.705588,44792,recommendation request 17645-team17.isri.cmu.edu:8082, status 200, result: sleepers+1996, oh_+god+1977, my+life+without+me+2003, p.s.+2004, 30+years+to+life+2003, maze+2000, a+family+thing+1996, detective+story+1951, the+godfather+part+iii+1990, fulltime+killer+2001, in+too+deep+1999, hackers+1995, running+scared+1986, from+beyond+1986, changing+lanes+2002, crush+2001, boys+life+4+four+play+2003, dinoshark+2010, dugs+special+mission+2009, boys+and+girls+2000, 555 ms"
"2022-02-08T19:12:36.769952,175363,recommendation request 17645-team17.isri.cmu.edu:8082, status 200, result: cry+freedom+1987, barbershop+2002, the+dresser+1983, the+proprietor+1996, z+1969, lifeboat+1944, another+thin+man+1939, the+letter+1940, a+patch+of+blue+1965, albatross+2011, the+matrix+revolutions+2003, bottle+rocket+1996, yours_+mine+and+ours+1968, island+2011, from+here+to+eternity+1953, heartbreakers+2001, ali+2001, six+weeks+1982, of+human+bondage+1934, the+brave+one+2007, 615 ms"
"2022-02-08T19:12:36.821790,17166,recommendation request 17645-team17.isri.cmu.edu:8082, status 200, result: dreamgirls+2006, missing+1982, frenzy+1972, true+crime+1996, mystery_+alaska+1999, detective+story+1951, johnny+english+2003, one+eight+seven+1997, guilty+as+sin+1993, the+island+1980, fabled+2002, painted+fire+2002, junebug+2005, king+and+the+clown+2005, island+2011, the+juror+1996, ali+2001, my+one+and+only+2009, jennifer+eight+1992, breakfast+on+pluto+2005, 659 ms"
"2022-02-08T19:12:36.817596,70886,recommendation request 17645-team17.isri.cmu.edu:8082, status 200, result: the+gauntlet+1977, childs+play+3+1991, american+ninja+1985, dont+move+2004, a+goofy+movie+1995, deep+rising+1998, snow+dogs+2002, in+the+line+of+fire+1993, forrest+gump+1994, phoenix+1998, dead+reckoning+1947, cars+2+2011, shes+having+a+baby+1988, the+juror+1996, side+out+1990, dinoshark+2010, dugs+special+mission+2009, ratatouille+2007, the+mummys+hand+1940, chicken+little+2005, 657 ms"
"2022-02-08T19:12:37.360470,53858,recommendation request 17645-team17.isri.cmu.edu:8082, status 200, result: dead+of+winter+1987, drop+zone+1994, the+house+of+yes+1997, japanese+story+2003, p.s.+2004, my+own+private+idaho+1991, red+dawn+1984, maze+2000, without+a+paddle+2004, psycho+1998, the+saint+1997, patriot+games+1992, the+brothers+2001, fabled+2002, the+mighty+1998, changing+lanes+2002, crush+2001, island+2011, the+fan+1981, untitled+2009, 351 ms"
"2022-02-08T19:12:37.410851,276436,recommendation request 17645-team17.isri.cmu.edu:8082, status 200, result: the+perfect+score+2004, eyewitness+1981, the+new+age+1994, arranged+2007, mickeys+once+upon+a+christmas+1999, bon+cop+bad+cop+2006, lethal+weapon+3+1992, incognito+1997, a+time+to+kill+1996, gumby+the+movie+1995, the+letter+1940, phoenix+1998, the+yakuza+1974, the+client+1994, winnie+the+pooh+2011, beyond+the+sea+2004, modesty+blaise+1966, the+matrix+1999, above+the+law+1988, hopscotch+1980, 359 ms"
"2022-02-08T19:12:37.410932,107577,recommendation request 17645-team17.isri.cmu.edu:8082, status 200, result: replicant+2001, the+nest+2002, rollerball+1975, what+doesnt+kill+you+2008, the+gauntlet+1977, the+errand+boy+1961, frenzy+1972, the+bridge+at+remagen+1969, parker+2013, summer+rental+1985, cabin+boy+1994, johnny+english+2003, planet+of+the+apes+2001, battle+for+terra+2007, rush+hour+3+2007, juice+1992, mobsters+1991, the+brave+one+2007, above+the+law+1988, airport+1975+1974, 390 ms"
"2022-02-08T19:12:37.438816,182740,recommendation request 17645-team17.isri.cmu.edu:8082, status 200, result: top+secret+1984, six+pack+1982, the+last+of+the+mohicans+1992, p.s.+2004, the+addams+family+1991, maze+2000, a+family+thing+1996, vision+quest+1985, a+little+princess+1995, casper+1995, harry+and+tonto+1974, the+witches+of+eastwick+1987, patriot+games+1992, the+brothers+2001, for+keeps+1988, jurassic+park+1993, shes+having+a+baby+1988, juice+1992, crush+2001, from+here+to+eternity+1953, 374 ms"
"2022-02-08T19:12:38.232386,170328,recommendation request 17645-team17.isri.cmu.edu:8082, status 200, result: bill+cosby+himself+1983, the+avengers+1998, bridget+joness+diary+2001, my+man+godfrey+1957, p.s.+2004, maze+2000, sex+and+the+city+2008, moving+1988, national+lampoons+vacation+1983, company+man+2000, the+brothers+2001, the+mighty+1998, music+and+lyrics+2007, serial+1980, murphys+romance+1985, crush+2001, help+1965, beyond+therapy+1987, made+of+honor+2008, atonement+2007, 216 ms"
"2022-02-08T19:12:38.420364,169455,recommendation request 17645-team17.isri.cmu.edu:8082, status 200, result: the+dresser+1983, raging+bull+1980, p.s.+2004, the+promise+2005, the+dance+of+reality+2013, phoenix+1998, albatross+2011, junebug+2005, cherrybomb+2009, island+2011, six+weeks+1982, of+human+bondage+1934, my+one+and+only+2009, breakfast+on+pluto+2005, down+in+the+delta+1998, romeo+is+bleeding+1993, get+real+1998, american+splendor+2003, rocky+1976, my+summer+of+love+2004, 415 ms"
"2022-02-08T19:12:39.369356,243045,recommendation request 17645-team17.isri.cmu.edu:8082, status 200, result: eyewitness+1981, cry+freedom+1987, drop+zone+1994, about+last+night...+1986, dreamgirls+2006, book+of+shadows+blair+witch+2+2000, throw+momma+from+the+train+1987, p.s.+2004, cookie+1989, maze+2000, brimstone++treacle+1982, the+island+1980, albatross+2011, junebug+2005, people+like+us+2012, changing+lanes+2002, crush+2001, conan+the+barbarian+1982, class+1983, side+out+1990, 335 ms"
"2022-02-08T19:12:41.502588,107947,recommendation request 17645-team17.isri.cmu.edu:8082, status 200, result: rollerball+1975, mickeys+once+upon+a+christmas+1999, the+house+of+yes+1997, ed+1996, star+wars+episode+iii+-+revenge+of+the+sith+2005, a+little+princess+1995, casper+1995, chicken+run+2000, the+beverly+hillbillies+1993, planet+of+the+apes+2001, the+mighty+1998, jurassic+park+1993, conan+the+barbarian+1982, hook+1991, the+curse+of+the+cat+people+1944, dugs+special+mission+2009, ratatouille+2007, dungeons++dragons+2000, little+murders+1971, cars+2006, 395 ms"
"2022-02-08T19:12:41.506077,152346,recommendation request 17645-team17.isri.cmu.edu:8082, status 200, result: my+man+godfrey+1957, ed+1996, punchline+1988, guest+house+paradiso+1999, the+next+three+days+2010, true+crime+1996, rambo+first+blood+part+ii+1985, 633+squadron+1964, a+time+to+kill+1996, lifeboat+1944, z+1969, grand+illusion+1937, a+little+princess+1995, birdy+1984, heavens+gate+1980, the+letter+1940, harem+1985, the+yakuza+1974, the+client+1994, junebug+2005, 434 ms"
"2022-02-08T19:12:42.389894,60173,recommendation request 17645-team17.isri.cmu.edu:8082, status 200, result: rollerball+1975, the+golden+voyage+of+sinbad+1973, star+wars+episode+iii+-+revenge+of+the+sith+2005, rambo+first+blood+part+ii+1985, macgruber+2010, without+a+paddle+2004, birdy+1984, pitch+black+2000, big+trouble+2002, the+man+without+a+face+1993, the+island+1980, harem+1985, planet+of+the+apes+2001, kull+the+conqueror+1997, conan+the+barbarian+1982, eight+men+out+1988, hopscotch+1980, today+you+die+2005, bulletproof+1996, little+murders+1971, 376 ms"
"2022-02-08T19:12:42.467220,236439,recommendation request 17645-team17.isri.cmu.edu:8082, status 200, result: eyewitness+1981, drop+zone+1994, rollerball+1975, star+wars+episode+iii+-+revenge+of+the+sith+2005, frenzy+1972, nothing+to+lose+1994, a+time+to+kill+1996, without+a+paddle+2004, incognito+1997, four+brothers+2005, planet+of+the+apes+2001, the+yakuza+1974, the+client+1994, wake+of+death+2004, desk+set+1957, out+to+sea+1997, changing+lanes+2002, murphys+romance+1985, juice+1992, hopscotch+1980, 419 ms"
"2022-02-08T19:12:42.471054,170873,recommendation request 17645-team17.isri.cmu.edu:8082, status 200, result: the+perfect+score+2004, drop+zone+1994, bon+cop+bad+cop+2006, p.s.+2004, a+goofy+movie+1995, son+of+the+mask+2005, frenzy+1972, barbarosa+1982, light+it+up+1999, true+crime+1996, without+a+paddle+2004, freaky+friday+1976, the+verdict+1982, love+story+1970, topper+1937, changing+lanes+2002, shes+having+a+baby+1988, the+incredible+hulk+2008, the+women+2008, the+emperors+new+groove+2000, 450 ms"
"2022-02-08T19:12:42.488481,69747,recommendation request 17645-team17.isri.cmu.edu:8082, status 200, result: mickeys+once+upon+a+christmas+1999, rio+bravo+1959, the+house+of+yes+1997, all+the+mornings+of+the+world+1991, an+amazing+couple+2002, fuck+2005, z+1969, bean+1997, chicken+run+2000, phoenix+1998, the+mighty+1998, juice+1992, the+hot+spot+1990, the+women+2008, dinoshark+2010, pale+rider+1985, the+allnighter+1987, dopamine+2003, l.i.e.+2001, les+misrables+2000, 402 ms"
"2022-02-08T19:12:44.438441,302964,recommendation request 17645-team17.isri.cmu.edu:8082, status 200, result: eyewitness+1981, the+gauntlet+1977, the+last+of+the+mohicans+1992, the+conspiracy+2012, the+golden+voyage+of+sinbad+1973, how+i+won+the+war+1967, a+slave+of+love+1976, the+yakuza+1974, patriot+games+1992, macabre+1958, modesty+blaise+1966, juice+1992, island+2011, conan+the+barbarian+1982, the+matrix+1999, hopscotch+1980, the+art+of+war+2000, spasmo+1974, dungeons++dragons+2000, s.+darko+2009, 421 ms"
"2022-02-08T19:12:44.495280,23688,recommendation request 17645-team17.isri.cmu.edu:8082, status 200, result: dead+of+winter+1987, light+it+up+1999, 42nd+street+1933, on+moonlight+bay+1951, excision+2012, moving+1988, one+eight+seven+1997, the+poughkeepsie+tapes+2007, the+house+on+sorority+row+1983, american+psycho+2+all+american+girl+2002, island+2011, texasville+1990, flowers+in+the+attic+1987, dinoshark+2010, absolute+power+1997, eyes+of+laura+mars+1978, house+of+frankenstein+1944, apartment+zero+1988, thir13en+ghosts+2001, poltergeist+iii+1988, 464 ms"
"2022-02-08T19:12:44.495102,6741,recommendation request 17645-team17.isri.cmu.edu:8082, status 200, result: dead+of+winter+1987, a+nightmare+on+elm+street+part+2+freddys+revenge+1985, drop+zone+1994, rollerball+1975, 8+seconds+1994, the+conspiracy+2012, childs+play+3+1991, without+a+paddle+2004, excision+2012, critters+1986, masterminds+1997, the+island+1980, wake+of+death+2004, jaws+3-d+1983, jurassic+park+1993, the+serpent+and+the+rainbow+1988, kull+the+conqueror+1997, changing+lanes+2002, the+nuns+story+1959, hopscotch+1980, 455 ms"
"2022-02-08T19:12:44.498808,79564,recommendation request 17645-team17.isri.cmu.edu:8082, status 200, result: eyewitness+1981, curdled+1996, cry+freedom+1987, frenzy+1972, true+crime+1996, vision+quest+1985, a+little+princess+1995, the+witches+of+eastwick+1987, guilty+as+sin+1993, patriot+games+1992, winnie+the+pooh+2011, the+hitch-hiker+1953, juice+1992, mobsters+1991, breakdown+1997, hopscotch+1980, today+you+die+2005, ratatouille+2007, spasmo+1974, they+made+me+a+criminal+1939, 398 ms"
"2022-02-08T19:12:45.525732,217789,recommendation request 17645-team17.isri.cmu.edu:8082, status 200, result: american+virgin+2000, drop+zone+1994, suburban+commando+1991, p.s.+2004, sling+blade+1996, son+of+the+mask+2005, maze+2000, strait-jacket+1964, brimstone++treacle+1982, without+a+paddle+2004, pretty+baby+1978, critters+1986, wake+of+death+2004, the+brothers+2001, topper+1937, the+mighty+1998, the+matrix+revolutions+2003, time+bandits+1981, changing+lanes+2002, shes+having+a+baby+1988, 505 ms"
"2022-02-08T19:12:45.587929,61002,recommendation request 17645-team17.isri.cmu.edu:8082, status 200, result: can-can+1960, taps+1981, mystery+date+1991, murder+by+numbers+2002, mary+poppins+1964, the+petrified+forest+1936, nine+lives+2005, mildred+pierce+1945, key+largo+1948, bbs+kids+1992, cluny+brown+1946, the+other+side+of+the+mountain+1975, running+on+empty+1988, the+mother+2003, the+addams+family+1991, the+kid+2000, big+top+pee-wee+1988, freaky+friday+1976, stuart+saves+his+family+1995, true+crime+1999, 528 ms"
"2022-02-08T19:12:45.632231,28222,recommendation request 17645-team17.isri.cmu.edu:8082, status 200, result: shampoo+1975, rollerball+1975, a+goofy+movie+1995, loving+you+1957, red+dawn+1984, courage+under+fire+1996, frenzy+1972, true+crime+1996, light+it+up+1999, freaky+friday+1976, northfork+2003, random+hearts+1999, guilty+as+sin+1993, planet+of+the+apes+2001, patriot+games+1992, juice+1992, island+2011, the+incredible+hulk+2008, the+living+daylights+1987, texasville+1990, 580 ms"
"2022-02-08T19:12:45.675830,175312,recommendation request 17645-team17.isri.cmu.edu:8082, status 200, result: american+virgin+2000, eyewitness+1981, arranged+2007, the+dresser+1983, frenzy+1972, light+it+up+1999, in+the+line+of+fire+1993, northfork+2003, harry+and+walter+go+to+new+york+1976, birdy+1984, chronicle+2012, big+trouble+2002, fulltime+killer+2001, in+too+deep+1999, blood_+guts_+bullets+and+octane+1998, masterminds+1997, guilty+as+sin+1993, the+yakuza+1974, albatross+2011, still+bill+2010, 622 ms"
"2022-02-08T19:12:45.725909,199419,recommendation request 17645-team17.isri.cmu.edu:8082, status 200, result: rollerball+1975, oh_+god+1977, p.s.+2004, cookie+1989, the+last+legion+2007, gumby+the+movie+1995, moving+1988, steel+1997, phoenix+1998, the+brood+1979, the+island+1980, 9+2005, the+letter+1940, shivers+1975, evil+dead+ii+1987, kull+the+conqueror+1997, island+2011, lifted+2006, oh_+god+book+ii+1980, an+american+carol+2008, 668 ms"
"2022-02-08T19:12:45.730459,193081,recommendation request 17645-team17.isri.cmu.edu:8082, status 200, result: the+five+senses+1999, forbidden+zone+1980, six+pack+1982, viva+zapata+1952, raging+bull+1980, the+proprietor+1996, p.s.+2004, how+i+won+the+war+1967, a+family+thing+1996, lifeboat+1944, moving+1988, harry+and+tonto+1974, the+devils+1971, platoon+1986, ready+to+rumble+2000, junebug+2005, in+harms+way+1965, from+here+to+eternity+1953, jersey+boys+2014, an+american+carol+2008, 670 ms"
"2022-02-08T19:12:45.732916,53884,recommendation request 17645-team17.isri.cmu.edu:8082, status 200, result: rollerball+1975, raging+bull+1980, frenzy+1972, true+crime+1996, american+psycho+2000, barbarosa+1982, the+wash+2001, macgruber+2010, a+family+thing+1996, masterminds+1997, money+train+1995, gone+in+sixty+seconds+2000, albatross+2011, planet+of+the+apes+2001, desk+set+1957, surfer_+dude+2008, mobsters+1991, dark+passage+1947, dugs+special+mission+2009, jennifer+eight+1992, 677 ms"
"2022-02-08T19:12:46.391910,224592,recommendation request 17645-team17.isri.cmu.edu:8082, status 200, result: lured+1947, below+2002, missing+1982, primal+fear+1996, sorority+row+2009, the+last+minute+2001, gaslight+1940, one+eight+seven+1997, blow+out+1981, diamond+men+2000, island+2011, enduring+love+2004, the+temp+1993, mercy+2000, spasmo+1974, spellbound+1945, the+19th+wife+2010, s.+darko+2009, bluebeard+1944, wheres+marlowe+1998, 309 ms"
"2022-02-08T19:12:46.429319,286909,recommendation request 17645-team17.isri.cmu.edu:8082, status 200, result: eyewitness+1981, drop+zone+1994, rollerball+1975, mary+poppins+1964, the+house+of+yes+1997, p.s.+2004, son+of+the+mask+2005, courage+under+fire+1996, without+a+paddle+2004, freaky+friday+1976, inception+2010, steel+1997, wake+of+death+2004, planet+of+the+apes+2001, topper+1937, the+mighty+1998, changing+lanes+2002, juice+1992, warriors+of+heaven+and+earth+2003, the+women+2008, 343 ms"
"2022-02-08T19:12:46.443459,160324,recommendation request 17645-team17.isri.cmu.edu:8082, status 200, result: the+cat+in+the+hat+2003, the+dresser+1983, six+pack+1982, ed+1996, crossroads+2002, a+family+thing+1996, the+next+karate+kid+1994, albatross+2011, the+wizard+1989, how+the+grinch+stole+christmas+2000, the+mighty+1998, junebug+2005, yours_+mine+and+ours+1968, six+weeks+1982, remember+the+night+1940, a+knights+tale+2001, my+girl+1991, down+in+the+delta+1998, gung+ho+1986, benji+1974, 356 ms"
"2022-02-08T19:12:46.516437,96441,recommendation request 17645-team17.isri.cmu.edu:8082, status 200, result: eyewitness+1981, wreck-it+ralph+2012, robot+stories+2003, sleepers+1996, p.s.+2004, a+goofy+movie+1995, the+other+side+of+the+mountain+1975, light+it+up+1999, northfork+2003, a+little+princess+1995, father+of+the+bride+1991, chronicle+2012, ice+castles+1978, cabin+boy+1994, guilty+as+sin+1993, the+client+1994, from+beyond+1986, island+2011, from+here+to+eternity+1953, ali+2001, 426 ms"
"2022-02-08T19:12:46.517364,176064,recommendation request 17645-team17.isri.cmu.edu:8082, status 200, result: rollerball+1975, the+westerner+1940, 8+seconds+1994, dark+alibi+1946, star+wars+episode+iii+-+revenge+of+the+sith+2005, frenzy+1972, nothing+to+lose+1994, barbarosa+1982, tap+1989, the+letter+1940, phoenix+1998, the+yakuza+1974, the+client+1994, planet+of+the+apes+2001, juice+1992, island+2011, conan+the+barbarian+1982, singham+2011, dungeons++dragons+2000, they+made+me+a+criminal+1939, 383 ms"
"2022-02-08T19:12:47.349435,7579,recommendation request 17645-team17.isri.cmu.edu:8082, status 200, result: eyewitness+1981, mickeys+once+upon+a+christmas+1999, rollerball+1975, six+pack+1982, the+promise+2005, vision+quest+1985, a+family+thing+1996, a+little+princess+1995, bean+1997, gumby+the+movie+1995, chicken+run+2000, moving+1988, harry+and+tonto+1974, the+witches+of+eastwick+1987, the+brood+1979, 9+2005, planet+of+the+apes+2001, shivers+1975, lifted+2006, hopscotch+1980, 291 ms"
"2022-02-08T19:12:47.384673,68353,recommendation request 17645-team17.isri.cmu.edu:8082, status 200, result: gleaming+the+cube+1989, eyewitness+1981, cry+freedom+1987, rollerball+1975, the+avengers+1998, the+dresser+1983, the+gauntlet+1977, red+dawn+1984, gods+not+dead+2014, chronicle+2012, grand+canyon+1991, the+verdict+1982, the+island+1980, albatross+2011, jurassic+park+1993, on+deadly+ground+1994, kull+the+conqueror+1997, six+weeks+1982, the+fury+1978, above+the+law+1988, 302 ms"
"2022-02-08T19:12:48.333165,238565,recommendation request 17645-team17.isri.cmu.edu:8082, status 200, result: shampoo+1975, cry+freedom+1987, barbershop+2002, the+other+side+of+the+mountain+1975, another+thin+man+1939, the+island+1980, beyond+the+sea+2004, desk+set+1957, out+to+sea+1997, island+2011, texasville+1990, desert+hearts+1985, rumble+fish+1983, ratatouille+2007, airport+1975+1974, chicken+little+2005, they+made+me+a+criminal+1939, return+to+me+2000, shrek+the+third+2007, the+idolmaker+1980, 285 ms"
"2022-02-08T19:12:48.207747,141374,recommendation request 17645-team17.isri.cmu.edu:8082, status 200, result: new+police+story+2004, one+million+years+b.c.+1966, the+snowman+1982, johnny+english+reborn+2011, solomon+kane+2009, running+out+of+time+1999, the+mummy+1999, airborne+1993, alice+in+wonderland+1933, infernal+affairs+ii+2003, a+better+tomorrow+ii+1987, last+action+hero+1993, dragonheart+3+the+sorcerers+curse+2015, fantastic+4+rise+of+the+silver+surfer+2007, planet+of+the+apes+1968, star+wars+1977, the+13th+warrior+1999, return+of+the+jedi+1983, a+better+tomorrow+1986, the+amateur+1981, 194 ms"
"2022-02-08T19:12:48.349305,248700,recommendation request 17645-team17.isri.cmu.edu:8082, status 200, result: eyewitness+1981, rollerball+1975, my+man+godfrey+1957, ed+1996, star+wars+episode+iii+-+revenge+of+the+sith+2005, p.s.+2004, courage+under+fire+1996, birdy+1984, ice+castles+1978, harem+1985, albatross+2011, island+2011, m.+butterfly+1993, mobsters+1991, the+fury+1978, eight+men+out+1988, dark+passage+1947, spasmo+1974, down+in+the+delta+1998, the+dream+team+1989, 340 ms"
"2022-02-08T19:12:49.381624,299839,recommendation request 17645-team17.isri.cmu.edu:8082, status 200, result: american+virgin+2000, rollerball+1975, forbidden+zone+1980, the+snowman+1982, book+of+shadows+blair+witch+2+2000, the+golden+voyage+of+sinbad+1973, star+wars+episode+iii+-+revenge+of+the+sith+2005, p.s.+2004, true+crime+1996, the+warriors+way+2010, brimstone++treacle+1982, spirit+stallion+of+the+cimarron+2002, light+it+up+1999, northfork+2003, the+island+1980, guilty+as+sin+1993, planet+of+the+apes+2001, kull+the+conqueror+1997, the+juror+1996, conan+the+barbarian+1982, 325 ms"
"2022-02-08T19:12:49.390084,240412,recommendation request 17645-team17.isri.cmu.edu:8082, status 200, result: paths+of+glory+1957, true+crime+1996, how+i+won+the+war+1967, walle+2008, without+a+paddle+2004, the+brothers+mcmullen+1995, birdy+1984, dick+tracy+1990, big+trouble+2002, lifeboat+1944, nighthawks+1981, one+man+band+2005, the+great+escape+1963, junebug+2005, the+juror+1996, from+here+to+eternity+1953, ali+2001, days+of+glory+1944, lifted+2006, mobsters+1991, 370 ms"
"2022-02-08T19:12:49.383117,275375,recommendation request 17645-team17.isri.cmu.edu:8082, status 200, result: north+by+northwest+1959, shampoo+1975, the+five+senses+1999, p.s.+2004, a+family+thing+1996, z+1969, chronicle+2012, splash+1984, hot+tub+time+machine+2010, dead+reckoning+1947, back+to+school+1986, malice+1993, gravity+2013, another+earth+2011, class+1983, the+fan+1981, easy+money+1983, they+made+me+a+criminal+1939, house+of+frankenstein+1944, phat+beach+1996, 330 ms"
"2022-02-08T19:12:50.447565,172751,recommendation request 17645-team17.isri.cmu.edu:8082, status 200, result: the+five+senses+1999, suburban+commando+1991, the+house+of+yes+1997, ed+1996, the+brother+from+another+planet+1984, p.s.+2004, maze+2000, spirit+stallion+of+the+cimarron+2002, contempt+1963, casper+1995, c.h.o.m.p.s.+1979, the+brothers+2001, the+mighty+1998, jurassic+park+1993, desk+set+1957, out+to+sea+1997, junebug+2005, crush+2001, from+the+hip+1987, hook+1991, 412 ms"
"2022-02-08T19:12:50.413230,288713,recommendation request 17645-team17.isri.cmu.edu:8082, status 200, result: the+perfect+score+2004, about+last+night...+1986, the+gauntlet+1977, the+snowman+1982, childs+play+3+1991, cookie+1989, big+hero+6+2014, light+it+up+1999, national+lampoons+van+wilder+2002, a+time+to+kill+1996, maze+2000, sleeping+beauty+1959, national+lampoons+vacation+1983, planet+of+the+apes+2001, the+longest+yard+1974, winnie+the+pooh+2011, skinwalkers+2006, mercenary+for+justice+2006, crush+2001, side+out+1990, 380 ms"
"2022-02-08T19:12:50.449584,61249,recommendation request 17645-team17.isri.cmu.edu:8082, status 200, result: drop+zone+1994, the+three+brothers+1995, arranged+2007, the+red+shoes+1948, fly+me+to+the+moon+2012, the+other+side+of+the+mountain+1975, without+a+paddle+2004, fuck+2005, the+brothers+mcmullen+1995, big+trouble+2002, blood_+guts_+bullets+and+octane+1998, masterminds+1997, wake+of+death+2004, working+girl+1988, the+triumph+of+love+2001, changing+lanes+2002, touch+of+evil+1958, hopscotch+1980, dark+passage+1947, juno+2007, 427 ms"
"2022-02-08T19:12:51.344325,91365,recommendation request 17645-team17.isri.cmu.edu:8082, status 200, result: the+longest+day+1962, the+house+of+yes+1997, sling+blade+1996, a+family+thing+1996, cabin+boy+1994, birdy+1984, lifeboat+1944, grand+illusion+1937, harry+and+tonto+1974, the+yakuza+1974, the+mighty+1998, on+deadly+ground+1994, junebug+2005, shes+having+a+baby+1988, in+harms+way+1965, proof+2005, north+1994, fail+safe+2000, my+one+and+only+2009, ratatouille+2007, 265 ms"
"2022-02-08T19:12:53.519130,1639,recommendation request 17645-team17.isri.cmu.edu:8082, status 200, result: cry+freedom+1987, mickeys+once+upon+a+christmas+1999, what+doesnt+kill+you+2008, p.s.+2004, frenzy+1972, code+of+silence+1985, a+time+to+kill+1996, nims+island+2008, mallrats+1995, chicken+run+2000, moving+1988, jail+bait+1954, phoenix+1998, the+truman+show+1998, juice+1992, the+hot+spot+1990, conan+the+barbarian+1982, remember+the+night+1940, hook+1991, 7+seconds+2005, 406 ms"
"2022-02-08T19:12:53.552319,247874,recommendation request 17645-team17.isri.cmu.edu:8082, status 200, result: shampoo+1975, cry+freedom+1987, the+five+senses+1999, rollerball+1975, what+doesnt+kill+you+2008, the+dresser+1983, the+longest+day+1962, raging+bull+1980, punchline+1988, the+proprietor+1996, star+wars+episode+iii+-+revenge+of+the+sith+2005, the+brother+from+another+planet+1984, frenzy+1972, a+time+to+kill+1996, lifeboat+1944, grand+illusion+1937, phoenix+1998, planet+of+the+apes+2001, albatross+2011, marooned+1969, 409 ms"
"2022-02-08T19:12:53.619444,149382,recommendation request 17645-team17.isri.cmu.edu:8082, status 200, result: dead+of+winter+1987, shampoo+1975, curdled+1996, cry+freedom+1987, rollerball+1975, punchline+1988, true+crime+1996, lifeboat+1944, the+verdict+1982, the+yakuza+1974, planet+of+the+apes+2001, working+girl+1988, gravity+2013, junebug+2005, the+game+1997, the+hitch-hiker+1953, mobsters+1991, his+girl+friday+1940, 7+seconds+2005, my+one+and+only+2009, 451 ms"
"2022-02-08T19:12:53.661080,246492,recommendation request 17645-team17.isri.cmu.edu:8082, status 200, result: drop+zone+1994, rollerball+1975, son+of+godzilla+1967, the+punisher+1989, punchline+1988, city+slickers+1991, star+wars+episode+iii+-+revenge+of+the+sith+2005, doc+hollywood+1991, a+goofy+movie+1995, sling+blade+1996, barbarosa+1982, the+wash+2001, freaky+friday+1976, tokyo+gore+police+2008, bad+girls+1994, another+thin+man+1939, moving+1988, four+brothers+2005, planet+of+the+apes+2001, a+patch+of+blue+1965, 509 ms"
"2022-02-08T19:12:53.661016,113411,recommendation request 17645-team17.isri.cmu.edu:8082, status 200, result: dead+of+winter+1987, shampoo+1975, cry+freedom+1987, the+five+senses+1999, dreamgirls+2006, oh_+god+1977, raging+bull+1980, punchline+1988, p.s.+2004, lifeboat+1944, masterminds+1997, big+bad+mama+1974, the+reader+2008, the+matrix+revolutions+2003, cars+2+2011, people+like+us+2012, junebug+2005, millions+2005, the+hundred-foot+journey+2014, his+girl+friday+1940, 443 ms"
"2022-02-08T19:12:54.443463,85408,recommendation request 17645-team17.isri.cmu.edu:8082, status 200, result: coldblooded+1995, six+pack+1982, if+lucy+fell+1996, the+naked+prey+1965, a+family+thing+1996, uncommon+valor+1983, the+tigger+movie+2000, dumb+and+dumber+to+2014, heidi+1937, harry+and+tonto+1974, patriot+games+1992, bulworth+1998, the+suburbans+1999, condition+red+1995, flight+of+the+intruder+1991, because+of+winn-dixie+2005, juice+1992, in+hell+2003, breakdown+1997, the+king+2005, 401 ms"
"2022-02-08T19:12:54.498085,16030,recommendation request 17645-team17.isri.cmu.edu:8082, status 200, result: bossa+nova+2000, forbidden+zone+1980, dark+city+1950, the+longest+day+1962, ed+1996, p.s.+2004, the+dirty+dozen+next+mission+1985, the+other+side+of+the+mountain+1975, 633+squadron+1964, the+way+2010, lifeboat+1944, z+1969, grand+illusion+1937, casper+1995, pitch+black+2000, heavens+gate+1980, the+verdict+1982, in+harms+way+1965, the+incredible+hulk+2008, hook+1991, 464 ms"
"2022-02-08T19:12:54.473123,158233,recommendation request 17645-team17.isri.cmu.edu:8082, status 200, result: keys+to+tulsa+1997, at+close+range+1986, suddenly+1954, miami+blues+1990, gorky+park+1983, niagara+1953, code+of+silence+1985, the+falcon+and+the+snowman+1985, hollywoodland+2006, phoenix+1998, one+false+move+1992, blast+of+silence+1961, city+of+industry+1997, cleanskin+2012, the+hot+spot+1990, elsewhere+2009, best+seller+1987, mississippi+burning+1988, the+package+1989, fresh+1994, 411 ms"
"2022-02-08T19:12:54.505137,109875,recommendation request 17645-team17.isri.cmu.edu:8082, status 200, result: black+beauty+1994, rollerball+1975, raging+bull+1980, the+golden+voyage+of+sinbad+1973, star+wars+episode+iii+-+revenge+of+the+sith+2005, courage+under+fire+1996, edward+scissorhands+1990, the+closet+2001, a+family+thing+1996, a+little+princess+1995, prince+of+persia+the+sands+of+time+2010, the+verdict+1982, planet+of+the+apes+2001, albatross+2011, junebug+2005, above+the+law+1988, my+one+and+only+2009, down+in+the+delta+1998, fire+down+below+1997, maximum+risk+1996, 478 ms"
"2022-02-08T19:12:54.505236,162749,recommendation request 17645-team17.isri.cmu.edu:8082, status 200, result: gleaming+the+cube+1989, crush+1992, taps+1981, leave+it+to+beaver+1997, back+to+the+future+part+iii+1990, the+lord+of+the+rings+the+two+towers+2002, ed+1996, p.s.+2004, the+promise+2005, enough+2002, that+was+then...+this+is+now+1985, edward+scissorhands+1990, nighthawks+1981, the+verdict+1982, phoenix+1998, patriot+games+1992, bulworth+1998, the+wizard+1989, heartbeeps+1981, away+from+her+2006, 457 ms"
"2022-02-08T19:12:54.525068,3216,recommendation request 17645-team17.isri.cmu.edu:8082, status 200, result: eyewitness+1981, the+new+age+1994, switchback+1997, arranged+2007, coldblooded+1995, a+goofy+movie+1995, under+siege+1992, the+other+side+of+the+mountain+1975, barbarosa+1982, macgruber+2010, a+time+to+kill+1996, freaky+friday+1976, dumb+and+dumber+to+2014, patriot+games+1992, the+client+1994, for+keeps+1988, an+education+2009, changing+lanes+2002, juice+1992, breakdown+1997, 474 ms"
"2022-02-08T19:12:55.342670,269501,recommendation request 17645-team17.isri.cmu.edu:8082, status 200, result: gleaming+the+cube+1989, curdled+1996, the+five+senses+1999, and+now...+ladies+and+gentlemen...+2002, the+last+of+the+mohicans+1992, the+red+shoes+1948, the+longest+day+1962, the+conspiracy+2012, dont+move+2004, light+it+up+1999, 633+squadron+1964, detective+story+1951, in+too+deep+1999, the+verdict+1982, iris+2001, a+patch+of+blue+1965, an+education+2009, the+hitch-hiker+1953, mobsters+1991, romeo+and+juliet+1936, 262 ms"
"2022-02-08T19:12:56.387552,173259,recommendation request 17645-team17.isri.cmu.edu:8082, status 200, result: bill+cosby+himself+1983, the+avengers+1998, raging+bull+1980, incognito+1997, a+family+thing+1996, premium+rush+2012, prince+of+persia+the+sands+of+time+2010, dick+tracy+1990, critters+1986, analyze+that+2002, albatross+2011, patriot+games+1992, the+hidden+1987, 2010+moby+dick+2010, rush+hour+3+2007, juice+1992, the+brave+one+2007, scary+movie+5+2013, beyond+therapy+1987, dungeons++dragons+2000, 277 ms"
"2022-02-08T19:12:56.337922,235109,recommendation request 17645-team17.isri.cmu.edu:8082, status 200, result: sullivans+travels+1941, bossa+nova+2000, rollerball+1975, top+secret+1984, the+gauntlet+1977, last+holiday+2006, without+a+paddle+2004, birdy+1984, prince+of+persia+the+sands+of+time+2010, grand+illusion+1937, the+verdict+1982, the+letter+1940, planet+of+the+apes+2001, crush+2001, the+brave+one+2007, above+the+law+1988, come+see+the+paradise+1990, rushmore+1998, patton+1970, divergent+2014, 243 ms"
"2022-02-08T19:12:57.378573,102831,recommendation request 17645-team17.isri.cmu.edu:8082, status 200, result: eyewitness+1981, cry+freedom+1987, switchback+1997, arranged+2007, red+dawn+1984, frenzy+1972, true+crime+1996, incognito+1997, chronicle+2012, casper+1995, the+letter+1940, phoenix+1998, patriot+games+1992, the+mighty+1998, jurassic+park+1993, theatre+of+blood+1973, changing+lanes+2002, juice+1992, island+2011, the+living+daylights+1987, 355 ms"
"2022-02-08T19:12:57.288695,262510,recommendation request 17645-team17.isri.cmu.edu:8082, status 200, result: rollerball+1975, the+last+of+the+mohicans+1992, the+longest+day+1962, star+wars+episode+iii+-+revenge+of+the+sith+2005, frenzy+1972, p.s.+2004, barbarosa+1982, 633+squadron+1964, macgruber+2010, the+wash+2001, in+the+line+of+fire+1993, lifeboat+1944, z+1969, grand+illusion+1937, dick+tracy+1990, forrest+gump+1994, heavens+gate+1980, iris+2001, private+parts+1972, the+poughkeepsie+tapes+2007, 265 ms"
"2022-02-08T19:12:58.431645,189432,recommendation request 17645-team17.isri.cmu.edu:8082, status 200, result: the+nest+2002, shampoo+1975, the+five+senses+1999, charisma+1999, punchline+1988, true+crime+1996, hollow+man+2000, identity+2003, contempt+1963, in+the+line+of+fire+1993, harry+and+walter+go+to+new+york+1976, the+devils+1971, big+bad+mama+1974, body+double+1984, the+juror+1996, mighty+aphrodite+1995, island+2011, millions+2005, of+human+bondage+1934, his+girl+friday+1940, 363 ms"
"2022-02-08T19:12:58.429827,189870,recommendation request 17645-team17.isri.cmu.edu:8082, status 200, result: cry+freedom+1987, rollerball+1975, the+five+senses+1999, the+house+of+yes+1997, raging+bull+1980, lifeboat+1944, the+woman+2011, psycho+1998, dead+reckoning+1947, the+island+1980, the+mighty+1998, kull+the+conqueror+1997, mobsters+1991, the+incredible+hulk+2008, from+the+hip+1987, dinoshark+2010, airport+1975+1974, u-571+2000, house+of+frankenstein+1944, patton+1970, 334 ms"
"2022-02-08T19:12:58.434122,31240,recommendation request 17645-team17.isri.cmu.edu:8082, status 200, result: mickeys+once+upon+a+christmas+1999, a+goofy+movie+1995, p.s.+2004, the+other+side+of+the+mountain+1975, maze+2000, vision+quest+1985, freaky+friday+1976, a+little+princess+1995, ice+castles+1978, chicken+run+2000, the+witches+of+eastwick+1987, phoenix+1998, guilty+as+sin+1993, patriot+games+1992, the+brothers+2001, winnie+the+pooh+2011, juice+1992, crush+2001, from+here+to+eternity+1953, ali+2001, 349 ms"
"2022-02-08T19:12:59.437310,295828,recommendation request 17645-team17.isri.cmu.edu:8082, status 200, result: shampoo+1975, cry+freedom+1987, rollerball+1975, ed+1996, punchline+1988, the+other+side+of+the+mountain+1975, casper+1995, moving+1988, masterminds+1997, planet+of+the+apes+2001, white+palace+1990, shes+having+a+baby+1988, free+willy+3+the+rescue+1997, the+truman+show+1998, the+incredible+hulk+2008, hook+1991, his+girl+friday+1940, the+bell+boy+1918, hot+to+trot+1988, shes+out+of+control+1989, 314 ms"
"2022-02-08T19:12:59.443980,199141,recommendation request 17645-team17.isri.cmu.edu:8082, status 200, result: drop+zone+1994, rollerball+1975, arranged+2007, stick+it+2006, devil+girl+from+mars+1954, the+house+of+yes+1997, the+brother+from+another+planet+1984, sling+blade+1996, true+crime+1996, incognito+1997, without+a+paddle+2004, the+letter+1940, phoenix+1998, wake+of+death+2004, planet+of+the+apes+2001, still+bill+2010, the+mighty+1998, junebug+2005, changing+lanes+2002, saw+vi+2009, 333 ms"
"2022-02-08T19:12:59.443817,153190,recommendation request 17645-team17.isri.cmu.edu:8082, status 200, result: arranged+2007, the+avengers+1998, the+dresser+1983, ed+1996, prison+1988, the+conspiracy+2012, childs+play+3+1991, how+i+won+the+war+1967, courage+under+fire+1996, light+it+up+1999, incognito+1997, a+family+thing+1996, lifeboat+1944, iris+2001, the+letter+1940, mousehunt+1997, analyze+that+2002, albatross+2011, junebug+2005, mercenary+for+justice+2006, 257 ms"
"2022-02-08T19:13:00.699504,217034,recommendation request 17645-team17.isri.cmu.edu:8082, status 200, result: eyewitness+1981, cry+freedom+1987, rollerball+1975, drop+zone+1994, switchback+1997, capricorn+one+1977, inception+2010, chronicle+2012, pitch+black+2000, critters+1986, masterminds+1997, paparazzi+2004, the+saint+1997, planet+of+the+apes+2001, the+yakuza+1974, the+hidden+1987, running+scared+1986, 2010+moby+dick+2010, changing+lanes+2002, 10th++wolf+2006, 670 ms"
"2022-02-08T19:13:00.699269,86545,recommendation request 17645-team17.isri.cmu.edu:8082, status 200, result: black+beauty+1994, drop+zone+1994, rollerball+1975, forbidden+zone+1980, major+league+ii+1994, p.s.+2004, true+crime+1996, a+little+princess+1995, moving+1988, planet+of+the+apes+2001, fabled+2002, junebug+2005, juice+1992, island+2011, the+juror+1996, side+out+1990, above+the+law+1988, an+american+carol+2008, my+one+and+only+2009, they+made+me+a+criminal+1939, 669 ms"
"2022-02-08T19:13:00.719522,162240,recommendation request 17645-team17.isri.cmu.edu:8082, status 200, result: american+virgin+2000, top+secret+1984, oh_+god+1977, book+of+shadows+blair+witch+2+2000, the+conspiracy+2012, p.s.+2004, maze+2000, casper+1995, the+beverly+hillbillies+1993, moving+1988, the+witches+of+eastwick+1987, the+brothers+2001, working+girl+1988, jurassic+park+1993, shes+having+a+baby+1988, crush+2001, hook+1991, from+the+hip+1987, untitled+2009, spasmo+1974, 658 ms"
"2022-02-08T19:13:00.776722,236469,recommendation request 17645-team17.isri.cmu.edu:8082, status 200, result: cry+freedom+1987, the+five+senses+1999, six+pack+1982, intersection+1994, 8+seconds+1994, the+proprietor+1996, oh_+god+1977, analyze+this+1999, a+family+thing+1996, moving+1988, harry+and+tonto+1974, the+witches+of+eastwick+1987, big+bad+mama+1974, the+mighty+1998, serial+1980, the+fan+1981, apartment+zero+1988, nights+in+rodanthe+2008, l.i.e.+2001, yes+man+2008, 681 ms"
"2022-02-08T19:13:00.805190,264424,recommendation request 17645-team17.isri.cmu.edu:8082, status 200, result: curdled+1996, 8+seconds+1994, p.s.+2004, frenzy+1972, true+crime+1996, cookie+1989, a+goofy+movie+1995, maze+2000, bean+1997, apocalypto+2006, the+brothers+2001, gone+in+sixty+seconds+2000, the+matrix+revolutions+2003, desk+set+1957, veronica+guerin+2003, the+hitch-hiker+1953, crush+2001, mobsters+1991, the+brave+one+2007, the+emperors+new+groove+2000, 745 ms"
"2022-02-08T19:13:00.810300,221366,recommendation request 17645-team17.isri.cmu.edu:8082, status 200, result: gleaming+the+cube+1989, p.s.+2004, deep+rising+1998, maze+2000, premium+rush+2012, nims+island+2008, the+brothers+mcmullen+1995, grand+canyon+1991, the+verdict+1982, the+brothers+2001, fabled+2002, rush+hour+3+2007, crush+2001, island+2011, hook+1991, juno+2007, untitled+2009, bingo+1991, dinoshark+2010, the+muppet+movie+1979, 742 ms"
"2022-02-08T19:13:00.826104,258242,recommendation request 17645-team17.isri.cmu.edu:8082, status 200, result: cry+freedom+1987, the+five+senses+1999, barbershop+2002, rio+bravo+1959, the+longest+day+1962, 8+seconds+1994, the+proprietor+1996, sling+blade+1996, fuck+2005, detective+story+1951, lifeboat+1944, grand+illusion+1937, another+thin+man+1939, phoenix+1998, the+island+1980, the+mighty+1998, in+harms+way+1965, the+hot+spot+1990, outrage+2009, jennifer+eight+1992, 730 ms"
"2022-02-08T19:13:01.440112,306211,recommendation request 17645-team17.isri.cmu.edu:8082, status 200, result: wreck-it+ralph+2012, drop+zone+1994, cry+freedom+1987, six+pack+1982, the+conspiracy+2012, missing+1982, a+goofy+movie+1995, true+crime+1996, mystery_+alaska+1999, the+other+side+of+the+mountain+1975, walle+2008, the+aristocats+1970, big+hero+6+2014, a+family+thing+1996, without+a+paddle+2004, blacula+1972, harry+and+tonto+1974, one+eight+seven+1997, guilty+as+sin+1993, wake+of+death+2004, 436 ms"
"2022-02-08T19:13:01.471176,130327,recommendation request 17645-team17.isri.cmu.edu:8082, status 200, result: arranged+2007, sling+blade+1996, p.s.+2004, the+other+side+of+the+mountain+1975, incognito+1997, in+the+line+of+fire+1993, northfork+2003, father+of+the+bride+1991, ice+castles+1978, critters+1986, the+letter+1940, phoenix+1998, harem+1985, the+mighty+1998, serial+1980, an+education+2009, hogfather+2006, the+hot+spot+1990, from+here+to+eternity+1953, dark+passage+1947, 464 ms"
"2022-02-08T19:13:01.560014,175685,recommendation request 17645-team17.isri.cmu.edu:8082, status 200, result: werewolves+on+wheels+1971, the+dresser+1983, return+of+the+living+dead+3+1993, detective+story+1951, phoenix+1998, the+island+1980, malice+1993, albatross+2011, beyond+the+sea+2004, return+to+horror+high+1987, king+kong+lives+1986, six+weeks+1982, leprechaun+2+1994, eating+raoul+1982, jennifer+eight+1992, down+in+the+delta+1998, romeo+is+bleeding+1993, snakes+on+a+plane+2006, beyond+the+poseidon+adventure+1979, l.i.e.+2001, 499 ms"
"2022-02-08T19:13:01.559985,68230,recommendation request 17645-team17.isri.cmu.edu:8082, status 200, result: the+perfect+score+2004, cry+freedom+1987, arranged+2007, bon+cop+bad+cop+2006, the+last+of+the+mohicans+1992, 8+seconds+1994, a+goofy+movie+1995, p.s.+2004, red+dawn+1984, frenzy+1972, maze+2000, dont+tell+her+its+me+1990, freaky+friday+1976, big+trouble+2002, blood_+guts_+bullets+and+octane+1998, masterminds+1997, the+brothers+2001, a+man+and+a+woman+1966, for+keeps+1988, bottle+rocket+1996, 449 ms"
"2022-02-08T19:13:01.575195,104848,recommendation request 17645-team17.isri.cmu.edu:8082, status 200, result: rollerball+1975, lockout+2012, a+goofy+movie+1995, playing+the+victim+2006, a+slave+of+love+1976, snow+dogs+2002, a+little+princess+1995, haywire+2011, the+letter+1940, the+lawless+heart+2002, cars+2+2011, warriors+of+heaven+and+earth+2003, the+incredible+hulk+2008, millions+2005, ratatouille+2007, beyond+the+poseidon+adventure+1979, back+to+the+future+part+ii+1989, the+incredibles+2004, mulan+rise+of+a+warrior+2009, captain+america+the+winter+soldier+2014, 512 ms"
"2022-02-08T19:13:02.387296,83599,recommendation request 17645-team17.isri.cmu.edu:8082, status 200, result: abandon+2002, d-tox+2002, lured+1947, missing+1982, primal+fear+1996, mystery_+alaska+1999, the+last+minute+2001, undisputed+2002, duplex+2003, one+eight+seven+1997, guilty+as+sin+1993, instinct+1999, bullets+over+broadway+1994, blow+out+1981, ink+2009, diamond+men+2000, island+2011, enduring+love+2004, afterwards+2008, in+hell+2003, 357 ms"
"2022-02-08T19:13:03.679277,55917,recommendation request 17645-team17.isri.cmu.edu:8082, status 200, result: gleaming+the+cube+1989, drop+zone+1994, 8+seconds+1994, p.s.+2004, son+of+the+mask+2005, courage+under+fire+1996, around+the+bend+2004, fuck+2005, forrest+gump+1994, casper+1995, love+story+1970, the+letter+1940, grand+canyon+1991, the+verdict+1982, four+brothers+2005, patriot+games+1992, topper+1937, full+speed+1996, jurassic+park+1993, shes+having+a+baby+1988, 597 ms"
"2022-02-08T19:13:03.679480,23138,recommendation request 17645-team17.isri.cmu.edu:8082, status 200, result: cry+freedom+1987, rollerball+1975, lockout+2012, star+wars+episode+iii+-+revenge+of+the+sith+2005, a+goofy+movie+1995, walle+2008, snow+dogs+2002, spirit+stallion+of+the+cimarron+2002, haywire+2011, one+man+band+2005, the+comancheros+1961, cars+2+2011, island+2011, burnt+offerings+1976, lifted+2006, bingo+1991, dugs+special+mission+2009, ratatouille+2007, spasmo+1974, today+you+die+2005, 587 ms"
"2022-02-08T19:13:03.703714,257304,recommendation request 17645-team17.isri.cmu.edu:8082, status 200, result: gleaming+the+cube+1989, bossa+nova+2000, raging+bull+1980, the+golden+voyage+of+sinbad+1973, thank+you+for+smoking+2005, the+way+2010, prince+of+persia+the+sands+of+time+2010, paul+2011, grand+canyon+1991, the+verdict+1982, junebug+2005, conan+the+barbarian+1982, three+fugitives+1989, my+one+and+only+2009, dungeons++dragons+2000, underdog+2007, the+survivors+1983, rocky+1976, bring+it+on+again+2004, mumford+1999, 628 ms"
"2022-02-08T19:13:04.396147,301413,recommendation request 17645-team17.isri.cmu.edu:8082, status 200, result: pandorum+2009, cry+freedom+1987, robot+stories+2003, the+dresser+1983, agnes+of+god+1985, intersection+1994, the+proprietor+1996, leaving+normal+1992, frenzy+1972, loving+you+1957, the+other+side+of+the+mountain+1975, footloose+1984, z+1969, resident+evil+apocalypse+2004, forrest+gump+1994, love+story+1970, the+devils+1971, albatross+2011, the+client+1994, shes+having+a+baby+1988, 250 ms"
"2022-02-08T19:13:04.341894,152404,recommendation request 17645-team17.isri.cmu.edu:8082, status 200, result: meet+me+in+st.+louis+1944, forbidden+zone+1980, oh_+god+1977, ed+1996, p.s.+2004, the+country+bears+2002, maze+2000, snow+dogs+2002, big+hero+6+2014, a+family+thing+1996, lethal+weapon+3+1992, northfork+2003, dick+tracy+1990, casper+1995, a+patch+of+blue+1965, jabberwocky+1977, gravity+2013, another+earth+2011, jurassic+park+1993, on+the+town+1949, 281 ms"
"2022-02-08T19:13:04.419805,30187,recommendation request 17645-team17.isri.cmu.edu:8082, status 200, result: n+1998, wreck-it+ralph+2012, and+now...+ladies+and+gentlemen...+2002, forbidden+zone+1980, towelhead+2008, the+proprietor+1996, p.s.+2004, a+goofy+movie+1995, the+aristocats+1970, z+1969, eragon+2006, island+2011, conan+the+barbarian+1982, an+american+carol+2008, spasmo+1974, all+or+nothing+2002, dungeons++dragons+2000, shrek+the+third+2007, underdog+2007, holiday+1938, 318 ms"
"2022-02-08T19:13:05.417158,22896,recommendation request 17645-team17.isri.cmu.edu:8082, status 200, result: the+nest+2002, eyewitness+1981, the+gauntlet+1977, punchline+1988, how+i+won+the+war+1967, mackennas+gold+1969, all+the+mornings+of+the+world+1991, 633+squadron+1964, pitch+black+2000, chronicle+2012, holy+motors+2012, albatross+2011, a+man+and+a+woman+1966, modesty+blaise+1966, the+brave+one+2007, les+misrables+1934, return+to+the+blue+lagoon+1991, six+weeks+1982, ali+2001, crossed+tracks+2007, 318 ms"
"2022-02-08T19:13:05.555197,118566,recommendation request 17645-team17.isri.cmu.edu:8082, status 200, result: six+pack+1982, my+man+godfrey+1957, ed+1996, guest+house+paradiso+1999, true+crime+1996, a+family+thing+1996, flashdance+1983, casper+1995, nighthawks+1981, harry+and+tonto+1974, masterminds+1997, armed+and+dangerous+1986, shes+having+a+baby+1988, the+incredible+hulk+2008, the+women+2008, his+girl+friday+1940, hook+1991, breakfast+on+pluto+2005, hall+pass+2011, they+made+me+a+criminal+1939, 401 ms"
"2022-02-08T19:13:05.624248,263396,recommendation request 17645-team17.isri.cmu.edu:8082, status 200, result: eyewitness+1981, cry+freedom+1987, major+league+ii+1994, the+other+side+of+the+mountain+1975, a+christmas+carol+2009, moving+1988, white+palace+1990, desk+set+1957, out+to+sea+1997, look+whos+talking+too+1990, side+out+1990, above+the+law+1988, hopscotch+1980, today+you+die+2005, hot+to+trot+1988, fire+down+below+1997, get+real+1998, unfaithfully+yours+1984, beyond+the+poseidon+adventure+1979, dopamine+2003, 504 ms"
"2022-02-08T19:13:05.648185,261115,recommendation request 17645-team17.isri.cmu.edu:8082, status 200, result: the+house+of+yes+1997, the+longest+day+1962, p.s.+2004, light+it+up+1999, jungle+fever+1991, maze+2000, lifeboat+1944, grand+illusion+1937, harry+and+tonto+1974, the+verdict+1982, the+brothers+2001, a+man+and+a+woman+1966, the+mighty+1998, junebug+2005, shes+having+a+baby+1988, in+harms+way+1965, mighty+aphrodite+1995, crush+2001, the+women+2008, side+out+1990, 514 ms"
"2022-02-08T19:13:05.647291,219757,recommendation request 17645-team17.isri.cmu.edu:8082, status 200, result: gleaming+the+cube+1989, cry+freedom+1987, intersection+1994, 8+seconds+1994, leaving+normal+1992, p.s.+2004, loving+you+1957, maze+2000, footloose+1984, detective+story+1951, grand+canyon+1991, the+verdict+1982, where+the+heart+is+2000, the+truman+show+1998, shes+having+a+baby+1988, waiting+to+exhale+1995, crush+2001, m.+butterfly+1993, a+place+in+the+sun+1951, jennifer+eight+1992, 470 ms"
"2022-02-08T19:13:06.429780,13289,recommendation request 17645-team17.isri.cmu.edu:8082, status 200, result: rollerball+1975, mary+poppins+1964, cookie+1989, frenzy+1972, shaft+in+africa+1973, in+the+line+of+fire+1993, freaky+friday+1976, cabin+boy+1994, r100+2013, casper+1995, planet+of+the+apes+2001, jurassic+park+1993, sherlock+holmes+in+washington+1943, help+1965, hook+1991, 10th++wolf+2006, bingo+1991, breakfast+on+pluto+2005, lassie+2005, little+murders+1971, 373 ms"
"2022-02-08T19:13:06.429934,202673,recommendation request 17645-team17.isri.cmu.edu:8082, status 200, result: cry+freedom+1987, the+proprietor+1996, shaft+in+africa+1973, splash+1984, the+old+dark+house+1932, dead+reckoning+1947, the+island+1980, the+matrix+revolutions+2003, rat+2001, warriors+of+heaven+and+earth+2003, island+2011, the+brave+one+2007, rumble+fish+1983, firestarter+1984, airport+1975+1974, spasmo+1974, the+company+of+wolves+1984, the+muppet+movie+1979, s.+darko+2009, exodus+1960, 356 ms"
"2022-02-08T19:13:06.295374,191679,recommendation request 17645-team17.isri.cmu.edu:8082, status 200, result: dial+m+for+murder+1954, taking+sides+2001, sling+blade+1996, that+was+then...+this+is+now+1985, 633+squadron+1964, the+bridge+1959, z+1969, lifeboat+1944, chronicle+2012, grand+illusion+1937, heavens+gate+1980, the+yakuza+1974, another+earth+2011, the+losers+2010, the+mighty+1998, restoration+1995, sleeping+with+the+enemy+1991, the+crossing+guard+1995, little+voice+1998, threads+1984, 240 ms"
"2022-02-08T19:13:06.429831,17843,recommendation request 17645-team17.isri.cmu.edu:8082, status 200, result: cry+freedom+1987, six+pack+1982, el+topo+1970, the+snowman+1982, big+hero+6+2014, a+little+princess+1995, the+alamo+1960, patriot+games+1992, winnie+the+pooh+2011, changing+lanes+2002, shes+having+a+baby+1988, juice+1992, breakdown+1997, hook+1991, above+the+law+1988, bingo+1991, ratatouille+2007, underdog+2007, fire+down+below+1997, beyond+the+poseidon+adventure+1979, 390 ms"
"2022-02-08T19:13:07.354627,277042,recommendation request 17645-team17.isri.cmu.edu:8082, status 200, result: abandon+2002, shampoo+1975, cant+hardly+wait+1998, dr.+jekyll+and+mr.+hyde+1941, dial+m+for+murder+1954, the+house+of+yes+1997, waking+up+in+reno+2002, courage+under+fire+1996, maze+2000, the+last+minute+2001, redline+2007, emma+2009, guilty+as+sin+1993, the+yakuza+1974, condition+red+1995, the+mighty+1998, the+losers+2010, dedication+2007, island+2011, little+voice+1998, 325 ms"
"2022-02-08T19:13:07.416492,143510,recommendation request 17645-team17.isri.cmu.edu:8082, status 200, result: back+to+the+future+part+iii+1990, melody+time+1948, the+snowman+1982, a+goofy+movie+1995, big+hero+6+2014, sleeping+beauty+1959, macgruber+2010, the+aristocats+1970, one+hundred+and+one+dalmatians+1961, how+to+train+your+dragon+2+2014, a+christmas+carol+2009, poohs+heffalump+movie+2005, the+tigger+movie+2000, nims+island+2008, casper+1995, oz+the+great+and+powerful+2013, saludos+amigos+1942, balto+1995, pinocchio+1940, cars+2+2011, 383 ms"
"2022-02-08T19:13:07.408788,17893,recommendation request 17645-team17.isri.cmu.edu:8082, status 200, result: the+proprietor+1996, below+2002, the+brave+1997, sorority+row+2009, how+i+won+the+war+1967, king+of+hearts+1966, that+was+then...+this+is+now+1985, the+last+minute+2001, cq+2001, gaslight+1940, lifeboat+1944, yanks+1979, interiors+1978, the+deer+hunter+1978, blow+out+1981, platoon+1986, in+harms+way+1965, island+2011, spasmo+1974, to+be+or+not+to+be+1942, 373 ms"
"2022-02-08T19:13:08.417372,136385,recommendation request 17645-team17.isri.cmu.edu:8082, status 200, result: shampoo+1975, rollerball+1975, punchline+1988, the+other+side+of+the+mountain+1975, show+boat+1951, freaky+friday+1976, frozen+2007, ice+castles+1978, in+too+deep+1999, bachelor+in+paradise+1961, love+crazy+1941, the+yakuza+1974, planet+of+the+apes+2001, albatross+2011, gravity+2013, on+the+town+1949, junebug+2005, the+game+1997, from+here+to+eternity+1953, ali+2001, 317 ms"
"2022-02-08T19:13:08.783648,154563,recommendation request 17645-team17.isri.cmu.edu:8082, status 200, result: cry+freedom+1987, the+snowman+1982, the+proprietor+1996, big+hero+6+2014, light+it+up+1999, premium+rush+2012, in+the+line+of+fire+1993, z+1969, lifeboat+1944, fulltime+killer+2001, in+too+deep+1999, masterminds+1997, the+yakuza+1974, the+matrix+revolutions+2003, rush+hour+3+2007, sherlock+holmes+in+washington+1943, juice+1992, the+brave+one+2007, texasville+1990, scarface+1932, 672 ms"
"2022-02-08T19:13:08.812379,220338,recommendation request 17645-team17.isri.cmu.edu:8082, status 200, result: black+beauty+1994, cry+freedom+1987, the+outlaw+josey+wales+1976, top+secret+1984, drop+zone+1994, rio+bravo+1959, charisma+1999, rancho+deluxe+1975, doc+hollywood+1991, northfork+2003, summer+rental+1985, one+eight+seven+1997, big+jake+1971, lightning+jack+1994, sanjuro+1962, four+brothers+2005, bad+company+1972, another+earth+2011, last+night+1998, the+incredible+shrinking+man+1957, 701 ms"
"2022-02-08T19:13:08.842008,274949,recommendation request 17645-team17.isri.cmu.edu:8082, status 200, result: cry+freedom+1987, intersection+1994, think+like+a+man+too+2014, sling+blade+1996, p.s.+2004, loving+you+1957, lethal+weapon+3+1992, northfork+2003, father+of+the+bride+1991, dick+tracy+1990, paul+2011, johnny+english+2003, apocalypto+2006, topper+1937, gone+in+sixty+seconds+2000, the+mighty+1998, serial+1980, hogfather+2006, juice+1992, veronica+guerin+2003, 733 ms"
"2022-02-08T19:13:08.861738,218705,recommendation request 17645-team17.isri.cmu.edu:8082, status 200, result: the+cat+in+the+hat+2003, six+pack+1982, the+dresser+1983, ed+1996, blue+crush+2002, missing+1982, mystery_+alaska+1999, snow+dogs+2002, a+family+thing+1996, freaky+friday+1976, harry+and+tonto+1974, bachelor+in+paradise+1961, one+eight+seven+1997, guilty+as+sin+1993, love+crazy+1941, love+story+1970, albatross+2011, a+patch+of+blue+1965, how+the+grinch+stole+christmas+2000, on+the+town+1949, 748 ms"
"2022-02-08T19:13:08.866937,129981,recommendation request 17645-team17.isri.cmu.edu:8082, status 200, result: eyewitness+1981, cry+freedom+1987, rollerball+1975, mary+poppins+1964, the+addams+family+1991, freaky+friday+1976, the+letter+1940, gravity+2013, winnie+the+pooh+2011, modesty+blaise+1966, above+the+law+1988, hopscotch+1980, ratatouille+2007, fire+down+below+1997, divergent+2014, l.i.e.+2001, blackbeards+ghost+1968, tangled+2010, frostnixon+2008, teen+wolf+too+1987, 757 ms"
"2022-02-08T19:13:08.864755,223823,recommendation request 17645-team17.isri.cmu.edu:8082, status 200, result: black+beauty+1994, rio+bravo+1959, agnes+of+god+1985, the+dresser+1983, the+golden+voyage+of+sinbad+1973, a+little+princess+1995, psycho+1998, in+too+deep+1999, the+island+1980, planet+of+the+apes+2001, albatross+2011, serial+1980, juice+1992, the+juror+1996, ali+2001, six+weeks+1982, the+lady+from+shanghai+1947, spasmo+1974, down+in+the+delta+1998, pale+rider+1985, 752 ms"
"2022-02-08T19:13:09.436456,119406,recommendation request 17645-team17.isri.cmu.edu:8082, status 200, result: cry+freedom+1987, intersection+1994, leaving+normal+1992, the+proprietor+1996, frenzy+1972, detective+story+1951, lifeboat+1944, dick+tracy+1990, paul+2011, johnny+english+2003, albatross+2011, juice+1992, mobsters+1991, the+namesake+2006, jennifer+eight+1992, down+in+the+delta+1998, bulletproof+1996, melvin+and+howard+1980, blue+chips+1994, the+winter+guest+1997, 399 ms"
"2022-02-08T19:13:09.473740,137216,recommendation request 17645-team17.isri.cmu.edu:8082, status 200, result: the+last+of+the+mohicans+1992, punchline+1988, the+longest+day+1962, the+snowman+1982, lockout+2012, red+dawn+1984, big+hero+6+2014, light+it+up+1999, 633+squadron+1964, vision+quest+1985, a+little+princess+1995, haywire+2011, moving+1988, the+witches+of+eastwick+1987, masterminds+1997, malice+1993, the+yakuza+1974, junebug+2005, juice+1992, the+living+daylights+1987, 415 ms"
"2022-02-08T19:13:09.461659,168849,recommendation request 17645-team17.isri.cmu.edu:8082, status 200, result: cry+freedom+1987, the+avengers+1998, forbidden+zone+1980, 8+seconds+1994, p.s.+2004, frenzy+1972, the+other+side+of+the+mountain+1975, maze+2000, incognito+1997, a+family+thing+1996, american+gangster+2007, the+brothers+mcmullen+1995, paul+2011, analyze+that+2002, the+brothers+2001, this+property+is+condemned+1966, albatross+2011, the+yakuza+1974, the+client+1994, an+education+2009, 426 ms"
"2022-02-08T19:13:10.195411,28251,recommendation request 17645-team17.isri.cmu.edu:8082, status 200, result: ultraviolet+2006, robocop+2+1990, left+behind+iii+world+at+war+2005, underworld+2003, futureworld+1976, gamer+2009, final+fantasy+the+spirits+within+2001, shopping+1994, hawk+the+slayer+1980, the+guyver+1991, zardoz+1974, the+shadow+1994, underworld+evolution+2006, firefox+1982, underworld+awakening+2012, beowulf+1999, escape+from+l.a.+1996, dinotopia+2002, the+covenant+2006, spawn+1997, 126 ms"
"2022-02-08T19:13:10.330303,118994,recommendation request 17645-team17.isri.cmu.edu:8082, status 200, result: bill+cosby+himself+1983, flipped+2010, arranged+2007, ed+1996, welcome+to+collinwood+2002, p.s.+2004, easy+come_+easy+go+1967, a+goofy+movie+1995, the+country+bears+2002, maze+2000, snow+dogs+2002, dont+tell+her+its+me+1990, father+of+the+bride+1991, cabin+boy+1994, the+pompatus+of+love+1996, moving+1988, love+story+1970, mousehunt+1997, the+brothers+2001, the+truman+show+1998, 252 ms"
"2022-02-08T19:13:11.305221,115002,recommendation request 17645-team17.isri.cmu.edu:8082, status 200, result: the+family+man+2000, cry+freedom+1987, leave+it+to+beaver+1997, rollerball+1975, drop+zone+1994, star+80+1983, crisscross+1992, that+was+then...+this+is+now+1985, east+of+eden+1955, star+trek+insurrection+1998, birdy+1984, z+1969, armageddon+1998, steel+1997, harem+1985, superman+returns+2006, the+saint+1997, a+patch+of+blue+1965, grand+hotel+1932, fearless+1993, 220 ms"
"2022-02-08T19:13:12.486655,41605,recommendation request 17645-team17.isri.cmu.edu:8082, status 200, result: cry+freedom+1987, barbershop+2002, missing+1982, spartacus+1960, snow+dogs+2002, flashdance+1983, freaky+friday+1976, birdy+1984, forrest+gump+1994, another+thin+man+1939, masterminds+1997, on+the+town+1949, beyond+the+sea+2004, shes+having+a+baby+1988, juice+1992, the+living+daylights+1987, breakdown+1997, hopscotch+1980, singin+in+the+rain+1952, breakfast+on+pluto+2005, 434 ms"
"2022-02-08T19:13:12.537525,276187,recommendation request 17645-team17.isri.cmu.edu:8082, status 200, result: the+westerner+1940, the+conspiracy+2012, frenzy+1972, identity+2003, barbarosa+1982, spirit+stallion+of+the+cimarron+2002, in+the+line+of+fire+1993, the+brothers+mcmullen+1995, tap+1989, antz+1998, the+truman+show+1998, junebug+2005, juice+1992, body+double+1984, the+nuns+story+1959, remember+the+night+1940, juno+2007, jennifer+eight+1992, eyes+of+laura+mars+1978, spasmo+1974, 483 ms"
"2022-02-08T19:13:12.538255,120711,recommendation request 17645-team17.isri.cmu.edu:8082, status 200, result: cry+freedom+1987, sleepers+1996, angelas+ashes+1999, death+wish+3+1985, once+around+1991, that+was+then...+this+is+now+1985, the+big+sleep+1946, the+box+2007, affinity+2008, an+innocent+man+1989, the+letter+1940, erin+brockovich+2000, phoenix+1998, iceman+1984, the+yakuza+1974, the+client+1994, the+amateur+1981, frantic+1988, zodiac+2007, juice+1992, 456 ms"
"2022-02-08T19:13:13.416363,81973,recommendation request 17645-team17.isri.cmu.edu:8082, status 200, result: the+nest+2002, cry+freedom+1987, the+five+senses+1999, the+avengers+1998, the+longest+day+1962, raging+bull+1980, leaving+normal+1992, american+ninja+1985, barbarosa+1982, the+wash+2001, macgruber+2010, incognito+1997, parker+2013, analyze+this+1999, lifeboat+1944, grand+illusion+1937, in+too+deep+1999, moving+1988, harry+and+tonto+1974, analyze+that+2002, 374 ms"
"2022-02-08T19:13:13.404369,222217,recommendation request 17645-team17.isri.cmu.edu:8082, status 200, result: cry+freedom+1987, the+dresser+1983, paths+of+glory+1957, frenzy+1972, true+crime+1996, the+other+side+of+the+mountain+1975, fuck+2005, lifeboat+1944, all+quiet+on+the+western+front+1979, phoenix+1998, albatross+2011, white+palace+1990, mobsters+1991, the+nuns+story+1959, six+weeks+1982, outrage+2009, spasmo+1974, down+in+the+delta+1998, they+made+me+a+criminal+1939, u-571+2000, 367 ms"
"2022-02-08T19:13:13.430733,211123,recommendation request 17645-team17.isri.cmu.edu:8082, status 200, result: the+glimmer+man+1996, top+secret+1984, 23+1998, japanese+story+2003, the+high+and+the+mighty+1954, p.s.+2004, my+own+private+idaho+1991, the+addams+family+1991, lethal+weapon+3+1992, maze+2000, the+pompatus+of+love+1996, detective+story+1951, a+little+princess+1995, father+of+the+bride+1991, cabin+boy+1994, island+2011, crush+2001, above+the+law+1988, jennifer+eight+1992, spasmo+1974, 339 ms"
"2022-02-08T19:13:14.514885,276412,recommendation request 17645-team17.isri.cmu.edu:8082, status 200, result: the+glimmer+man+1996, drop+zone+1994, rollerball+1975, coldblooded+1995, the+gauntlet+1977, the+high+and+the+mighty+1954, lethal+weapon+3+1992, a+time+to+kill+1996, without+a+paddle+2004, birdy+1984, the+beverly+hillbillies+1993, lionheart+1990, harem+1985, wake+of+death+2004, hellboy+2004, desk+set+1957, changing+lanes+2002, above+the+law+1988, eight+men+out+1988, hopscotch+1980, 471 ms"
"2022-02-08T19:13:14.569278,294457,recommendation request 17645-team17.isri.cmu.edu:8082, status 200, result: a+nightmare+on+elm+street+part+2+freddys+revenge+1985, the+five+senses+1999, rollerball+1975, raging+bull+1980, the+conspiracy+2012, childs+play+3+1991, star+wars+episode+iii+-+revenge+of+the+sith+2005, the+other+side+of+the+mountain+1975, detective+story+1951, cabin+boy+1994, the+godfather+part+iii+1990, pitch+black+2000, planet+of+the+apes+2001, still+bill+2010, junebug+2005, my+one+and+only+2009, jennifer+eight+1992, breakfast+on+pluto+2005, rushmore+1998, terminator+2+judgment+day+1991, 508 ms"
"2022-02-08T19:13:14.626505,102892,recommendation request 17645-team17.isri.cmu.edu:8082, status 200, result: little+secrets+2001, the+other+side+of+the+mountain+1975, gods+not+dead+2014, in+the+line+of+fire+1993, fulltime+killer+2001, ice+castles+1978, the+letter+1940, albatross+2011, mobsters+1991, have+rocket_+will+travel+1959, from+here+to+eternity+1953, ali+2001, six+weeks+1982, dark+passage+1947, the+loves+of+carmen+1948, man+of+aran+1934, down+in+the+delta+1998, they+made+me+a+criminal+1939, old+gringo+1989, get+real+1998, 559 ms"
"2022-02-08T19:13:14.651215,140403,recommendation request 17645-team17.isri.cmu.edu:8082, status 200, result: gleaming+the+cube+1989, winged+migration+2001, the+next+three+days+2010, true+crime+1996, jean+de+florette+1986, code+of+silence+1985, a+little+princess+1995, grand+canyon+1991, the+verdict+1982, phoenix+1998, wake+of+death+2004, the+gleaners++i+2000, fabled+2002, painted+fire+2002, jurassic+park+1993, from+beyond+1986, king+and+the+clown+2005, the+hot+spot+1990, hook+1991, 7+seconds+2005, 579 ms"
"2022-02-08T19:13:14.695041,213866,recommendation request 17645-team17.isri.cmu.edu:8082, status 200, result: wreck-it+ralph+2012, the+dresser+1983, the+red+shoes+1948, paths+of+glory+1957, a+goofy+movie+1995, walle+2008, big+hero+6+2014, the+great+escape+1963, albatross+2011, cars+2+2011, serial+bad+weddings+2014, murphys+romance+1985, from+here+to+eternity+1953, romeo+and+juliet+1936, six+weeks+1982, richard+iii+1955, the+emperors+new+groove+2000, dugs+special+mission+2009, bingo+1991, ratatouille+2007, 568 ms"
"2022-02-08T19:13:14.722467,249127,recommendation request 17645-team17.isri.cmu.edu:8082, status 200, result: narc+2002, wreck-it+ralph+2012, drop+zone+1994, switchback+1997, forbidden+zone+1980, rollerball+1975, lockout+2012, p.s.+2004, a+goofy+movie+1995, sleeping+beauty+1959, the+aristocats+1970, without+a+paddle+2004, northfork+2003, babe+pig+in+the+city+1998, colour+me+kubrick+2005, jabberwocky+1977, cars+2+2011, winnie+the+pooh+2011, junebug+2005, changing+lanes+2002, 627 ms"
"2022-02-08T19:13:15.321178,126370,recommendation request 17645-team17.isri.cmu.edu:8082, status 200, result: the+five+senses+1999, american+pimp+1999, the+conspiracy+2012, cookie+1989, light+it+up+1999, detective+story+1951, the+letter+1940, the+mighty+1998, people+like+us+2012, the+fan+1981, jennifer+eight+1992, spasmo+1974, house+of+frankenstein+1944, apartment+zero+1988, the+program+1993, cul-de-sac+1966, the+pearl+of+death+1944, undertow+2004, the+amityville+horror+1979, mumford+1999, 239 ms"
"2022-02-08T19:13:15.352092,34348,recommendation request 17645-team17.isri.cmu.edu:8082, status 200, result: blaze+1989, sink+the+bismarck+1960, dreamgirls+2006, hangmen+also+die+1943, the+doctor+1991, flags+of+our+fathers+2006, midway+1976, that+was+then...+this+is+now+1985, the+bridge+1959, cromwell+1970, cocktail+1988, war+horse+2011, a+bridge+too+far+1977, delivery+man+2013, kundun+1997, people+like+us+2012, battle+of+britain+1969, cradle+will+rock+1999, the+hundred-foot+journey+2014, all+quiet+on+the+western+front+1930, 247 ms"
"2022-02-08T19:13:15.619603,34900,recommendation request 17645-team17.isri.cmu.edu:8082, status 200, result: american+virgin+2000, out+of+sight+1998, drop+zone+1994, nothing+but+trouble+1991, barbershop+2002, the+last+of+the+mohicans+1992, the+longest+day+1962, family+plot+1976, doc+hollywood+1991, national+lampoons+van+wilder+2002, 633+squadron+1964, without+a+paddle+2004, another+thin+man+1939, national+lampoons+vacation+1983, wake+of+death+2004, company+man+2000, opportunity+knocks+1990, changing+lanes+2002, hopscotch+1980, private+lives+1931, 485 ms"
"2022-02-08T19:13:15.668205,302878,recommendation request 17645-team17.isri.cmu.edu:8082, status 200, result: replicant+2001, curdled+1996, wreck-it+ralph+2012, the+snowman+1982, family+plot+1976, royal+deceit+1994, p.s.+2004, a+goofy+movie+1995, the+aristocats+1970, northfork+2003, cabin+boy+1994, company+man+2000, cars+2+2011, hogfather+2006, conan+the+barbarian+1982, dugs+special+mission+2009, ratatouille+2007, airport+1975+1974, lassie+2005, dungeons++dragons+2000, 556 ms"
"2022-02-08T19:13:15.751193,421,recommendation request 17645-team17.isri.cmu.edu:8082, status 200, result: top+secret+1984, barbershop+2002, coldblooded+1995, the+snowman+1982, p.s.+2004, son+of+the+mask+2005, all+the+mornings+of+the+world+1991, the+addams+family+1991, big+hero+6+2014, maze+2000, fathers+little+dividend+1951, father+of+the+bride+1991, a+little+princess+1995, cabin+boy+1994, another+thin+man+1939, dumb+and+dumber+to+2014, holy+motors+2012, topper+1937, the+brothers+2001, a+man+and+a+woman+1966, 632 ms"
"2022-02-08T19:13:15.774889,227701,recommendation request 17645-team17.isri.cmu.edu:8082, status 200, result: eyewitness+1981, switchback+1997, lockout+2012, punchline+1988, city+slickers+1991, p.s.+2004, son+of+the+mask+2005, barbarosa+1982, vision+quest+1985, freaky+friday+1976, a+little+princess+1995, forrest+gump+1994, bad+girls+1994, haywire+2011, love+story+1970, the+witches+of+eastwick+1987, patriot+games+1992, topper+1937, shes+having+a+baby+1988, geronimo+an+american+legend+1993, 641 ms"
"2022-02-08T19:13:15.777196,147163,recommendation request 17645-team17.isri.cmu.edu:8082, status 200, result: mickeys+once+upon+a+christmas+1999, the+dresser+1983, the+snowman+1982, 28+weeks+later+2007, coming+to+america+1988, the+conspiracy+2012, little+secrets+2001, big+hero+6+2014, altered+2006, sleeping+beauty+1959, one+little+indian+1973, gumby+the+movie+1995, albatross+2011, six+weeks+1982, the+fury+1978, mr.+deeds+2002, dinoshark+2010, bingo+1991, dugs+special+mission+2009, ratatouille+2007, 644 ms"
"2022-02-08T19:13:16.408665,110103,recommendation request 17645-team17.isri.cmu.edu:8082, status 200, result: the+five+senses+1999, angst+1983, criminal+law+1988, dreamgirls+2006, my+man+godfrey+1957, 8+seconds+1994, the+proprietor+1996, ed+1996, bustin+loose+1981, cazuza+time+doesnt+stop+2004, p.s.+2004, intersection+1994, loving+you+1957, nothing+to+lose+1994, light+it+up+1999, maze+2000, behind+the+sun+2001, a+field+in+england+2013, bellflower+2011, z+1969, 372 ms"
"2022-02-08T19:13:16.518391,36780,recommendation request 17645-team17.isri.cmu.edu:8082, status 200, result: dead+of+winter+1987, arranged+2007, 23+1998, point+blank+1967, nims+island+2008, paul+2011, fast++furious+6+2013, dont+say+a+word+2001, nighthawks+1981, dead+reckoning+1947, malice+1993, island+2011, from+here+to+eternity+1953, ali+2001, hook+1991, 7+seconds+2005, dugs+special+mission+2009, hav+plenty+1997, ratatouille+2007, spasmo+1974, 432 ms"
"2022-02-08T19:13:16.535798,60197,recommendation request 17645-team17.isri.cmu.edu:8082, status 200, result: eyewitness+1981, mickeys+once+upon+a+christmas+1999, top+secret+1984, lockout+2012, p.s.+2004, son+of+the+mask+2005, courage+under+fire+1996, deep+rising+1998, gumby+the+movie+1995, haywire+2011, patriot+games+1992, topper+1937, a+man+and+a+woman+1966, desk+set+1957, out+to+sea+1997, juice+1992, island+2011, the+women+2008, side+out+1990, breakdown+1997, 454 ms"
"2022-02-08T19:13:16.541484,136421,recommendation request 17645-team17.isri.cmu.edu:8082, status 200, result: the+nest+2002, what+doesnt+kill+you+2008, the+gauntlet+1977, ed+1996, the+snowman+1982, the+conspiracy+2012, the+next+three+days+2010, true+crime+1996, walle+2008, parker+2013, the+dance+of+reality+2013, johnny+english+2003, one+man+band+2005, the+yakuza+1974, macabre+1958, rush+hour+3+2007, lifted+2006, leprechaun+2+1994, 7+seconds+2005, eating+raoul+1982, 456 ms"
"2022-02-08T19:13:17.432690,181151,recommendation request 17645-team17.isri.cmu.edu:8082, status 200, result: rollerball+1975, top+secret+1984, 8+seconds+1994, frenzy+1972, the+other+side+of+the+mountain+1975, the+addams+family+1991, the+andromeda+strain+1971, gods+not+dead+2014, a+little+princess+1995, bean+1997, ice+castles+1978, psycho+1998, planet+of+the+apes+2001, from+here+to+eternity+1953, ali+2001, the+women+2008, richard+iii+1955, the+loves+of+carmen+1948, dugs+special+mission+2009, ratatouille+2007, 403 ms"
"2022-02-08T19:13:17.520835,44805,recommendation request 17645-team17.isri.cmu.edu:8082, status 200, result: eyewitness+1981, rollerball+1975, the+longest+day+1962, ed+1996, lockout+2012, vision+quest+1985, footloose+1984, lifeboat+1944, a+little+princess+1995, grand+illusion+1937, casper+1995, haywire+2011, the+witches+of+eastwick+1987, patriot+games+1992, jurassic+park+1993, changing+lanes+2002, in+harms+way+1965, juice+1992, hook+1991, hopscotch+1980, 479 ms"
"2022-02-08T19:13:17.577549,206987,recommendation request 17645-team17.isri.cmu.edu:8082, status 200, result: gleaming+the+cube+1989, black+beauty+1994, my+man+godfrey+1957, ed+1996, p.s.+2004, maze+2000, a+little+princess+1995, taxi+2004, grand+canyon+1991, the+verdict+1982, ghoulies+ii+1987, the+brothers+2001, junebug+2005, the+truman+show+1998, crush+2001, the+nuns+story+1959, millions+2005, remember+the+night+1940, my+one+and+only+2009, untitled+2009, 535 ms"
"2022-02-08T19:13:17.580033,216945,recommendation request 17645-team17.isri.cmu.edu:8082, status 200, result: gleaming+the+cube+1989, dead+of+winter+1987, whisper+of+the+heart+1995, and+now...+ladies+and+gentlemen...+2002, the+dresser+1983, missing+1982, mystery_+alaska+1999, the+other+side+of+the+mountain+1975, grand+canyon+1991, the+verdict+1982, one+eight+seven+1997, guilty+as+sin+1993, the+devils+1971, albatross+2011, bad+company+1972, an+education+2009, juice+1992, island+2011, six+weeks+1982, of+human+bondage+1934, 541 ms"
"2022-02-08T19:13:17.581404,156274,recommendation request 17645-team17.isri.cmu.edu:8082, status 200, result: wreck-it+ralph+2012, nothing+but+trouble+1991, p.s.+2004, a+goofy+movie+1995, crossroads+2002, maze+2000, the+aristocats+1970, flashdance+1983, the+brothers+mcmullen+1995, forrest+gump+1994, national+lampoons+vacation+1983, patriot+games+1992, the+brothers+2001, cars+2+2011, junebug+2005, shes+having+a+baby+1988, juice+1992, crush+2001, the+women+2008, my+one+and+only+2009, 542 ms"
"2022-02-08T19:13:18.464058,165961,recommendation request 17645-team17.isri.cmu.edu:8082, status 200, result: shampoo+1975, cry+freedom+1987, the+house+of+yes+1997, the+last+of+the+mohicans+1992, the+proprietor+1996, p.s.+2004, missing+1982, the+official+story+1985, the+other+side+of+the+mountain+1975, 633+squadron+1964, maze+2000, birdy+1984, the+company+men+2010, random+hearts+1999, patriot+games+1992, the+brothers+2001, working+girl+1988, albatross+2011, the+mighty+1998, junebug+2005, 400 ms"
"2022-02-08T19:13:18.491103,124410,recommendation request 17645-team17.isri.cmu.edu:8082, status 200, result: gleaming+the+cube+1989, taps+1981, robot+stories+2003, its+all+about+love+2003, nine+lives+2005, a+dogs+will+2000, elite+squad+the+enemy+within+2010, dont+move+2004, cazuza+time+doesnt+stop+2004, suddenly+1954, that+was+then...+this+is+now+1985, the+other+side+of+the+mountain+1975, the+mother+2003, nothing+to+lose+1994, behind+the+sun+2001, grand+canyon+1991, the+verdict+1982, phoenix+1998, men+of+honor+2000, bulworth+1998, 370 ms"
"2022-02-08T19:13:18.531264,105524,recommendation request 17645-team17.isri.cmu.edu:8082, status 200, result: rio+2+2014, cry+freedom+1987, coldblooded+1995, the+longest+day+1962, hostile+intentions+1995, barbarosa+1982, the+aristocats+1970, lifeboat+1944, grand+illusion+1937, dumb+and+dumber+to+2014, grand+canyon+1991, the+island+1980, albatross+2011, ready+to+rumble+2000, in+harms+way+1965, mobsters+1991, conan+the+barbarian+1982, redbelt+2008, the+incredible+hulk+2008, scary+movie+5+2013, 433 ms"
"2022-02-08T19:13:18.550891,67935,recommendation request 17645-team17.isri.cmu.edu:8082, status 200, result: cry+freedom+1987, dark+city+1950, the+proprietor+1996, cookie+1989, mystery_+alaska+1999, all+the+mornings+of+the+world+1991, the+verdict+1982, silver+city+2004, full+speed+1996, white+palace+1990, junebug+2005, shes+having+a+baby+1988, desk+set+1957, out+to+sea+1997, juice+1992, my+one+and+only+2009, come+see+the+paradise+1990, they+made+me+a+criminal+1939, little+murders+1971, patton+1970, 438 ms"
"2022-02-08T19:13:18.550568,160068,recommendation request 17645-team17.isri.cmu.edu:8082, status 200, result: robot+stories+2003, the+other+side+of+the+mountain+1975, in+the+line+of+fire+1993, inception+2010, dead+reckoning+1947, malice+1993, the+matrix+revolutions+2003, warriors+of+heaven+and+earth+2003, conan+the+barbarian+1982, the+brave+one+2007, scarface+1932, last+night+1998, the+fury+1978, above+the+law+1988, azumi+2003, dinoshark+2010, absolute+power+1997, dungeons++dragons+2000, the+hidden+fortress+1958, fire+down+below+1997, 435 ms"
"2022-02-08T19:13:19.622514,235857,recommendation request 17645-team17.isri.cmu.edu:8082, status 200, result: the+perfect+score+2004, angst+1983, the+dresser+1983, election+2+2006, picture+perfect+1997, punchline+1988, the+conspiracy+2012, ip+man+2+2010, lethal+weapon+3+1992, johnny+english+2003, albatross+2011, macabre+1958, happy+together+1997, the+longest+yard+1974, the+matrix+1999, six+weeks+1982, the+fan+1981, spasmo+1974, down+in+the+delta+1998, indestructible+man+1956, 531 ms"
"2022-02-08T19:13:19.678989,205357,recommendation request 17645-team17.isri.cmu.edu:8082, status 200, result: eyewitness+1981, cry+freedom+1987, rollerball+1975, intersection+1994, the+last+of+the+mohicans+1992, the+proprietor+1996, the+longest+day+1962, star+wars+episode+iii+-+revenge+of+the+sith+2005, how+i+won+the+war+1967, 633+squadron+1964, code+of+silence+1985, lifeboat+1944, the+letter+1940, phoenix+1998, planet+of+the+apes+2001, platoon+1986, modesty+blaise+1966, serial+1980, in+harms+way+1965, the+hot+spot+1990, 601 ms"
"2022-02-08T19:13:19.686663,71611,recommendation request 17645-team17.isri.cmu.edu:8082, status 200, result: the+cat+in+the+hat+2003, drop+zone+1994, barbershop+2002, the+last+of+the+mohicans+1992, ed+1996, the+proprietor+1996, intersection+1994, loving+you+1957, 633+squadron+1964, freaky+friday+1976, footloose+1984, casper+1995, another+thin+man+1939, the+verdict+1982, the+saint+1997, how+the+grinch+stole+christmas+2000, serial+1980, changing+lanes+2002, the+incredible+hulk+2008, help+1965, 607 ms"
"2022-02-08T19:13:20.390302,67322,recommendation request 17645-team17.isri.cmu.edu:8082, status 200, result: helen+of+troy+1956, the+last+of+the+mohicans+1992, the+major+and+the+minor+1942, horse+feathers+1932, never+again+2002, midnight+1939, 21+2008, striptease+1996, dead+reckoning+1947, shopping+1994, gravity+2013, serial+1980, harsh+times+2005, double+take+2001, in+hell+2003, get+over+it+2001, above+the+law+1988, a+knights+tale+2001, beyond+the+poseidon+adventure+1979, the+swarm+1978, 366 ms"
"2022-02-08T19:13:20.420022,173239,recommendation request 17645-team17.isri.cmu.edu:8082, status 200, result: my+bosss+daughter+2003, the+inbetweeners+movie+2011, bad+grandpa+2013, black+sheep+1996, p.s.+2004, son+of+the+mask+2005, that+was+then...+this+is+now+1985, never+again+2002, r.i.p.d.+2013, ghosts+of+girlfriends+past+2009, topper+1937, beyond+the+sea+2004, hard+times+1975, ali+2001, scary+movie+5+2013, the+women+2008, get+over+it+2001, white+chicks+2004, dopamine+2003, all+that+jazz+1979, 413 ms"
"2022-02-08T19:13:20.566606,23474,recommendation request 17645-team17.isri.cmu.edu:8082, status 200, result: dead+of+winter+1987, rollerball+1975, oh_+god+1977, star+wars+episode+iii+-+revenge+of+the+sith+2005, the+other+side+of+the+mountain+1975, the+company+men+2010, pitch+black+2000, ice+castles+1978, tap+1989, moving+1988, the+poughkeepsie+tapes+2007, planet+of+the+apes+2001, albatross+2011, juice+1992, from+here+to+eternity+1953, ali+2001, the+incredible+hulk+2008, the+nuns+story+1959, eight+men+out+1988, the+loves+of+carmen+1948, 563 ms"
"2022-02-08T19:13:20.601081,265069,recommendation request 17645-team17.isri.cmu.edu:8082, status 200, result: shampoo+1975, sullivans+travels+1941, punchline+1988, the+conspiracy+2012, the+errand+boy+1961, last+holiday+2006, p.s.+2004, scorpio+1973, altered+2006, without+a+paddle+2004, footloose+1984, cabin+boy+1994, nims+island+2008, going+the+distance+2010, junebug+2005, murphys+romance+1985, some+days+are+better+than+others+2011, the+women+2008, the+fury+1978, his+girl+friday+1940, 593 ms"
"2022-02-08T19:13:20.604585,277240,recommendation request 17645-team17.isri.cmu.edu:8082, status 200, result: the+cat+in+the+hat+2003, drop+zone+1994, rollerball+1975, top+secret+1984, suburban+commando+1991, ed+1996, family+plot+1976, cookie+1989, hollow+man+2000, the+other+side+of+the+mountain+1975, the+addams+family+1991, without+a+paddle+2004, in+the+line+of+fire+1993, a+little+princess+1995, the+beverly+hillbillies+1993, dead+reckoning+1947, wake+of+death+2004, malice+1993, opportunity+knocks+1990, how+the+grinch+stole+christmas+2000, 597 ms"
"2022-02-08T19:13:20.644963,21858,recommendation request 17645-team17.isri.cmu.edu:8082, status 200, result: dead+of+winter+1987, 23+1998, the+proprietor+1996, p.s.+2004, maze+2000, fuck+2005, dead+reckoning+1947, malice+1993, the+yakuza+1974, the+brothers+2001, gravity+2013, beyond+the+sea+2004, junebug+2005, the+game+1997, island+2011, from+here+to+eternity+1953, ali+2001, crush+2001, of+human+bondage+1934, made+of+honor+2008, 617 ms"
"2022-02-08T19:13:20.659468,233052,recommendation request 17645-team17.isri.cmu.edu:8082, status 200, result: shampoo+1975, the+five+senses+1999, 8+seconds+1994, the+proprietor+1996, how+i+won+the+war+1967, the+other+side+of+the+mountain+1975, maze+2000, lifeboat+1944, birdy+1984, casper+1995, for+keeps+1988, platoon+1986, an+education+2009, in+harms+way+1965, crush+2001, conan+the+barbarian+1982, hook+1991, the+emperors+new+groove+2000, ratatouille+2007, chicken+little+2005, 639 ms"
"2022-02-08T19:13:21.496529,11615,recommendation request 17645-team17.isri.cmu.edu:8082, status 200, result: n+1998, rollerball+1975, star+wars+episode+iii+-+revenge+of+the+sith+2005, black+sheep+1996, doc+hollywood+1991, the+sting+1973, that+was+then...+this+is+now+1985, k-9+1989, never+again+2002, the+bank+2001, duck+soup+1933, star+trek+insurrection+1998, the+lost+weekend+1945, the+virgin+suicides+1999, moving+1988, planet+of+the+apes+2001, albatross+2011, so+fine+1981, millions+2005, get+over+it+2001, 427 ms"
"2022-02-08T19:13:21.545346,111831,recommendation request 17645-team17.isri.cmu.edu:8082, status 200, result: cry+freedom+1987, robot+stories+2003, the+conspiracy+2012, missing+1982, frenzy+1972, solomon+kane+2009, mystery_+alaska+1999, altered+2006, death+note+2006, p.s.+2004, the+other+side+of+the+mountain+1975, in+the+line+of+fire+1993, northfork+2003, pitch+black+2000, one+eight+seven+1997, the+island+1980, guilty+as+sin+1993, an+education+2009, island+2011, last+night+1998, 484 ms"
"2022-02-08T19:13:21.550045,99870,recommendation request 17645-team17.isri.cmu.edu:8082, status 200, result: cry+freedom+1987, drop+zone+1994, missing+1982, p.s.+2004, son+of+the+mask+2005, mystery_+alaska+1999, maze+2000, spirit+stallion+of+the+cimarron+2002, lifeboat+1944, one+eight+seven+1997, the+island+1980, guilty+as+sin+1993, the+great+escape+1963, the+brothers+2001, topper+1937, four+brothers+2005, desk+set+1957, out+to+sea+1997, island+2011, crush+2001, 495 ms"
"2022-02-08T19:13:21.618820,173905,recommendation request 17645-team17.isri.cmu.edu:8082, status 200, result: spun+2002, cry+freedom+1987, nothing+but+trouble+1991, and+now...+ladies+and+gentlemen...+2002, p.s.+2004, the+other+side+of+the+mountain+1975, maze+2000, z+1969, lifeboat+1944, cabin+boy+1994, ice+castles+1978, national+lampoons+vacation+1983, the+great+escape+1963, the+brothers+2001, white+palace+1990, crush+2001, mobsters+1991, from+here+to+eternity+1953, ali+2001, the+living+daylights+1987, 553 ms"
"2022-02-08T19:13:21.618137,272874,recommendation request 17645-team17.isri.cmu.edu:8082, status 200, result: robot+stories+2003, p.s.+2004, son+of+the+mask+2005, northfork+2003, the+letter+1940, guilty+as+sin+1993, the+yakuza+1974, topper+1937, winnie+the+pooh+2011, from+dusk+till+dawn+1996, the+nuns+story+1959, last+night+1998, the+women+2008, 10th++wolf+2006, 7+seconds+2005, taking+chance+2009, ratatouille+2007, batman+beyond+return+of+the+joker+2000, patton+1970, no+mercy+1986, 548 ms"
"2022-02-08T19:13:21.658374,104275,recommendation request 17645-team17.isri.cmu.edu:8082, status 200, result: charisma+1999, lockout+2012, p.s.+2004, son+of+the+mask+2005, maze+2000, lethal+weapon+3+1992, the+brothers+mcmullen+1995, dick+tracy+1990, paul+2011, johnny+english+2003, haywire+2011, topper+1937, the+brothers+2001, shes+having+a+baby+1988, crush+2001, the+women+2008, azumi+2003, juno+2007, spirited+away+2001, bulletproof+1996, 543 ms"
"2022-02-08T19:13:22.416650,80692,recommendation request 17645-team17.isri.cmu.edu:8082, status 200, result: dead+of+winter+1987, bill+cosby+himself+1983, rollerball+1975, p.s.+2004, barbarosa+1982, light+it+up+1999, detective+story+1951, nims+island+2008, masterminds+1997, millions+2005, hook+1991, beyond+therapy+1987, jennifer+eight+1992, the+thin+man+goes+home+1945, patton+1970, melvin+and+howard+1980, benji+1974, the+villain+1979, captain+america+the+winter+soldier+2014, divergent+2014, 343 ms"
"2022-02-08T19:13:22.625030,92367,recommendation request 17645-team17.isri.cmu.edu:8082, status 200, result: the+avengers+1998, six+pack+1982, the+dresser+1983, blue+crush+2002, p.s.+2004, a+goofy+movie+1995, incognito+1997, freaky+friday+1976, cabin+boy+1994, a+little+princess+1995, analyze+that+2002, albatross+2011, the+brave+one+2007, six+weeks+1982, blood+and+sand+1989, the+curse+of+the+cat+people+1944, the+emperors+new+groove+2000, rushmore+1998, ratatouille+2007, down+in+the+delta+1998, 550 ms"
"2022-02-08T19:13:22.704388,257732,recommendation request 17645-team17.isri.cmu.edu:8082, status 400, result: movie 1 not found, 617 ms"
"2022-02-08T19:13:22.719838,7283,recommendation request 17645-team17.isri.cmu.edu:8082, status 200, result: american+virgin+2000, and+now...+ladies+and+gentlemen...+2002, coldblooded+1995, six+pack+1982, p.s.+2004, a+goofy+movie+1995, walle+2008, maze+2000, dont+tell+her+its+me+1990, father+of+the+bride+1991, freaky+friday+1976, pitch+black+2000, splash+1984, dumb+and+dumber+to+2014, the+brothers+2001, cars+2+2011, crush+2001, the+women+2008, an+american+carol+2008, stromboli+1950, 601 ms"
"2022-02-08T19:13:22.724072,157466,recommendation request 17645-team17.isri.cmu.edu:8082, status 200, result: cry+freedom+1987, switchback+1997, lockout+2012, a+goofy+movie+1995, rambo+first+blood+part+ii+1985, vision+quest+1985, freaky+friday+1976, a+little+princess+1995, forrest+gump+1994, pitch+black+2000, haywire+2011, moving+1988, the+witches+of+eastwick+1987, the+letter+1940, shes+having+a+baby+1988, blind+fury+1989, the+man+who+knew+too+much+1956, the+emperors+new+groove+2000, today+you+die+2005, ratatouille+2007, 603 ms"
"2022-02-08T19:13:22.719877,93787,recommendation request 17645-team17.isri.cmu.edu:8082, status 200, result: cry+freedom+1987, the+three+brothers+1995, all+about+my+mother+1999, rio+bravo+1959, my+man+godfrey+1957, ed+1996, rancho+deluxe+1975, guest+house+paradiso+1999, baadasssss+2004, p.s.+2004, fly+me+to+the+moon+2012, barbarosa+1982, the+closet+2001, nims+island+2008, moving+1988, lightning+jack+1994, albatross+2011, white+palace+1990, hook+1991, ratatouille+2007, 645 ms"
"2022-02-08T19:13:23.437557,169726,recommendation request 17645-team17.isri.cmu.edu:8082, status 200, result: werewolves+on+wheels+1971, oh_+god+1977, the+longest+day+1962, the+conspiracy+2012, p.s.+2004, incognito+1997, premium+rush+2012, cabin+boy+1994, lifeboat+1944, grand+illusion+1937, junebug+2005, rush+hour+3+2007, in+harms+way+1965, fail+safe+2000, the+women+2008, remember+the+night+1940, north+1994, my+one+and+only+2009, spasmo+1974, snakes+on+a+plane+2006, 401 ms"
"2022-02-08T19:13:23.399651,152550,recommendation request 17645-team17.isri.cmu.edu:8082, status 200, result: eyewitness+1981, drop+zone+1994, rollerball+1975, love+jones+1997, 8+seconds+1994, star+wars+episode+iii+-+revenge+of+the+sith+2005, a+goofy+movie+1995, little+secrets+2001, one+little+indian+1973, without+a+paddle+2004, father+of+the+bride+1991, cabin+boy+1994, freaky+friday+1976, planet+of+the+apes+2001, winnie+the+pooh+2011, changing+lanes+2002, from+here+to+eternity+1953, the+incredible+hulk+2008, the+emperors+new+groove+2000, today+you+die+2005, 365 ms"
"2022-02-08T19:13:23.465138,201997,recommendation request 17645-team17.isri.cmu.edu:8082, status 200, result: drop+zone+1994, crips+and+bloods+made+in+america+2008, the+snowman+1982, up+the+yangtze+2007, deep+rising+1998, the+nomi+song+2004, big+hero+6+2014, fuck+2005, pitch+black+2000, the+saint+1997, running+scared+1986, changing+lanes+2002, outrage+2009, dinoshark+2010, bingo+1991, bulletproof+1996, underdog+2007, fire+down+below+1997, doogal+2006, daylight+1996, 439 ms"
"2022-02-08T19:13:24.293571,270512,recommendation request 17645-team17.isri.cmu.edu:8082, status 200, result: into+eternity+2010, crisscross+1992, enough+2002, that+was+then...+this+is+now+1985, k-9+1989, fuck+2005, r.i.p.d.+2013, johnny+english+2003, greed+1924, modulations+1998, screwed+2000, sonny+2002, dive+2010, the+godfather+1972, moon+over+parador+1988, outrage+2009, ride+along+2014, the+wind+and+the+lion+1975, we+were+here+2011, rescue+dawn+2006, 200 ms"
"2022-02-08T19:13:24.472425,148906,recommendation request 17645-team17.isri.cmu.edu:8082, status 200, result: top+secret+1984, robot+stories+2003, the+house+of+yes+1997, lucky+them+2013, its+all+about+love+2003, nine+lives+2005, halloween+2007, identity+2003, roman+holiday+1953, that+was+then...+this+is+now+1985, the+other+side+of+the+mountain+1975, the+mother+2003, brimstone++treacle+1982, scream+4+2011, hamlet+1948, suburbia+1996, albatross+2011, the+mighty+1998, away+from+her+2006, little+voice+1998, 363 ms"
"2022-02-08T19:13:24.495062,235897,recommendation request 17645-team17.isri.cmu.edu:8082, status 200, result: the+perfect+score+2004, eyewitness+1981, rollerball+1975, top+secret+1984, forbidden+zone+1980, the+dresser+1983, the+gauntlet+1977, without+a+paddle+2004, johnny+english+2003, planet+of+the+apes+2001, albatross+2011, the+yakuza+1974, the+longest+yard+1974, modesty+blaise+1966, junebug+2005, the+women+2008, six+weeks+1982, from+the+hip+1987, hopscotch+1980, above+the+law+1988, 394 ms"
"2022-02-08T19:13:24.307872,307432,recommendation request 17645-team17.isri.cmu.edu:8082, status 200, result: abandon+2002, the+pelican+brief+1993, silent+fall+1994, mikes+murder+1984, disclosure+1994, deathtrap+1982, the+unsuspected+1947, the+big+sleep+1946, the+last+minute+2001, scarecrow+1973, d.o.a.+1988, instinct+1999, last+dance+1996, l.a.+confidential+1997, frantic+1988, eraser+1996, island+2011, harper+1966, the+village+2004, they+made+me+a+criminal+1939, 199 ms"
"2022-02-08T19:13:24.476420,224626,recommendation request 17645-team17.isri.cmu.edu:8082, status 200, result: rollerball+1975, mary+poppins+1964, sniper+2+2002, cookie+1989, frenzy+1972, barbarosa+1982, the+wash+2001, army+of+darkness+1992, another+thin+man+1939, the+last+house+on+the+left+2009, private+parts+1972, the+poughkeepsie+tapes+2007, the+yakuza+1974, the+client+1994, look+whos+talking+too+1990, scary+movie+5+2013, side+out+1990, the+fan+1981, dinoshark+2010, jennifer+eight+1992, 371 ms"
"2022-02-08T19:13:24.549689,178383,recommendation request 17645-team17.isri.cmu.edu:8082, status 200, result: the+five+senses+1999, bossa+nova+2000, harts+war+2002, robot+stories+2003, arranged+2007, ed+1996, 8+seconds+1994, the+proprietor+1996, the+way+2010, inception+2010, casper+1995, bad+girls+1994, the+verdict+1982, the+letter+1940, jurassic+park+1993, m.+butterfly+1993, last+night+1998, hook+1991, above+the+law+1988, the+art+of+war+2000, 442 ms"
"2022-02-08T19:13:25.454048,173505,recommendation request 17645-team17.isri.cmu.edu:8082, status 200, result: the+bounty+1984, the+longest+day+1962, the+proprietor+1996, the+conspiracy+2012, the+brother+from+another+planet+1984, p.s.+2004, missing+1982, mystery_+alaska+1999, written+on+the+wind+1956, lifeboat+1944, grand+illusion+1937, pitch+black+2000, one+eight+seven+1997, guilty+as+sin+1993, the+yakuza+1974, marooned+1969, macabre+1958, gravity+2013, junebug+2005, the+game+1997, 392 ms"
"2022-02-08T19:13:26.446744,187214,recommendation request 17645-team17.isri.cmu.edu:8082, status 200, result: the+five+senses+1999, dreamgirls+2006, 8+seconds+1994, the+proprietor+1996, p.s.+2004, walle+2008, big+hero+6+2014, maze+2000, the+brothers+2001, albatross+2011, cars+2+2011, people+like+us+2012, crush+2001, island+2011, stromboli+1950, bingo+1991, atonement+2007, untitled+2009, chicken+little+2005, down+in+the+delta+1998, 346 ms"
"2022-02-08T19:13:26.473243,271121,recommendation request 17645-team17.isri.cmu.edu:8082, status 200, result: the+perfect+score+2004, eyewitness+1981, bon+cop+bad+cop+2006, mary+poppins+1964, a+goofy+movie+1995, frenzy+1972, true+crime+1996, the+addams+family+1991, vision+quest+1985, freaky+friday+1976, a+little+princess+1995, the+witches+of+eastwick+1987, shes+having+a+baby+1988, the+incredible+hulk+2008, hopscotch+1980, the+emperors+new+groove+2000, today+you+die+2005, ratatouille+2007, spasmo+1974, they+made+me+a+criminal+1939, 368 ms"
"2022-02-08T19:13:27.533375,242613,recommendation request 17645-team17.isri.cmu.edu:8082, status 200, result: arranged+2007, the+five+senses+1999, return+of+the+fly+1959, the+brother+from+another+planet+1984, cookie+1989, carnosaur+2+1995, wintersleepers+1997, birdy+1984, the+man+without+a+face+1993, iris+2001, dead+reckoning+1947, harem+1985, malice+1993, the+yakuza+1974, money+train+1995, gravity+2013, the+game+1997, side+out+1990, eight+men+out+1988, dinoshark+2010, 434 ms"
"2022-02-08T19:13:27.535748,59149,recommendation request 17645-team17.isri.cmu.edu:8082, status 200, result: drop+zone+1994, vision+quest+1985, nine+queens+2000, psycho+1998, one+eight+seven+1997, the+yakuza+1974, the+matrix+revolutions+2003, on+deadly+ground+1994, the+comancheros+1961, changing+lanes+2002, island+2011, mobsters+1991, the+brave+one+2007, fail+safe+2000, burnt+offerings+1976, the+fan+1981, dark+passage+1947, spasmo+1974, apartment+zero+1988, s.+darko+2009, 430 ms"
"2022-02-08T19:13:27.619341,25976,recommendation request 17645-team17.isri.cmu.edu:8082, status 200, result: remember+me+2010, shampoo+1975, rollerball+1975, the+longest+day+1962, my+man+godfrey+1957, ed+1996, punchline+1988, guest+house+paradiso+1999, the+house+of+yes+1997, p.s.+2004, nims+island+2008, lifeboat+1944, grand+illusion+1937, casper+1995, harry+and+tonto+1974, masterminds+1997, planet+of+the+apes+2001, albatross+2011, the+mighty+1998, jurassic+park+1993, 513 ms"
"2022-02-08T19:13:27.636490,177075,recommendation request 17645-team17.isri.cmu.edu:8082, status 200, result: the+perfect+score+2004, eyewitness+1981, curdled+1996, bon+cop+bad+cop+2006, punchline+1988, city+slickers+1991, p.s.+2004, courage+under+fire+1996, barbarosa+1982, maze+2000, forrest+gump+1994, bad+girls+1994, the+brothers+2001, bottle+rocket+1996, shes+having+a+baby+1988, geronimo+an+american+legend+1993, island+2011, crush+2001, ali+2001, the+hitch-hiker+1953, 525 ms"
"2022-02-08T19:13:27.636670,304748,recommendation request 17645-team17.isri.cmu.edu:8082, status 200, result: rollerball+1975, robot+stories+2003, bridget+joness+diary+2001, 8+seconds+1994, cookie+1989, the+other+side+of+the+mountain+1975, trail+of+the+pink+panther+1982, phoenix+1998, patriot+games+1992, juice+1992, eragon+2006, island+2011, last+night+1998, blood+and+sand+1989, come+see+the+paradise+1990, the+idolmaker+1980, romeo+is+bleeding+1993, underdog+2007, get+real+1998, captain+america+the+winter+soldier+2014, 534 ms"
"2022-02-08T19:13:28.324147,20019,recommendation request 17645-team17.isri.cmu.edu:8082, status 200, result: top+secret+1984, sleepers+1996, forbidden+zone+1980, the+last+of+the+mohicans+1992, viva+zapata+1952, the+proprietor+1996, the+bounty+1984, spartacus+1960, 633+squadron+1964, a+time+to+kill+1996, a+family+thing+1996, written+on+the+wind+1956, z+1969, chronicle+2012, the+devils+1971, albatross+2011, another+earth+2011, junebug+2005, the+brave+one+2007, ali+2001, 281 ms"
"2022-02-08T19:13:28.454896,305240,recommendation request 17645-team17.isri.cmu.edu:8082, status 200, result: the+nest+2002, mickeys+once+upon+a+christmas+1999, what+doesnt+kill+you+2008, ed+1996, p.s.+2004, maze+2000, parker+2013, a+family+thing+1996, casper+1995, chicken+run+2000, johnny+english+2003, moving+1988, dead+reckoning+1947, for+keeps+1988, winnie+the+pooh+2011, the+truman+show+1998, rush+hour+3+2007, yours_+mine+and+ours+1968, crush+2001, ratatouille+2007, 359 ms"
"2022-02-08T19:13:29.330715,174307,recommendation request 17645-team17.isri.cmu.edu:8082, status 200, result: drop+zone+1994, switchback+1997, sleepers+1996, lockout+2012, frenzy+1972, the+other+side+of+the+mountain+1975, haywire+2011, apocalypto+2006, the+letter+1940, phoenix+1998, the+yakuza+1974, gone+in+sixty+seconds+2000, patriot+games+1992, gravity+2013, an+education+2009, veronica+guerin+2003, juice+1992, above+the+law+1988, 10th++wolf+2006, jennifer+eight+1992, 261 ms"
"2022-02-08T19:13:30.490584,77725,recommendation request 17645-team17.isri.cmu.edu:8082, status 200, result: charisma+1999, the+snowman+1982, big+hero+6+2014, lethal+weapon+3+1992, a+family+thing+1996, inception+2010, sanjuro+1962, albatross+2011, fabled+2002, painted+fire+2002, the+matrix+revolutions+2003, junebug+2005, the+truman+show+1998, king+and+the+clown+2005, the+matrix+1999, from+dusk+till+dawn+1996, six+weeks+1982, from+the+hip+1987, above+the+law+1988, 7+seconds+2005, 461 ms"
"2022-02-08T19:13:30.555393,164901,recommendation request 17645-team17.isri.cmu.edu:8082, status 200, result: the+five+senses+1999, bridget+joness+diary+2001, definitely_+maybe+2008, raging+bull+1980, capricorn+one+1977, p.s.+2004, maze+2000, detective+story+1951, the+brothers+mcmullen+1995, chronicle+2012, paparazzi+2004, the+lawless+heart+2002, the+island+1980, planet+of+the+apes+2001, the+brothers+2001, white+palace+1990, juice+1992, island+2011, crush+2001, king+kong+lives+1986, 511 ms"
"2022-02-08T19:13:30.727890,132812,recommendation request 17645-team17.isri.cmu.edu:8082, status 200, result: the+house+of+yes+1997, lockout+2012, p.s.+2004, in+the+line+of+fire+1993, the+company+men+2010, ice+castles+1978, haywire+2011, albatross+2011, the+mighty+1998, junebug+2005, from+here+to+eternity+1953, remember+the+night+1940, eight+men+out+1988, down+in+the+delta+1998, gung+ho+1986, patton+1970, old+gringo+1989, get+real+1998, boy+a+2007, l.i.e.+2001, 691 ms"
"2022-02-08T19:13:30.777046,6830,recommendation request 17645-team17.isri.cmu.edu:8082, status 200, result: rollerball+1975, the+five+senses+1999, 8+seconds+1994, the+proprietor+1996, the+snowman+1982, p.s.+2004, loving+you+1957, barbarosa+1982, maze+2000, the+wash+2001, the+brothers+mcmullen+1995, spy+kids+3-d+game+over+2003, the+brothers+2001, junebug+2005, crush+2001, the+juror+1996, ali+2001, above+the+law+1988, juno+2007, untitled+2009, 697 ms"
"2022-02-08T19:13:30.877722,21083,recommendation request 17645-team17.isri.cmu.edu:8082, status 200, result: curdled+1996, barbershop+2002, sleepers+1996, robot+stories+2003, true+crime+1996, brimstone++treacle+1982, vision+quest+1985, the+woman+2011, the+virgin+suicides+1999, a+little+princess+1995, another+thin+man+1939, the+witches+of+eastwick+1987, patriot+games+1992, for+keeps+1988, the+hitch-hiker+1953, juice+1992, mobsters+1991, last+night+1998, breakdown+1997, 7+seconds+2005, 799 ms"
"2022-02-08T19:13:30.899334,228682,recommendation request 17645-team17.isri.cmu.edu:8082, status 200, result: black+beauty+1994, curdled+1996, the+five+senses+1999, 8+seconds+1994, the+proprietor+1996, p.s.+2004, barbarosa+1982, maze+2000, bad+girls+1994, patriot+games+1992, the+brothers+2001, the+hitch-hiker+1953, juice+1992, crush+2001, king+kong+lives+1986, conan+the+barbarian+1982, near+dark+1987, mobsters+1991, above+the+law+1988, made+of+honor+2008, 780 ms"
"2022-02-08T19:13:30.911007,149269,recommendation request 17645-team17.isri.cmu.edu:8082, status 200, result: dead+of+winter+1987, barbershop+2002, the+dresser+1983, last+holiday+2006, easy+come_+easy+go+1967, an+amazing+couple+2002, light+it+up+1999, a+family+thing+1996, another+thin+man+1939, bachelor+in+paradise+1961, dead+reckoning+1947, phoenix+1998, love+crazy+1941, malice+1993, the+yakuza+1974, dry+cleaning+1997, gravity+2013, full+speed+1996, on+the+town+1949, junebug+2005, 816 ms"
"2022-02-08T19:13:30.949393,289236,recommendation request 17645-team17.isri.cmu.edu:8082, status 200, result: sullivans+travels+1941, suburban+commando+1991, the+darkest+hour+2011, the+conspiracy+2012, last+holiday+2006, childs+play+3+1991, the+langoliers+1995, light+it+up+1999, lethal+weapon+3+1992, without+a+paddle+2004, journey+to+the+center+of+the+earth+1959, spy+kids+3-d+game+over+2003, dick+tracy+1990, marooned+1969, macabre+1958, skinwalkers+2006, mercenary+for+justice+2006, the+juror+1996, texasville+1990, tough+guys+1986, 846 ms"
"2022-02-08T19:13:31.342533,88728,recommendation request 17645-team17.isri.cmu.edu:8082, status 200, result: cry+freedom+1987, dark+city+1950, rancho+deluxe+1975, the+other+side+of+the+mountain+1975, barbarosa+1982, lethal+weapon+3+1992, dick+tracy+1990, pitch+black+2000, harry+and+tonto+1974, lightning+jack+1994, patriot+games+1992, junebug+2005, the+late+shift+1996, juice+1992, my+one+and+only+2009, terminator+2+judgment+day+1991, bulletproof+1996, fire+down+below+1997, get+real+1998, beyond+the+poseidon+adventure+1979, 312 ms"
"2022-02-08T19:13:32.500719,143615,recommendation request 17645-team17.isri.cmu.edu:8082, status 200, result: cry+freedom+1987, leaving+normal+1992, the+proprietor+1996, a+slave+of+love+1976, the+other+side+of+the+mountain+1975, the+verdict+1982, where+the+heart+is+2000, harem+1985, desk+set+1957, out+to+sea+1997, waiting+to+exhale+1995, mighty+aphrodite+1995, crush+2001, island+2011, ever+after+a+cinderella+story+1998, of+human+bondage+1934, from+the+hip+1987, come+see+the+paradise+1990, patton+1970, melvin+and+howard+1980, 392 ms"
"2022-02-08T19:13:32.537541,141509,recommendation request 17645-team17.isri.cmu.edu:8082, status 200, result: replicant+2001, american+virgin+2000, the+snowman+1982, missing+1982, the+warriors+way+2010, barbarosa+1982, a+family+thing+1996, 42nd+street+1933, dick+tracy+1990, on+moonlight+bay+1951, birdy+1984, z+1969, moving+1988, harry+and+tonto+1974, one+eight+seven+1997, harem+1985, junebug+2005, kull+the+conqueror+1997, conan+the+barbarian+1982, above+the+law+1988, 415 ms"
"2022-02-08T19:13:32.491375,8071,recommendation request 17645-team17.isri.cmu.edu:8082, status 200, result: curdled+1996, punchline+1988, city+slickers+1991, frenzy+1972, true+crime+1996, barbarosa+1982, light+it+up+1999, rambo+first+blood+part+ii+1985, vision+quest+1985, a+little+princess+1995, forrest+gump+1994, bad+girls+1994, the+verdict+1982, love+story+1970, dead+reckoning+1947, guilty+as+sin+1993, the+witches+of+eastwick+1987, shes+having+a+baby+1988, the+hitch-hiker+1953, geronimo+an+american+legend+1993, 400 ms"
"2022-02-08T19:13:32.521134,96015,recommendation request 17645-team17.isri.cmu.edu:8082, status 200, result: nothing+but+trouble+1991, picture+perfect+1997, p.s.+2004, deep+rising+1998, rambo+first+blood+part+ii+1985, maze+2000, lethal+weapon+3+1992, incognito+1997, bean+1997, moving+1988, the+island+1980, guilty+as+sin+1993, the+brothers+2001, desk+set+1957, mobsters+1991, crush+2001, dinoshark+2010, today+you+die+2005, untitled+2009, the+art+of+war+2000, 420 ms"
"2022-02-08T19:13:33.647502,305095,recommendation request 17645-team17.isri.cmu.edu:8082, status 200, result: the+perfect+score+2004, bon+cop+bad+cop+2006, the+snowman+1982, a+goofy+movie+1995, red+dawn+1984, p.s.+2004, courage+under+fire+1996, big+hero+6+2014, deep+rising+1998, vision+quest+1985, freaky+friday+1976, a+little+princess+1995, pitch+black+2000, the+witches+of+eastwick+1987, winnie+the+pooh+2011, island+2011, the+living+daylights+1987, blind+fury+1989, above+the+law+1988, the+emperors+new+groove+2000, 617 ms"
"2022-02-08T19:13:33.722217,210807,recommendation request 17645-team17.isri.cmu.edu:8082, status 200, result: cry+freedom+1987, barbershop+2002, ed+1996, last+holiday+2006, p.s.+2004, the+promise+2005, maze+2000, the+dance+of+reality+2013, gods+not+dead+2014, a+little+princess+1995, the+brothers+mcmullen+1995, casper+1995, another+thin+man+1939, the+island+1980, the+brothers+2001, shes+having+a+baby+1988, crush+2001, hook+1991, bingo+1991, rumble+fish+1983, 667 ms"
"2022-02-08T19:13:33.798119,112366,recommendation request 17645-team17.isri.cmu.edu:8082, status 200, result: the+glimmer+man+1996, eyewitness+1981, mickeys+once+upon+a+christmas+1999, rollerball+1975, robot+stories+2003, mary+poppins+1964, under+siege+1992, rambo+first+blood+part+ii+1985, the+addams+family+1991, a+time+to+kill+1996, freaky+friday+1976, the+virgin+suicides+1999, forrest+gump+1994, gumby+the+movie+1995, love+story+1970, dead+reckoning+1947, planet+of+the+apes+2001, for+keeps+1988, on+deadly+ground+1994, shes+having+a+baby+1988, 766 ms"
"2022-02-08T19:13:33.845062,117560,recommendation request 17645-team17.isri.cmu.edu:8082, status 200, result: curdled+1996, barbershop+2002, top+secret+1984, the+house+of+yes+1997, cookie+1989, maze+2000, a+family+thing+1996, psycho+1998, curse+of+the+pink+panther+1983, another+thin+man+1939, the+great+outdoors+1988, where+the+heart+is+2000, private+parts+1972, the+mighty+1998, waiting+to+exhale+1995, the+hitch-hiker+1953, murphys+romance+1985, crush+2001, mobsters+1991, leprechaun+2+1994, 815 ms"
"2022-02-08T19:13:33.912143,274119,recommendation request 17645-team17.isri.cmu.edu:8082, status 200, result: american+virgin+2000, curdled+1996, rollerball+1975, raging+bull+1980, the+conspiracy+2012, star+wars+episode+iii+-+revenge+of+the+sith+2005, a+family+thing+1996, northfork+2003, critters+1986, planet+of+the+apes+2001, the+yakuza+1974, gravity+2013, another+earth+2011, the+game+1997, the+hitch-hiker+1953, mobsters+1991, eight+men+out+1988, dinoshark+2010, eating+raoul+1982, dugs+special+mission+2009, 848 ms"
"2022-02-08T19:13:33.912231,172115,recommendation request 17645-team17.isri.cmu.edu:8082, status 200, result: gleaming+the+cube+1989, arranged+2007, melody+time+1948, a+christmas+carol+2009, the+pompatus+of+love+1996, love+story+1970, grand+canyon+1991, the+verdict+1982, saludos+amigos+1942, crush+2001, the+women+2008, his+girl+friday+1940, dark+passage+1947, appaloosa+2008, last+man+standing+1996, hall+pass+2011, the+desert+rats+1953, beyond+the+poseidon+adventure+1979, seven+alone+1974, the+robe+1953, 820 ms"
"2022-02-08T19:13:33.912213,89115,recommendation request 17645-team17.isri.cmu.edu:8082, status 200, result: drop+zone+1994, cry+freedom+1987, barbershop+2002, arranged+2007, the+gauntlet+1977, a+time+to+kill+1996, without+a+paddle+2004, big+trouble+2002, another+thin+man+1939, paintball+2009, a+shock+to+the+system+1990, paparazzi+2004, the+saint+1997, wake+of+death+2004, gone+in+sixty+seconds+2000, changing+lanes+2002, from+beyond+1986, mobsters+1991, above+the+law+1988, hopscotch+1980, 858 ms"
"2022-02-08T19:13:33.915597,85507,recommendation request 17645-team17.isri.cmu.edu:8082, status 200, result: eyewitness+1981, drop+zone+1994, about+last+night...+1986, the+other+side+of+the+mountain+1975, maze+2000, without+a+paddle+2004, father+of+the+bride+1991, cabin+boy+1994, detective+story+1951, chronicle+2012, the+godfather+part+iii+1990, wake+of+death+2004, the+mighty+1998, changing+lanes+2002, from+beyond+1986, island+2011, have+rocket_+will+travel+1959, crush+2001, from+here+to+eternity+1953, side+out+1990, 822 ms"
"2022-02-08T19:13:34.340793,175313,recommendation request 17645-team17.isri.cmu.edu:8082, status 200, result: abandon+2002, oceans+eleven+2001, narc+2002, drop+zone+1994, the+prestige+2006, rollerball+1975, mission+impossible+iii+2006, switchback+1997, hearts+in+atlantis+2001, mission+impossible+1996, the+big+sleep+1946, the+last+minute+2001, star+trek+nemesis+2002, without+a+paddle+2004, star+trek+insurrection+1998, the+poseidon+adventure+1972, uncommon+valor+1983, the+pumaman+1980, the+abyss+1989, ghost+ship+2002, 277 ms"
"2022-02-08T19:13:34.369343,97128,recommendation request 17645-team17.isri.cmu.edu:8082, status 200, result: cry+freedom+1987, my+man+godfrey+1957, ed+1996, nine+lives+2005, guest+house+paradiso+1999, the+other+side+of+the+mountain+1975, that+was+then...+this+is+now+1985, the+mother+2003, the+lookout+2007, away+from+her+2006, white+palace+1990, sonny+2002, warriors+of+heaven+and+earth+2003, double+take+2001, azumi+2003, faithful+1996, green+dragon+2001, one+hundred+men+and+a+girl+1937, the+hidden+fortress+1958, little+monsters+1989, 297 ms"
"2022-02-08T19:13:34.514850,229090,recommendation request 17645-team17.isri.cmu.edu:8082, status 200, result: drop+zone+1994, bill+cosby+himself+1983, switchback+1997, arranged+2007, ed+1996, p.s.+2004, light+it+up+1999, a+family+thing+1996, paintball+2009, paparazzi+2004, the+island+1980, the+wizard+1989, opportunity+knocks+1990, desk+set+1957, out+to+sea+1997, beyond+therapy+1987, above+the+law+1988, the+sisterhood+of+the+traveling+pants+2+2008, spasmo+1974, unfaithfully+yours+1984, 439 ms"
"2022-02-08T19:13:34.514022,172528,recommendation request 17645-team17.isri.cmu.edu:8082, status 200, result: eyewitness+1981, curdled+1996, cry+freedom+1987, switchback+1997, the+conspiracy+2012, major+league+ii+1994, altered+2006, vision+quest+1985, a+little+princess+1995, moving+1988, the+witches+of+eastwick+1987, phoenix+1998, modesty+blaise+1966, the+hitch-hiker+1953, mobsters+1991, hopscotch+1980, the+man+who+knew+too+much+1956, dinoshark+2010, today+you+die+2005, inseminoid+1981, 444 ms"
"2022-02-08T19:13:34.517847,141007,recommendation request 17645-team17.isri.cmu.edu:8082, status 200, result: wreck-it+ralph+2012, cry+freedom+1987, rollerball+1975, the+amazing+spider-man+2012, last+holiday+2006, star+wars+episode+iii+-+revenge+of+the+sith+2005, a+goofy+movie+1995, crossroads+2002, jungle+fever+1991, lethal+weapon+3+1992, without+a+paddle+2004, the+aristocats+1970, prince+of+persia+the+sands+of+time+2010, inception+2010, johnny+english+2003, the+island+1980, wake+of+death+2004, planet+of+the+apes+2001, cars+2+2011, warriors+of+heaven+and+earth+2003, 434 ms"
"2022-02-08T19:13:35.293244,62196,recommendation request 17645-team17.isri.cmu.edu:8082, status 200, result: eyewitness+1981, rollerball+1975, bill+cosby+himself+1983, star+wars+episode+iii+-+revenge+of+the+sith+2005, missing+1982, mystery_+alaska+1999, wintersleepers+1997, one+eight+seven+1997, guilty+as+sin+1993, planet+of+the+apes+2001, beyond+the+sea+2004, modesty+blaise+1966, island+2011, the+incredible+hulk+2008, ali+2001, mobsters+1991, side+out+1990, beyond+therapy+1987, hopscotch+1980, dark+passage+1947, 242 ms"
"2022-02-08T19:13:35.585868,206621,recommendation request 17645-team17.isri.cmu.edu:8082, status 200, result: drop+zone+1994, rollerball+1975, top+secret+1984, sleepers+1996, about+last+night...+1986, my+man+godfrey+1957, ed+1996, the+proprietor+1996, the+addams+family+1991, maze+2000, without+a+paddle+2004, in+the+line+of+fire+1993, a+little+princess+1995, lifeboat+1944, father+of+the+bride+1991, cabin+boy+1994, dead+reckoning+1947, wake+of+death+2004, malice+1993, the+client+1994, 549 ms"
"2022-02-08T19:13:36.300721,117699,recommendation request 17645-team17.isri.cmu.edu:8082, status 200, result: helen+of+troy+1956, rollerball+1975, fall+1997, the+last+of+the+mohicans+1992, the+island+at+the+top+of+the+world+1974, nine+lives+2005, captain+america+the+first+avenger+2011, notting+hill+1999, p.s.+2004, rambo+first+blood+part+ii+1985, maze+2000, vision+quest+1985, a+little+princess+1995, emma+2009, burlesque+2010, the+witches+of+eastwick+1987, superman+returns+2006, the+brothers+2001, my+beautiful+laundrette+1985, only+you+1994, 188 ms"
"2022-02-08T19:13:36.373264,178586,recommendation request 17645-team17.isri.cmu.edu:8082, status 200, result: the+glimmer+man+1996, drop+zone+1994, rollerball+1975, the+gauntlet+1977, 8+seconds+1994, the+high+and+the+mighty+1954, doc+hollywood+1991, dont+move+2004, all+the+mornings+of+the+world+1991, the+other+side+of+the+mountain+1975, lethal+weapon+3+1992, a+time+to+kill+1996, in+the+line+of+fire+1993, the+brothers+mcmullen+1995, moving+1988, dead+reckoning+1947, phoenix+1998, the+saint+1997, planet+of+the+apes+2001, lady+chatterley+2006, 268 ms"
"2022-02-08T19:13:37.324235,208902,recommendation request 17645-team17.isri.cmu.edu:8082, status 200, result: rio+bravo+1959, the+next+three+days+2010, loving+you+1957, spartacus+1960, true+crime+1996, the+other+side+of+the+mountain+1975, father+of+the+bride+1991, written+on+the+wind+1956, detective+story+1951, the+box+2007, a+patch+of+blue+1965, winnie+the+pooh+2011, serial+1980, junebug+2005, island+2011, romeo+and+juliet+1936, of+human+bondage+1934, the+unknown+1927, 7+seconds+2005, h.m.+pulham_+esq.+1941, 260 ms"
"2022-02-08T19:13:37.541095,286222,recommendation request 17645-team17.isri.cmu.edu:8082, status 200, result: the+perfect+score+2004, bossa+nova+2000, robot+stories+2003, a+very+harold++kumar+christmas+2011, son+of+the+mask+2005, the+other+side+of+the+mountain+1975, the+way+2010, caveman+1981, pitch+black+2000, the+blue+max+1966, the+island+1980, the+longest+yard+1974, desk+set+1957, juice+1992, island+2011, last+night+1998, taking+chance+2009, rushmore+1998, patton+1970, the+survivors+1983, 463 ms"
"2022-02-08T19:13:37.574890,62830,recommendation request 17645-team17.isri.cmu.edu:8082, status 200, result: the+glimmer+man+1996, drop+zone+1994, rollerball+1975, top+secret+1984, sleepers+1996, the+gauntlet+1977, the+conspiracy+2012, star+wars+episode+iii+-+revenge+of+the+sith+2005, the+high+and+the+mighty+1954, a+goofy+movie+1995, the+addams+family+1991, lethal+weapon+3+1992, without+a+paddle+2004, a+little+princess+1995, wake+of+death+2004, planet+of+the+apes+2001, the+client+1994, macabre+1958, changing+lanes+2002, above+the+law+1988, 468 ms"
"2022-02-08T19:13:37.586793,245862,recommendation request 17645-team17.isri.cmu.edu:8082, status 200, result: american+virgin+2000, remember+me+2010, drop+zone+1994, rollerball+1975, and+now...+ladies+and+gentlemen...+2002, robot+stories+2003, road+to+morocco+1942, p.s.+2004, an+amazing+couple+2002, maze+2000, caveman+1981, the+pompatus+of+love+1996, z+1969, lifeboat+1944, harry+and+walter+go+to+new+york+1976, the+letter+1940, the+great+escape+1963, four+brothers+2005, topper+1937, dry+cleaning+1997, 506 ms"
"2022-02-08T19:13:37.590229,18352,recommendation request 17645-team17.isri.cmu.edu:8082, status 200, result: mickeys+once+upon+a+christmas+1999, rollerball+1975, intersection+1994, star+wars+episode+iii+-+revenge+of+the+sith+2005, chicken+run+2000, the+yakuza+1974, planet+of+the+apes+2001, sanjuro+1962, gravity+2013, junebug+2005, the+game+1997, conan+the+barbarian+1982, from+here+to+eternity+1953, ali+2001, above+the+law+1988, made+of+honor+2008, my+one+and+only+2009, ruby++quentin+2003, dungeons++dragons+2000, the+hidden+fortress+1958, 512 ms"
"2022-02-08T19:13:38.341675,269613,recommendation request 17645-team17.isri.cmu.edu:8082, status 200, result: american+virgin+2000, the+perfect+score+2004, edmond+2005, the+house+of+yes+1997, cookie+1989, p.s.+2004, light+it+up+1999, lethal+weapon+3+1992, gods+not+dead+2014, inception+2010, planet+of+the+apes+2001, the+mighty+1998, the+longest+yard+1974, the+matrix+revolutions+2003, the+matrix+1999, mighty+aphrodite+1995, from+the+hip+1987, above+the+law+1988, little+murders+1971, the+program+1993, 288 ms"
"2022-02-08T19:13:38.316662,4268,recommendation request 17645-team17.isri.cmu.edu:8082, status 200, result: von+ryans+express+1965, the+edge+1997, helen+of+troy+1956, the+last+of+the+mohicans+1992, the+longest+day+1962, turbo+2013, shark+tale+2004, flags+of+our+fathers+2006, king+of+hearts+1966, the+bridge+1959, lifeboat+1944, cliffords+really+big+movie+2004, cromwell+1970, grand+illusion+1937, chicken+run+2000, fat+man+and+little+boy+1989, savior+1998, picnic+1955, madagascar+3+europes+most+wanted+2012, over+the+hedge+2006, 257 ms"
"2022-02-08T19:13:38.573775,123197,recommendation request 17645-team17.isri.cmu.edu:8082, status 200, result: the+cat+in+the+hat+2003, cry+freedom+1987, ed+1996, the+conspiracy+2012, childs+play+3+1991, street+fighter+the+legend+of+chun-li+2009, p.s.+2004, once+bitten+1985, detective+story+1951, nims+island+2008, cabin+boy+1994, casper+1995, psycho+1998, johnny+english+2003, nighthawks+1981, ice+castles+1978, the+island+1980, jaws+3-d+1983, the+serpent+and+the+rainbow+1988, from+here+to+eternity+1953, 482 ms"
"2022-02-08T19:13:38.585994,221147,recommendation request 17645-team17.isri.cmu.edu:8082, status 200, result: drop+zone+1994, the+gauntlet+1977, oh_+god+1977, think+like+a+man+too+2014, p.s.+2004, courage+under+fire+1996, edward+scissorhands+1990, a+time+to+kill+1996, forrest+gump+1994, ice+castles+1978, moving+1988, the+verdict+1982, the+letter+1940, phoenix+1998, love+story+1970, four+brothers+2005, the+client+1994, on+deadly+ground+1994, junebug+2005, shes+having+a+baby+1988, 513 ms"
"2022-02-08T19:13:38.722041,84743,recommendation request 17645-team17.isri.cmu.edu:8082, status 200, result: robot+stories+2003, p.s.+2004, northfork+2003, c.h.o.m.p.s.+1979, slap+her...+shes+french+2002, another+earth+2011, desk+set+1957, out+to+sea+1997, mighty+aphrodite+1995, have+rocket_+will+travel+1959, mr.+jealousy+1997, last+night+1998, the+three+stooges+in+orbit+1962, hook+1991, the+women+2008, bingo+1991, hav+plenty+1997, escape+from+the+planet+of+the+apes+1971, the+incredible+shrinking+man+1957, every+which+way+but+loose+1978, 585 ms"
"2022-02-08T19:13:38.720454,71835,recommendation request 17645-team17.isri.cmu.edu:8082, status 200, result: mickeys+once+upon+a+christmas+1999, the+wood+1999, mary+poppins+1964, the+house+of+yes+1997, the+last+of+the+mohicans+1992, the+longest+day+1962, playing+the+victim+2006, frenzy+1972, true+crime+1996, the+lucky+ones+2008, the+other+side+of+the+mountain+1975, the+addams+family+1991, sleeping+beauty+1959, code+of+silence+1985, 633+squadron+1964, freaky+friday+1976, gumby+the+movie+1995, ice+castles+1978, 4+2005, phoenix+1998, 629 ms"
"2022-02-08T19:13:38.734896,289792,recommendation request 17645-team17.isri.cmu.edu:8082, status 200, result: shampoo+1975, n+1998, curdled+1996, dark+city+1950, intersection+1994, punchline+1988, sling+blade+1996, little+secrets+2001, p.s.+2004, american+psycho+2+all+american+girl+2002, an+amazing+couple+2002, northfork+2003, hogfather+2006, albatross+2011, the+mighty+1998, junebug+2005, the+hitch-hiker+1953, les+destines+sentimentales+2000, island+2011, some+days+are+better+than+others+2011, 627 ms"
"2022-02-08T19:13:39.407963,191594,recommendation request 17645-team17.isri.cmu.edu:8082, status 200, result: barbershop+2002, my+man+godfrey+1957, ed+1996, p.s.+2004, father+of+the+bride+1991, another+thin+man+1939, topper+1937, junebug+2005, the+truman+show+1998, mighty+aphrodite+1995, remember+the+night+1940, the+fury+1978, my+one+and+only+2009, dinoshark+2010, breakfast+on+pluto+2005, private+lives+1931, babes+in+toyland+1934, the+dream+team+1989, gung+ho+1986, the+allnighter+1987, 357 ms"
"2022-02-08T19:13:40.290658,131326,recommendation request 17645-team17.isri.cmu.edu:8082, status 200, result: rumble+in+the+bronx+1995, hangin+with+the+homeboys+1991, the+parent+trap+1961, neighbors+1981, the+tingler+1959, punchline+1988, nine+lives+2005, bugsy+1991, the+other+side+of+the+mountain+1975, never+again+2002, snow+dogs+2002, that+was+then...+this+is+now+1985, one+hundred+and+one+dalmatians+1961, freaky+friday+1976, premium+rush+2012, that+darn+cat+1997, the+mother+2003, thats+my+boy+2012, nina+takes+a+lover+1995, burlesque+2010, 273 ms"
"2022-02-08T19:13:40.229485,26299,recommendation request 17645-team17.isri.cmu.edu:8082, status 200, result: crush+1992, angels+with+dirty+faces+1938, the+gauntlet+1977, lockout+2012, haywire+2011, dumb+and+dumber+to+2014, a+shock+to+the+system+1990, the+yakuza+1974, the+losers+2010, surfer_+dude+2008, me_+myself++irene+2000, scary+movie+5+2013, the+town+2010, tammy+2014, the+signal+2007, house+party+1990, wheres+marlowe+1998, alien+1979, the+upside+of+anger+2005, stuck+on+you+2003, 214 ms"
"2022-02-08T19:13:40.437148,49811,recommendation request 17645-team17.isri.cmu.edu:8082, status 200, result: rollerball+1975, notting+hill+1999, p.s.+2004, big+hero+6+2014, maze+2000, that+was+then...+this+is+now+1985, duets+2000, emma+2009, heidi+1937, star+wars+1977, planet+of+the+apes+2001, the+brothers+2001, nothing+to+lose+1997, my+beautiful+laundrette+1985, only+you+1994, bullets+over+broadway+1994, dedication+2007, crush+2001, in+hell+2003, metro+1997, 381 ms"
"2022-02-08T19:13:40.445814,264205,recommendation request 17645-team17.isri.cmu.edu:8082, status 400, result: movie 1 not found, 383 ms"
"2022-02-08T19:13:40.460679,70594,recommendation request 17645-team17.isri.cmu.edu:8082, status 200, result: curdled+1996, switchback+1997, six+pack+1982, p.s.+2004, maze+2000, freaky+friday+1976, forrest+gump+1994, love+story+1970, patriot+games+1992, the+brothers+2001, winnie+the+pooh+2011, shes+having+a+baby+1988, the+hitch-hiker+1953, juice+1992, crush+2001, mobsters+1991, breakdown+1997, the+man+who+knew+too+much+1956, untitled+2009, ratatouille+2007, 391 ms"
"2022-02-08T19:13:41.502292,57402,recommendation request 17645-team17.isri.cmu.edu:8082, status 200, result: eyewitness+1981, curdled+1996, cry+freedom+1987, a+goofy+movie+1995, red+dawn+1984, vision+quest+1985, freaky+friday+1976, a+little+princess+1995, the+witches+of+eastwick+1987, guilty+as+sin+1993, patriot+games+1992, the+hitch-hiker+1953, juice+1992, the+living+daylights+1987, mobsters+1991, breakdown+1997, above+the+law+1988, hopscotch+1980, the+emperors+new+groove+2000, today+you+die+2005, 403 ms"
"2022-02-08T19:13:41.510753,194843,recommendation request 17645-team17.isri.cmu.edu:8082, status 200, result: eyewitness+1981, curdled+1996, cry+freedom+1987, mary+poppins+1964, p.s.+2004, a+goofy+movie+1995, maze+2000, the+addams+family+1991, freaky+friday+1976, patriot+games+1992, the+brothers+2001, winnie+the+pooh+2011, the+hitch-hiker+1953, juice+1992, crush+2001, mobsters+1991, breakdown+1997, hopscotch+1980, untitled+2009, the+emperors+new+groove+2000, 391 ms"
"2022-02-08T19:13:42.468412,159168,recommendation request 17645-team17.isri.cmu.edu:8082, status 200, result: thief+1981, the+house+of+yes+1997, cookie+1989, frenzy+1972, true+crime+1996, light+it+up+1999, pitch+black+2000, psycho+1998, harry+and+tonto+1974, the+mighty+1998, desk+set+1957, out+to+sea+1997, junebug+2005, shes+having+a+baby+1988, the+farmers+wife+2012, texasville+1990, the+fan+1981, my+one+and+only+2009, absolute+power+1997, spasmo+1974, 428 ms"
"2022-02-08T19:13:42.466496,224157,recommendation request 17645-team17.isri.cmu.edu:8082, status 200, result: double+jeopardy+1999, fire+in+the+sky+1993, frenzy+1972, eye+of+god+1997, the+net+1995, chinatown+1974, domestic+disturbance+2001, crossfire+1947, a+simple+plan+1998, this+gun+for+hire+1942, blink+1994, ministry+of+fear+1944, zodiac+2007, the+temp+1993, the+two+jakes+1990, double+indemnity+1944, jennifer+eight+1992, the+big+clock+1948, marnie+1964, twilight+1998, 378 ms"
"2022-02-08T19:13:42.479204,76385,recommendation request 17645-team17.isri.cmu.edu:8082, status 200, result: black+beauty+1994, deliver+us+from+evil+2014, amityville+ii+the+possession+1982, the+conspiracy+2012, cookie+1989, barbarosa+1982, altered+2006, lethal+weapon+3+1992, brimstone++treacle+1982, inception+2010, ghoulies+ii+1987, wake+of+death+2004, evil+dead+ii+1987, switching+channels+1988, island+2011, the+brave+one+2007, hear+no+evil+1993, above+the+law+1988, dinoshark+2010, jonah+hex+2010, 428 ms"
"2022-02-08T19:13:42.572163,228968,recommendation request 17645-team17.isri.cmu.edu:8082, status 200, result: robot+stories+2003, drunken+angel+1948, the+last+of+the+mohicans+1992, charisma+1999, the+proprietor+1996, think+like+a+man+too+2014, around+the+bend+2004, the+other+side+of+the+mountain+1975, 633+squadron+1964, asylum+1972, inception+2010, blackfish+2013, sanjuro+1962, touch+of+evil+1958, island+2011, last+night+1998, dark+passage+1947, the+art+of+war+2000, spasmo+1974, bikes+vs+cars+2015, 520 ms"
"2022-02-08T19:13:42.652776,265080,recommendation request 17645-team17.isri.cmu.edu:8082, status 200, result: eyewitness+1981, rollerball+1975, red+dawn+1984, p.s.+2004, rambo+first+blood+part+ii+1985, maze+2000, in+the+line+of+fire+1993, the+letter+1940, dead+reckoning+1947, the+brothers+2001, the+living+daylights+1987, the+incredible+hulk+2008, crush+2001, above+the+law+1988, hopscotch+1980, 10th++wolf+2006, untitled+2009, today+you+die+2005, no+mercy+1986, fire+down+below+1997, 565 ms"
"2022-02-08T19:13:42.689554,188055,recommendation request 17645-team17.isri.cmu.edu:8082, status 200, result: eyewitness+1981, switchback+1997, arranged+2007, sleepers+1996, lockout+2012, p.s.+2004, son+of+the+mask+2005, the+other+side+of+the+mountain+1975, maze+2000, haywire+2011, the+letter+1940, phoenix+1998, the+yakuza+1974, topper+1937, the+brothers+2001, the+client+1994, the+truman+show+1998, crush+2001, the+incredible+hulk+2008, the+women+2008, 574 ms"
"2022-02-08T19:13:42.708308,258953,recommendation request 17645-team17.isri.cmu.edu:8082, status 200, result: sullivans+travels+1941, forbidden+zone+1980, barbershop+2002, the+golden+voyage+of+sinbad+1973, last+holiday+2006, think+like+a+man+too+2014, p.s.+2004, cookie+1989, without+a+paddle+2004, another+thin+man+1939, harry+and+tonto+1974, the+island+1980, junebug+2005, kull+the+conqueror+1997, conan+the+barbarian+1982, heartbreakers+2001, millions+2005, an+american+carol+2008, my+one+and+only+2009, bingo+1991, 649 ms"
"2022-02-08T19:13:43.426645,225938,recommendation request 17645-team17.isri.cmu.edu:8082, status 200, result: rollerball+1975, mickeys+once+upon+a+christmas+1999, suburban+commando+1991, drunken+angel+1948, charisma+1999, sling+blade+1996, spirit+stallion+of+the+cimarron+2002, pitch+black+2000, c.h.o.m.p.s.+1979, the+island+1980, planet+of+the+apes+2001, sanjuro+1962, the+mighty+1998, kull+the+conqueror+1997, the+incredible+hulk+2008, chicken+little+2005, spaced+invaders+1990, terminator+2+judgment+day+1991, shrek+the+third+2007, kiss+me+goodbye+1982, 398 ms"
"2022-02-08T19:13:43.418746,270056,recommendation request 17645-team17.isri.cmu.edu:8082, status 200, result: rollerball+1975, werewolves+on+wheels+1971, intersection+1994, frenzy+1972, a+goofy+movie+1995, p.s.+2004, the+aristocats+1970, in+the+line+of+fire+1993, inception+2010, planet+of+the+apes+2001, serial+1980, junebug+2005, juice+1992, sherlock+holmes+in+washington+1943, the+women+2008, north+1994, 10th++wolf+2006, my+one+and+only+2009, jennifer+eight+1992, bingo+1991, 399 ms"
"2022-02-08T19:13:43.521610,18491,recommendation request 17645-team17.isri.cmu.edu:8082, status 200, result: cry+freedom+1987, rollerball+1975, the+conspiracy+2012, star+wars+episode+iii+-+revenge+of+the+sith+2005, walle+2008, altered+2006, detective+story+1951, inception+2010, the+beverly+hillbillies+1993, one+man+band+2005, the+island+1980, working+girl+1988, murphys+romance+1985, ever+after+a+cinderella+story+1998, lifted+2006, the+fury+1978, from+the+hip+1987, hopscotch+1980, dinoshark+2010, dugs+special+mission+2009, 478 ms"
"2022-02-08T19:13:44.642360,289095,recommendation request 17645-team17.isri.cmu.edu:8082, status 200, result: curdled+1996, the+house+of+yes+1997, family+plot+1976, frenzy+1972, true+crime+1996, sling+blade+1996, one+little+indian+1973, the+other+side+of+the+mountain+1975, masterminds+1997, harem+1985, money+train+1995, the+mighty+1998, an+education+2009, shes+having+a+baby+1988, spasmo+1974, chicken+little+2005, they+made+me+a+criminal+1939, get+real+1998, crazy+love+2007, bloomington+2010, 575 ms"
"2022-02-08T19:13:44.670517,292967,recommendation request 17645-team17.isri.cmu.edu:8082, status 200, result: out+of+sight+1998, drop+zone+1994, rio+2+2014, bustin+loose+1981, family+plot+1976, the+amazing+spider-man+2012, the+golden+voyage+of+sinbad+1973, p.s.+2004, the+other+side+of+the+mountain+1975, the+aristocats+1970, gods+not+dead+2014, nims+island+2008, the+saint+1997, operation+petticoat+1959, changing+lanes+2002, lover+come+back+1961, smokey+and+the+bandit+part+3+1983, hook+1991, ice+age+dawn+of+the+dinosaurs+2009, spasmo+1974, 605 ms"
"2022-02-08T19:13:44.804361,170657,recommendation request 17645-team17.isri.cmu.edu:8082, status 200, result: the+cat+in+the+hat+2003, rollerball+1975, mary+poppins+1964, the+last+of+the+mohicans+1992, ed+1996, punchline+1988, city+slickers+1991, the+longest+day+1962, 8+seconds+1994, how+i+won+the+war+1967, the+other+side+of+the+mountain+1975, barbarosa+1982, 633+squadron+1964, once+bitten+1985, birdy+1984, gumby+the+movie+1995, bad+girls+1994, c.h.o.m.p.s.+1979, planet+of+the+apes+2001, the+yakuza+1974, 738 ms"
"2022-02-08T19:13:44.813396,158800,recommendation request 17645-team17.isri.cmu.edu:8082, status 200, result: eyewitness+1981, drop+zone+1994, forbidden+zone+1980, the+longest+day+1962, the+golden+voyage+of+sinbad+1973, p.s.+2004, cookie+1989, true+crime+1996, macgruber+2010, made+in+u.s.a+1966, dick+tracy+1990, lifeboat+1944, grand+illusion+1937, masterminds+1997, the+island+1980, the+saint+1997, kull+the+conqueror+1997, in+harms+way+1965, juice+1992, conan+the+barbarian+1982, 740 ms"
"2022-02-08T19:13:44.837342,300198,recommendation request 17645-team17.isri.cmu.edu:8082, status 200, result: replicant+2001, lockout+2012, a+goofy+movie+1995, lethal+weapon+3+1992, freaky+friday+1976, a+little+princess+1995, dick+tracy+1990, haywire+2011, apocalypto+2006, masterminds+1997, gone+in+sixty+seconds+2000, the+matrix+revolutions+2003, veronica+guerin+2003, conan+the+barbarian+1982, the+incredible+hulk+2008, the+brave+one+2007, hopscotch+1980, the+curse+of+the+cat+people+1944, the+emperors+new+groove+2000, ratatouille+2007, 744 ms"
"2022-02-08T19:13:44.836802,264996,recommendation request 17645-team17.isri.cmu.edu:8082, status 200, result: notting+hill+1999, p.s.+2004, a+goofy+movie+1995, son+of+the+mask+2005, courage+under+fire+1996, frenzy+1972, maze+2000, lethal+weapon+3+1992, true+crime+1996, sleeping+beauty+1959, freaky+friday+1976, a+little+princess+1995, topper+1937, the+brothers+2001, my+beautiful+laundrette+1985, winnie+the+pooh+2011, island+2011, the+matrix+1999, crush+2001, the+women+2008, 767 ms"
"2022-02-08T19:13:44.861722,86869,recommendation request 17645-team17.isri.cmu.edu:8082, status 200, result: cry+freedom+1987, drop+zone+1994, top+secret+1984, robot+stories+2003, p.s.+2004, barbarosa+1982, the+addams+family+1991, the+other+side+of+the+mountain+1975, without+a+paddle+2004, northfork+2003, a+little+princess+1995, in+the+line+of+fire+1993, ice+castles+1978, the+beverly+hillbillies+1993, dead+reckoning+1947, wake+of+death+2004, malice+1993, desk+set+1957, out+to+sea+1997, changing+lanes+2002, 779 ms"
"2022-02-08T19:13:45.360570,62656,recommendation request 17645-team17.isri.cmu.edu:8082, status 200, result: drop+zone+1994, rio+2+2014, intersection+1994, red+dawn+1984, p.s.+2004, maze+2000, the+aristocats+1970, four+brothers+2005, the+brothers+2001, gravity+2013, serial+1980, crush+2001, ice+age+dawn+of+the+dinosaurs+2009, untitled+2009, chicken+little+2005, they+made+me+a+criminal+1939, snakes+on+a+plane+2006, holiday+1938, the+allnighter+1987, the+hunchback+of+notre+dame+1996, 347 ms"
"2022-02-08T19:13:45.427385,2971,recommendation request 17645-team17.isri.cmu.edu:8082, status 200, result: gleaming+the+cube+1989, remember+me+2010, edmond+2005, rollerball+1975, star+wars+episode+iii+-+revenge+of+the+sith+2005, light+it+up+1999, edward+scissorhands+1990, nine+queens+2000, the+company+men+2010, the+verdict+1982, one+eight+seven+1997, paparazzi+2004, the+yakuza+1974, planet+of+the+apes+2001, albatross+2011, stonewall+1995, beyond+the+sea+2004, the+truman+show+1998, remember+the+night+1940, eight+men+out+1988, 395 ms"
"2022-02-08T19:13:45.359063,303980,recommendation request 17645-team17.isri.cmu.edu:8082, status 200, result: a+nightmare+on+elm+street+part+2+freddys+revenge+1985, barbershop+2002, the+snowman+1982, the+conspiracy+2012, childs+play+3+1991, the+promise+2005, maze+2000, gumby+the+movie+1995, another+thin+man+1939, almost+famous+2000, private+parts+1972, the+yakuza+1974, 9+2005, beyond+the+sea+2004, crush+2001, island+2011, batman+beyond+return+of+the+joker+2000, babes+in+toyland+1934, l.i.e.+2001, lady+in+a+cage+1964, 341 ms"
"2022-02-08T19:13:45.419497,216008,recommendation request 17645-team17.isri.cmu.edu:8082, status 200, result: eyewitness+1981, the+bounty+1984, frenzy+1972, hollow+man+2000, walle+2008, 633+squadron+1964, die+another+day+2002, lethal+weapon+3+1992, prince+of+persia+the+sands+of+time+2010, inception+2010, one+man+band+2005, the+matrix+revolutions+2003, modesty+blaise+1966, the+living+daylights+1987, from+here+to+eternity+1953, the+matrix+1999, scarface+1932, lifted+2006, island+2011, above+the+law+1988, 407 ms"
"2022-02-08T19:13:46.413371,233693,recommendation request 17645-team17.isri.cmu.edu:8082, status 200, result: born+american+1986, eyewitness+1981, cry+freedom+1987, robocop+1987, dreamgirls+2006, speed+2+cruise+control+1997, nine+lives+2005, good+2008, rapid+fire+1992, the+last+castle+2001, off+limits+1988, once+around+1991, i+do+2013, in+dreams+1999, that+was+then...+this+is+now+1985, the+other+side+of+the+mountain+1975, the+mother+2003, the+four+seasons+1981, far+and+away+1992, the+abyss+1989, 323 ms"
"2022-02-08T19:13:46.431784,231658,recommendation request 17645-team17.isri.cmu.edu:8082, status 200, result: the+island+2005, curdled+1996, circus+2000, the+yards+2000, godzilla+2014, the+lookout+2007, shopping+1994, watchmen+2009, four+rooms+1995, dirty+pretty+things+2002, s.w.a.t.+2003, man+of+steel+2013, pacific+rim+2013, the+hitch-hiker+1953, mobsters+1991, above+the+law+1988, escape+from+l.a.+1996, axed+2012, kill+bill+vol.+1+2003, fire+down+below+1997, 313 ms"
"2022-02-08T19:13:46.432785,24883,recommendation request 17645-team17.isri.cmu.edu:8082, status 200, result: 8+seconds+1994, ed+1996, p.s.+2004, maze+2000, analyze+this+1999, wildcats+1986, light+it+up+1999, father+of+the+bride+1991, cabin+boy+1994, dont+tell+her+its+me+1990, moving+1988, the+verdict+1982, the+letter+1940, the+brothers+2001, ernest+in+the+army+1998, crush+2001, the+women+2008, black+beauty+1971, above+the+law+1988, untitled+2009, 332 ms"
"2022-02-08T19:13:46.432629,272878,recommendation request 17645-team17.isri.cmu.edu:8082, status 200, result: rollerball+1975, the+longest+day+1962, paths+of+glory+1957, the+bridge+at+remagen+1969, lifeboat+1944, forrest+gump+1994, grand+illusion+1937, johnny+english+2003, heavens+gate+1980, phoenix+1998, the+island+1980, the+devils+1971, planet+of+the+apes+2001, the+matrix+revolutions+2003, shes+having+a+baby+1988, in+harms+way+1965, conan+the+barbarian+1982, the+brave+one+2007, romeo+is+bleeding+1993, dungeons++dragons+2000, 346 ms"
"2022-02-08T19:13:47.475227,227076,recommendation request 17645-team17.isri.cmu.edu:8082, status 200, result: dark+city+1950, agnes+of+god+1985, charisma+1999, the+proprietor+1996, the+brother+from+another+planet+1984, lifeboat+1944, sanjuro+1962, platoon+1986, junebug+2005, geronimo+an+american+legend+1993, from+here+to+eternity+1953, ali+2001, class+1983, my+one+and+only+2009, stardust+memories+1980, spasmo+1974, patton+1970, silverado+1985, the+survivors+1983, exodus+1960, 419 ms"
"2022-02-08T19:13:47.489058,251169,recommendation request 17645-team17.isri.cmu.edu:8082, status 200, result: the+five+senses+1999, the+house+of+yes+1997, the+longest+day+1962, 8+seconds+1994, the+proprietor+1996, the+gauntlet+1977, missing+1982, the+official+story+1985, true+crime+1996, the+other+side+of+the+mountain+1975, birdy+1984, lifeboat+1944, grand+illusion+1937, phoenix+1998, harem+1985, the+client+1994, the+mighty+1998, in+harms+way+1965, help+1965, from+the+hip+1987, 430 ms"
"2022-02-08T19:13:48.473341,298266,recommendation request 17645-team17.isri.cmu.edu:8082, status 200, result: the+five+senses+1999, the+dresser+1983, mary+poppins+1964, raging+bull+1980, rancho+deluxe+1975, city+slickers+1991, p.s.+2004, barbarosa+1982, freaky+friday+1976, nims+island+2008, harem+1985, albatross+2011, the+incredible+hulk+2008, six+weeks+1982, hook+1991, hopscotch+1980, dugs+special+mission+2009, bingo+1991, ratatouille+2007, down+in+the+delta+1998, 402 ms"
"2022-02-08T19:13:48.524099,231228,recommendation request 17645-team17.isri.cmu.edu:8082, status 200, result: the+five+senses+1999, forbidden+zone+1980, intersection+1994, raging+bull+1980, the+conspiracy+2012, p.s.+2004, point+blank+1967, a+time+to+kill+1996, lifeboat+1944, the+yakuza+1974, bad+company+1972, macabre+1958, serial+1980, bottle+rocket+1996, the+incredible+hulk+2008, ali+2001, days+of+glory+1944, an+american+carol+2008, they+made+me+a+criminal+1939, holiday+1938, 430 ms"
"2022-02-08T19:13:48.803917,293352,recommendation request 17645-team17.isri.cmu.edu:8082, status 200, result: cry+freedom+1987, robot+stories+2003, p.s.+2004, the+other+side+of+the+mountain+1975, maze+2000, 42nd+street+1933, the+virgin+suicides+1999, on+moonlight+bay+1951, johnny+english+2003, moving+1988, phoenix+1998, the+island+1980, 9+2005, the+brothers+2001, for+keeps+1988, white+palace+1990, evil+dead+ii+1987, the+hot+spot+1990, crush+2001, last+night+1998, 656 ms"
"2022-02-08T19:13:48.841621,81048,recommendation request 17645-team17.isri.cmu.edu:8082, status 200, result: rollerball+1975, top+secret+1984, the+five+senses+1999, 8+seconds+1994, raging+bull+1980, star+wars+episode+iii+-+revenge+of+the+sith+2005, p.s.+2004, walle+2008, light+it+up+1999, the+beverly+hillbillies+1993, one+man+band+2005, planet+of+the+apes+2001, junebug+2005, have+rocket_+will+travel+1959, lifted+2006, my+one+and+only+2009, dugs+special+mission+2009, ratatouille+2007, little+murders+1971, get+real+1998, 699 ms"
"2022-02-08T19:13:48.854878,143803,recommendation request 17645-team17.isri.cmu.edu:8082, status 200, result: six+pack+1982, mary+poppins+1964, punchline+1988, 8+seconds+1994, city+slickers+1991, p.s.+2004, a+goofy+movie+1995, barbarosa+1982, maze+2000, the+other+side+of+the+mountain+1975, the+addams+family+1991, a+family+thing+1996, freaky+friday+1976, dont+tell+her+its+me+1990, vision+quest+1985, a+little+princess+1995, bad+girls+1994, forrest+gump+1994, harry+and+tonto+1974, the+witches+of+eastwick+1987, 732 ms"
"2022-02-08T19:13:48.855961,196981,recommendation request 17645-team17.isri.cmu.edu:8082, status 200, result: p.s.+2004, a+goofy+movie+1995, maze+2000, freaky+friday+1976, a+little+princess+1995, detective+story+1951, dont+say+a+word+2001, johnny+english+2003, the+island+1980, jurassic+park+1993, island+2011, crush+2001, hook+1991, above+the+law+1988, the+emperors+new+groove+2000, bingo+1991, jennifer+eight+1992, ratatouille+2007, spasmo+1974, shrek+the+third+2007, 741 ms"
"2022-02-08T19:13:48.868677,159203,recommendation request 17645-team17.isri.cmu.edu:8082, status 200, result: meet+me+in+st.+louis+1944, shampoo+1975, rollerball+1975, intersection+1994, notting+hill+1999, p.s.+2004, loving+you+1957, the+other+side+of+the+mountain+1975, maze+2000, flashdance+1983, footloose+1984, random+hearts+1999, planet+of+the+apes+2001, the+brothers+2001, my+beautiful+laundrette+1985, on+the+town+1949, serial+1980, crush+2001, texasville+1990, a+place+in+the+sun+1951, 744 ms"
"2022-02-08T19:13:50.492121,248991,recommendation request 17645-team17.isri.cmu.edu:8082, status 200, result: the+gauntlet+1977, the+golden+voyage+of+sinbad+1973, frenzy+1972, p.s.+2004, red+dawn+1984, the+watch+2012, maze+2000, lethal+weapon+3+1992, northfork+2003, the+brothers+mcmullen+1995, the+yakuza+1974, the+brothers+2001, juice+1992, island+2011, mobsters+1991, m.+butterfly+1993, crush+2001, the+matrix+1999, the+brave+one+2007, above+the+law+1988, 379 ms"
"2022-02-08T19:13:50.502178,44238,recommendation request 17645-team17.isri.cmu.edu:8082, status 200, result: cry+freedom+1987, drop+zone+1994, rollerball+1975, robot+stories+2003, bill+cosby+himself+1983, 8+seconds+1994, star+wars+episode+iii+-+revenge+of+the+sith+2005, p.s.+2004, frenzy+1972, the+other+side+of+the+mountain+1975, a+time+to+kill+1996, without+a+paddle+2004, northfork+2003, forrest+gump+1994, wake+of+death+2004, planet+of+the+apes+2001, the+truman+show+1998, changing+lanes+2002, the+brave+one+2007, the+women+2008, 445 ms"
"2022-02-08T19:13:50.504855,266913,recommendation request 17645-team17.isri.cmu.edu:8082, status 200, result: eyewitness+1981, curdled+1996, rollerball+1975, the+new+age+1994, nothing+but+trouble+1991, red+dawn+1984, frenzy+1972, true+crime+1996, lethal+weapon+3+1992, a+time+to+kill+1996, incognito+1997, moving+1988, dead+reckoning+1947, the+island+1980, the+yakuza+1974, the+client+1994, the+hitch-hiker+1953, mobsters+1991, the+living+daylights+1987, above+the+law+1988, 382 ms"
"2022-02-08T19:13:50.502204,129375,recommendation request 17645-team17.isri.cmu.edu:8082, status 200, result: mickeys+once+upon+a+christmas+1999, rollerball+1975, melody+time+1948, the+snowman+1982, a+goofy+movie+1995, p.s.+2004, the+aristocats+1970, a+christmas+carol+2009, a+family+thing+1996, the+flight+of+dragons+1982, masterminds+1997, saludos+amigos+1942, planet+of+the+apes+2001, winnie+the+pooh+2011, 7+seconds+2005, the+adventures+of+mark+twain+1985, ratatouille+2007, shrek+the+third+2007, benji+1974, no+mercy+1986, 443 ms"
"2022-02-08T19:13:51.558363,281964,recommendation request 17645-team17.isri.cmu.edu:8082, status 200, result: gleaming+the+cube+1989, american+virgin+2000, coldblooded+1995, walle+2008, the+beverly+hillbillies+1993, dumb+and+dumber+to+2014, grand+canyon+1991, the+verdict+1982, one+man+band+2005, the+matrix+revolutions+2003, crush+2001, mobsters+1991, from+here+to+eternity+1953, the+brave+one+2007, lifted+2006, dark+passage+1947, bingo+1991, atonement+2007, dugs+special+mission+2009, ratatouille+2007, 334 ms"
"2022-02-08T19:13:52.576211,31703,recommendation request 17645-team17.isri.cmu.edu:8082, status 200, result: the+perfect+score+2004, the+new+age+1994, red+dawn+1984, p.s.+2004, courage+under+fire+1996, maze+2000, father+of+the+bride+1991, cabin+boy+1994, guilty+as+sin+1993, the+brothers+2001, the+longest+yard+1974, junebug+2005, shes+having+a+baby+1988, island+2011, the+incredible+hulk+2008, the+living+daylights+1987, the+nuns+story+1959, crush+2001, above+the+law+1988, my+one+and+only+2009, 544 ms"
"2022-02-08T19:13:52.581695,240228,recommendation request 17645-team17.isri.cmu.edu:8082, status 200, result: suburban+commando+1991, foodfight+2012, turbo+2013, the+princess+and+the+goblin+1992, shark+tale+2004, the+croods+2013, the+snowman+1982, commandments+1997, it+1927, recess+schools+out+2001, how+to+train+your+dragon+2+2014, cousins+1989, forrest+gump+1994, aladdin+1992, over+the+hedge+2006, shrek+the+halls+2007, alice+in+wonderland+1951, shes+having+a+baby+1988, petes+dragon+1977, turtles+forever+2009, 450 ms"
"2022-02-08T19:13:52.581654,111190,recommendation request 17645-team17.isri.cmu.edu:8082, status 200, result: robot+stories+2003, 8+seconds+1994, p.s.+2004, missing+1982, courage+under+fire+1996, the+dance+of+reality+2013, edward+scissorhands+1990, a+family+thing+1996, northfork+2003, the+verdict+1982, one+eight+seven+1997, the+longest+yard+1974, full+speed+1996, junebug+2005, the+triumph+of+love+2001, island+2011, millions+2005, last+night+1998, quartet+1981, my+one+and+only+2009, 450 ms"
"2022-02-08T19:13:52.581720,73254,recommendation request 17645-team17.isri.cmu.edu:8082, status 200, result: rollerball+1975, six+pack+1982, lockout+2012, capricorn+one+1977, p.s.+2004, maze+2000, a+family+thing+1996, vision+quest+1985, a+little+princess+1995, chronicle+2012, haywire+2011, harry+and+tonto+1974, the+witches+of+eastwick+1987, paparazzi+2004, planet+of+the+apes+2001, the+brothers+2001, patriot+games+1992, winnie+the+pooh+2011, shes+having+a+baby+1988, juice+1992, 524 ms"
"2022-02-08T19:13:52.595027,146551,recommendation request 17645-team17.isri.cmu.edu:8082, status 200, result: american+virgin+2000, eyewitness+1981, cry+freedom+1987, desert+blue+1999, red+dawn+1984, courage+under+fire+1996, the+other+side+of+the+mountain+1975, your+friends++neighbors+1998, dead+reckoning+1947, the+yakuza+1974, gravity+2013, the+matrix+revolutions+2003, junebug+2005, the+game+1997, warriors+of+heaven+and+earth+2003, the+brave+one+2007, the+fury+1978, above+the+law+1988, azumi+2003, my+one+and+only+2009, 515 ms"
"2022-02-08T19:13:52.619756,118995,recommendation request 17645-team17.isri.cmu.edu:8082, status 200, result: american+virgin+2000, p.s.+2004, the+wash+2001, the+hunted+2003, the+hound+of+the+baskervilles+1978, nims+island+2008, private+parts+1972, the+poughkeepsie+tapes+2007, 9+2005, planet+of+the+apes+2001, shes+having+a+baby+1988, island+2011, flowers+in+the+attic+1987, hook+1991, above+the+law+1988, eyes+of+laura+mars+1978, spasmo+1974, they+made+me+a+criminal+1939, s.+darko+2009, steamboy+2004, 535 ms"
"2022-02-08T19:13:53.432627,226911,recommendation request 17645-team17.isri.cmu.edu:8082, status 200, result: mickeys+once+upon+a+christmas+1999, the+five+senses+1999, bossa+nova+2000, rollerball+1975, raging+bull+1980, cookie+1989, frenzy+1972, in+the+line+of+fire+1993, the+way+2010, chicken+run+2000, bachelor+in+paradise+1961, the+letter+1940, love+crazy+1941, harem+1985, planet+of+the+apes+2001, on+the+town+1949, serial+1980, sherlock+holmes+in+washington+1943, m.+butterfly+1993, 10th++wolf+2006, 378 ms"
"2022-02-08T19:13:53.461295,107335,recommendation request 17645-team17.isri.cmu.edu:8082, status 200, result: drop+zone+1994, rollerball+1975, lockout+2012, the+proprietor+1996, star+wars+episode+iii+-+revenge+of+the+sith+2005, the+brother+from+another+planet+1984, barbarosa+1982, without+a+paddle+2004, detective+story+1951, dick+tracy+1990, pitch+black+2000, haywire+2011, wake+of+death+2004, the+yakuza+1974, planet+of+the+apes+2001, marooned+1969, gravity+2013, the+comancheros+1961, changing+lanes+2002, the+game+1997, 404 ms"
"2022-02-08T19:13:53.512431,237597,recommendation request 17645-team17.isri.cmu.edu:8082, status 200, result: cry+freedom+1987, suburban+commando+1991, the+gauntlet+1977, missing+1982, mystery_+alaska+1999, jungle+fever+1991, gods+not+dead+2014, detective+story+1951, c.h.o.m.p.s.+1979, one+eight+seven+1997, guilty+as+sin+1993, the+yakuza+1974, gravity+2013, the+matrix+revolutions+2003, beyond+the+sea+2004, island+2011, the+brave+one+2007, from+here+to+eternity+1953, richard+iii+1955, jennifer+eight+1992, 449 ms"
"2022-02-08T19:13:53.505850,290494,recommendation request 17645-team17.isri.cmu.edu:8082, status 200, result: arranged+2007, werewolves+on+wheels+1971, bill+cosby+himself+1983, p.s.+2004, missing+1982, mystery_+alaska+1999, carnosaur+2+1995, maze+2000, lethal+weapon+3+1992, 42nd+street+1933, on+moonlight+bay+1951, summer+rental+1985, moving+1988, one+eight+seven+1997, guilty+as+sin+1993, the+great+escape+1963, wake+of+death+2004, xxx+2002, crush+2001, island+2011, 398 ms"
"2022-02-08T19:13:54.387738,256690,recommendation request 17645-team17.isri.cmu.edu:8082, status 200, result: drop+zone+1994, the+last+of+the+mohicans+1992, p.s.+2004, deep+rising+1998, maze+2000, light+it+up+1999, a+time+to+kill+1996, without+a+paddle+2004, love+story+1970, where+the+heart+is+2000, wake+of+death+2004, the+yakuza+1974, the+brothers+2001, marooned+1969, for+keeps+1988, changing+lanes+2002, shes+having+a+baby+1988, crush+2001, from+here+to+eternity+1953, ali+2001, 366 ms"
"2022-02-08T19:13:54.409914,154085,recommendation request 17645-team17.isri.cmu.edu:8082, status 200, result: cry+freedom+1987, the+wood+1999, melody+time+1948, dark+city+1950, mary+poppins+1964, the+snowman+1982, sling+blade+1996, p.s.+2004, son+of+the+mask+2005, the+lucky+ones+2008, all+the+mornings+of+the+world+1991, big+hero+6+2014, the+aristocats+1970, fuck+2005, northfork+2003, gumby+the+movie+1995, saludos+amigos+1942, topper+1937, full+speed+1996, the+mighty+1998, 336 ms"
"2022-02-08T19:13:54.420182,109032,recommendation request 17645-team17.isri.cmu.edu:8082, status 200, result: the+five+senses+1999, bill+cosby+himself+1983, playing+the+victim+2006, dark+blue+world+2001, ice+castles+1978, the+letter+1940, albatross+2011, serial+1980, island+2011, of+human+bondage+1934, beyond+therapy+1987, down+in+the+delta+1998, mr.+beans+holiday+2007, fun+in+acapulco+1963, dopamine+2003, l.i.e.+2001, gridlockd+1997, up+at+the+villa+2000, kings+row+1942, harvest+1999, 347 ms"
"2022-02-08T19:13:54.432657,68212,recommendation request 17645-team17.isri.cmu.edu:8082, status 200, result: greedy+1994, cry+freedom+1987, robocop+1987, the+day+of+the+dolphin+1973, lockout+2012, speed+2+cruise+control+1997, once+around+1991, that+was+then...+this+is+now+1985, hero+wanted+2008, the+poseidon+adventure+1972, the+pumaman+1980, far+and+away+1992, haywire+2011, the+abyss+1989, gamer+2009, kick-ass+2+2013, q++a+1990, a+beautiful+mind+2001, iceman+1984, the+chamber+1996, 345 ms"
"2022-02-08T19:13:56.522354,108732,recommendation request 17645-team17.isri.cmu.edu:8082, status 200, result: rollerball+1975, man+of+the+year+2006, intersection+1994, ed+1996, star+wars+episode+iii+-+revenge+of+the+sith+2005, a+goofy+movie+1995, loving+you+1957, freaky+friday+1976, casper+1995, how+the+grinch+stole+christmas+2000, winnie+the+pooh+2011, serial+1980, island+2011, bridesmaids+2011, a+place+in+the+sun+1951, shrek+the+third+2007, cars+2006, fun+in+acapulco+1963, dopamine+2003, the+incredibles+2004, 435 ms"
"2022-02-08T19:13:56.615674,272985,recommendation request 17645-team17.isri.cmu.edu:8082, status 200, result: the+last+of+the+mohicans+1992, the+longest+day+1962, frenzy+1972, missing+1982, the+official+story+1985, walle+2008, big+hero+6+2014, 633+squadron+1964, birdy+1984, fast++furious+6+2013, prince+of+persia+the+sands+of+time+2010, nighthawks+1981, planet+of+the+apes+2001, cars+2+2011, juice+1992, mobsters+1991, 7+seconds+2005, bingo+1991, atonement+2007, underdog+2007, 519 ms"
"2022-02-08T19:13:56.746885,15544,recommendation request 17645-team17.isri.cmu.edu:8082, status 200, result: my+man+godfrey+1957, ed+1996, last+holiday+2006, p.s.+2004, the+other+side+of+the+mountain+1975, edward+scissorhands+1990, come+back_+little+sheba+1952, r100+2013, taxi+2004, the+mighty+1998, junebug+2005, breakdown+1997, my+one+and+only+2009, the+dream+team+1989, patton+1970, exodus+1960, get+real+1998, heaven++earth+1993, boy+a+2007, bring+it+on+again+2004, 646 ms"
"2022-02-08T19:13:56.760089,153625,recommendation request 17645-team17.isri.cmu.edu:8082, status 200, result: sullivans+travels+1941, rollerball+1975, 23+1998, amityville+ii+the+possession+1982, last+holiday+2006, star+wars+episode+iii+-+revenge+of+the+sith+2005, missing+1982, mystery_+alaska+1999, without+a+paddle+2004, inception+2010, in+too+deep+1999, one+eight+seven+1997, guilty+as+sin+1993, ghoulies+ii+1987, planet+of+the+apes+2001, phoenix+1998, the+matrix+revolutions+2003, island+2011, conan+the+barbarian+1982, saw+vi+2009, 659 ms"
"2022-02-08T19:13:56.761767,19427,recommendation request 17645-team17.isri.cmu.edu:8082, status 200, result: intersection+1994, the+house+of+yes+1997, mission+to+mir+1997, sling+blade+1996, loving+you+1957, gods+not+dead+2014, a+family+thing+1996, fuck+2005, northfork+2003, the+letter+1940, gravity+2013, the+mighty+1998, another+earth+2011, desk+set+1957, out+to+sea+1997, serial+1980, a+place+in+the+sun+1951, the+program+1993, unfaithfully+yours+1984, fun+in+acapulco+1963, 603 ms"
"2022-02-08T19:13:56.831571,34323,recommendation request 17645-team17.isri.cmu.edu:8082, status 200, result: black+beauty+1994, mickeys+once+upon+a+christmas+1999, picture+perfect+1997, p.s.+2004, maze+2000, the+closet+2001, 42nd+street+1933, a+little+princess+1995, paul+2011, the+brothers+mcmullen+1995, chicken+run+2000, the+letter+1940, the+brothers+2001, the+matrix+revolutions+2003, going+the+distance+2010, junebug+2005, crush+2001, the+brave+one+2007, m.+butterfly+1993, the+women+2008, 629 ms"
"2022-02-08T19:13:56.858226,143603,recommendation request 17645-team17.isri.cmu.edu:8082, status 200, result: american+virgin+2000, rollerball+1975, star+wars+episode+iii+-+revenge+of+the+sith+2005, sling+blade+1996, maze+2000, the+aristocats+1970, freaky+friday+1976, cabin+boy+1994, casper+1995, planet+of+the+apes+2001, fabled+2002, the+mighty+1998, jurassic+park+1993, junebug+2005, crush+2001, island+2011, hook+1991, blood+and+sand+1989, my+one+and+only+2009, come+see+the+paradise+1990, 653 ms"
"2022-02-08T19:13:57.377386,207162,recommendation request 17645-team17.isri.cmu.edu:8082, status 200, result: the+perfect+score+2004, eyewitness+1981, six+pack+1982, major+league+ii+1994, p.s.+2004, son+of+the+mask+2005, rambo+first+blood+part+ii+1985, moving+1988, topper+1937, the+longest+yard+1974, modesty+blaise+1966, the+women+2008, above+the+law+1988, hopscotch+1980, today+you+die+2005, hot+to+trot+1988, no+mercy+1986, the+naked+gun+2+the+smell+of+fear+1991, lock+up+1989, dopamine+2003, 359 ms"
"2022-02-08T19:13:57.475771,64055,recommendation request 17645-team17.isri.cmu.edu:8082, status 200, result: the+last+of+the+mohicans+1992, the+proprietor+1996, the+langoliers+1995, 633+squadron+1964, a+family+thing+1996, detective+story+1951, the+next+karate+kid+1994, moving+1988, phoenix+1998, marooned+1969, junebug+2005, the+hot+spot+1990, the+juror+1996, the+women+2008, the+nuns+story+1959, lilians+story+1996, my+one+and+only+2009, dinoshark+2010, spasmo+1974, lassie+2005, 399 ms"
"2022-02-08T19:13:57.438989,242641,recommendation request 17645-team17.isri.cmu.edu:8082, status 200, result: cry+freedom+1987, about+last+night...+1986, sleepers+1996, missing+1982, sling+blade+1996, mystery_+alaska+1999, fulltime+killer+2001, in+too+deep+1999, one+eight+seven+1997, guilty+as+sin+1993, private+parts+1972, the+poughkeepsie+tapes+2007, murder_+my+sweet+1944, hackers+1995, the+mighty+1998, junebug+2005, look+whos+talking+too+1990, island+2011, the+women+2008, side+out+1990, 309 ms"
"2022-02-08T19:13:58.329921,73954,recommendation request 17645-team17.isri.cmu.edu:8082, status 200, result: love+and+death+1975, made+for+each+other+1939, sink+the+bismarck+1960, hangmen+also+die+1943, finding+nemo+2003, presto+2008, flags+of+our+fathers+2006, midway+1976, midnight+1939, the+bridge+1959, cq+2001, dick+1999, cromwell+1970, a+family+thing+1996, igby+goes+down+2002, a+bridge+too+far+1977, toy+story+of+terror+2013, dead+tired+1994, being+there+1979, friday+after+next+2002, 265 ms"
"2022-02-08T19:13:58.380781,304175,recommendation request 17645-team17.isri.cmu.edu:8082, status 200, result: shampoo+1975, mickeys+once+upon+a+christmas+1999, love+jones+1997, p.s.+2004, walle+2008, the+wash+2001, maze+2000, lethal+weapon+3+1992, the+pompatus+of+love+1996, nims+island+2008, dick+tracy+1990, spy+kids+3-d+game+over+2003, chicken+run+2000, one+man+band+2005, planet+of+the+apes+2001, the+brothers+2001, fabled+2002, time+bandits+1981, crush+2001, island+2011, 311 ms"
"2022-02-08T19:13:58.330228,232768,recommendation request 17645-team17.isri.cmu.edu:8082, status 200, result: the+family+man+2000, aquamarine+2006, lockout+2012, the+house+of+yes+1997, waking+up+in+reno+2002, p.s.+2004, never+again+2002, nims+island+2008, haywire+2011, the+mighty+1998, shes+having+a+baby+1988, little+voice+1998, hook+1991, extract+2009, the+snapper+1993, little+monsters+1989, the+signal+2007, frankie+and+johnny+1991, benji+1974, cherry+2011, 264 ms"
"2022-02-08T19:13:59.400710,281521,recommendation request 17645-team17.isri.cmu.edu:8082, status 200, result: the+nest+2002, wreck-it+ralph+2012, what+doesnt+kill+you+2008, suburban+commando+1991, dreamgirls+2006, the+red+shoes+1948, 8+seconds+1994, foodfight+2012, a+goofy+movie+1995, the+aristocats+1970, parker+2013, a+family+thing+1996, northfork+2003, johnny+english+2003, bad+girls+1994, the+verdict+1982, cars+2+2011, shes+having+a+baby+1988, rush+hour+3+2007, eragon+2006, 242 ms"
"2022-02-08T19:13:59.487897,154999,recommendation request 17645-team17.isri.cmu.edu:8082, status 200, result: eyewitness+1981, rollerball+1975, son+of+godzilla+1967, agnes+of+god+1985, the+proprietor+1996, hollow+man+2000, courage+under+fire+1996, the+other+side+of+the+mountain+1975, big+hero+6+2014, dollars+1971, pitch+black+2000, spy+kids+3-d+game+over+2003, the+island+1980, planet+of+the+apes+2001, this+property+is+condemned+1966, mothra+vs.+godzilla+1964, beneath+the+planet+of+the+apes+1970, battle+for+terra+2007, an+education+2009, mobsters+1991, 392 ms"
"2022-02-08T19:14:00.397956,112780,recommendation request 17645-team17.isri.cmu.edu:8082, status 200, result: man+of+the+year+2006, the+conspiracy+2012, capricorn+one+1977, frenzy+1972, red+dawn+1984, altered+2006, father+of+the+bride+1991, cabin+boy+1994, masterminds+1997, harem+1985, marooned+1969, fabled+2002, juice+1992, island+2011, the+fury+1978, the+fan+1981, dinoshark+2010, jennifer+eight+1992, inseminoid+1981, phantoms+1998, 365 ms"
"2022-02-08T19:14:00.388439,180511,recommendation request 17645-team17.isri.cmu.edu:8082, status 200, result: the+five+senses+1999, rollerball+1975, bossa+nova+2000, election+2+2006, raging+bull+1980, the+proprietor+1996, boarding+gate+2007, think+like+a+man+too+2014, ip+man+2+2010, the+promise+2005, the+way+2010, the+verdict+1982, planet+of+the+apes+2001, the+yakuza+1974, the+fury+1978, shes+out+of+my+league+2010, come+see+the+paradise+1990, patton+1970, the+survivors+1983, the+allnighter+1987, 362 ms"
"2022-02-08T19:14:00.419649,27628,recommendation request 17645-team17.isri.cmu.edu:8082, status 200, result: cry+freedom+1987, dreamgirls+2006, 8+seconds+1994, a+time+to+kill+1996, the+yakuza+1974, the+client+1994, albatross+2011, jurassic+park+1993, people+like+us+2012, kull+the+conqueror+1997, junebug+2005, island+2011, conan+the+barbarian+1982, from+here+to+eternity+1953, dugs+special+mission+2009, ratatouille+2007, down+in+the+delta+1998, they+made+me+a+criminal+1939, bulletproof+1996, cars+2006, 375 ms"
"2022-02-08T19:14:01.450277,257301,recommendation request 17645-team17.isri.cmu.edu:8082, status 200, result: curdled+1996, drop+zone+1994, rollerball+1975, p.s.+2004, frenzy+1972, the+andromeda+strain+1971, a+time+to+kill+1996, northfork+2003, psycho+1998, the+saint+1997, the+yakuza+1974, the+client+1994, planet+of+the+apes+2001, the+truman+show+1998, changing+lanes+2002, the+hitch-hiker+1953, mobsters+1991, remember+the+night+1940, spasmo+1974, they+made+me+a+criminal+1939, 329 ms"
"2022-02-08T19:14:01.549956,35225,recommendation request 17645-team17.isri.cmu.edu:8082, status 200, result: bill+cosby+himself+1983, six+pack+1982, ed+1996, a+goofy+movie+1995, maze+2000, snow+dogs+2002, a+family+thing+1996, father+of+the+bride+1991, freaky+friday+1976, forrest+gump+1994, casper+1995, harry+and+tonto+1974, love+story+1970, mousehunt+1997, the+wizard+1989, the+mighty+1998, cars+2+2011, serial+1980, unaccompanied+minors+2006, ernest+in+the+army+1998, 471 ms"
"2022-02-08T19:14:02.562559,235002,recommendation request 17645-team17.isri.cmu.edu:8082, status 200, result: frenzy+1972, the+hunted+2003, lethal+weapon+3+1992, the+hound+of+the+baskervilles+1978, almost+famous+2000, the+island+1980, opportunity+knocks+1990, fabled+2002, the+matrix+revolutions+2003, beyond+the+sea+2004, juice+1992, island+2011, the+brave+one+2007, flowers+in+the+attic+1987, jennifer+eight+1992, eyes+of+laura+mars+1978, bulletproof+1996, boy+a+2007, apollo+13+1995, l.i.e.+2001, 496 ms"
"2022-02-08T19:14:02.568571,52951,recommendation request 17645-team17.isri.cmu.edu:8082, status 200, result: eyewitness+1981, drop+zone+1994, barbershop+2002, sleepers+1996, the+last+of+the+mohicans+1992, desert+blue+1999, p.s.+2004, loving+you+1957, courage+under+fire+1996, the+other+side+of+the+mountain+1975, father+of+the+bride+1991, your+friends++neighbors+1998, another+thin+man+1939, the+saint+1997, the+client+1994, topper+1937, running+scared+1986, junebug+2005, changing+lanes+2002, island+2011, 461 ms"
"2022-02-08T19:14:02.569914,90105,recommendation request 17645-team17.isri.cmu.edu:8082, status 200, result: the+bounty+1984, the+last+of+the+mohicans+1992, doc+hollywood+1991, sling+blade+1996, billy+jack+1971, that+was+then...+this+is+now+1985, moving+1988, the+island+1980, bullets+over+broadway+1994, the+mighty+1998, restoration+1995, the+crossing+guard+1995, little+voice+1998, roadkill+1989, so+fine+1981, in+hell+2003, ned+kelly+2003, hot+to+trot+1988, adult+world+2013, avalanche+1978, 433 ms"
"2022-02-08T19:14:02.604135,231820,recommendation request 17645-team17.isri.cmu.edu:8082, status 200, result: rollerball+1975, melody+time+1948, red+dawn+1984, p.s.+2004, courage+under+fire+1996, deep+rising+1998, the+aristocats+1970, vision+quest+1985, freaky+friday+1976, birdy+1984, a+little+princess+1995, the+witches+of+eastwick+1987, saludos+amigos+1942, planet+of+the+apes+2001, patriot+games+1992, juice+1992, island+2011, the+living+daylights+1987, breakdown+1997, above+the+law+1988, 497 ms"
"2022-02-08T19:14:02.662835,136246,recommendation request 17645-team17.isri.cmu.edu:8082, status 200, result: dead+of+winter+1987, robot+stories+2003, walle+2008, the+other+side+of+the+mountain+1975, big+hero+6+2014, freaky+friday+1976, casper+1995, one+man+band+2005, the+poughkeepsie+tapes+2007, cars+2+2011, the+truman+show+1998, warriors+of+heaven+and+earth+2003, conan+the+barbarian+1982, lifted+2006, last+night+1998, azumi+2003, made+of+honor+2008, dugs+special+mission+2009, bingo+1991, ruby++quentin+2003, 539 ms"
"2022-02-08T19:14:02.689863,158340,recommendation request 17645-team17.isri.cmu.edu:8082, status 200, result: sullivans+travels+1941, drop+zone+1994, cry+freedom+1987, the+last+of+the+mohicans+1992, the+longest+day+1962, the+proprietor+1996, last+holiday+2006, the+aristocats+1970, without+a+paddle+2004, footloose+1984, z+1969, lifeboat+1944, a+little+princess+1995, the+great+escape+1963, the+saint+1997, junebug+2005, changing+lanes+2002, remember+the+night+1940, the+curse+of+the+cat+people+1944, bingo+1991, 581 ms"
"2022-02-08T19:14:03.321093,154026,recommendation request 17645-team17.isri.cmu.edu:8082, status 200, result: the+mambo+kings+1992, true+crime+1996, 47+samurai+1962, a+time+to+kill+1996, the+hound+of+the+baskervilles+1978, scream+4+2011, the+tigger+movie+2000, sanjuro+1962, the+client+1994, opportunity+knocks+1990, the+princess+and+the+frog+2009, kill+1968, on+deadly+ground+1994, body+double+1984, above+the+law+1988, saw+2004, big+fat+liar+2002, the+faculty+1998, the+hidden+fortress+1958, problem+child+1990, 276 ms"
"2022-02-08T19:14:03.388053,288546,recommendation request 17645-team17.isri.cmu.edu:8082, status 200, result: the+perfect+score+2004, rollerball+1975, top+secret+1984, forbidden+zone+1980, lockout+2012, p.s.+2004, cookie+1989, the+addams+family+1991, a+little+princess+1995, haywire+2011, the+blue+max+1966, planet+of+the+apes+2001, bad+company+1972, beneath+the+planet+of+the+apes+1970, working+girl+1988, the+longest+yard+1974, the+fury+1978, an+american+carol+2008, dinoshark+2010, escape+from+the+planet+of+the+apes+1971, 337 ms"
"2022-02-08T19:14:03.387790,209243,recommendation request 17645-team17.isri.cmu.edu:8082, status 200, result: remember+me+2010, cry+freedom+1987, rollerball+1975, the+avengers+1998, the+other+side+of+the+mountain+1975, incognito+1997, the+island+1980, analyze+that+2002, albatross+2011, white+palace+1990, junebug+2005, island+2011, the+brave+one+2007, conan+the+barbarian+1982, remember+the+night+1940, rumble+fish+1983, airport+1975+1974, down+in+the+delta+1998, dungeons++dragons+2000, gung+ho+1986, 337 ms"
"2022-02-08T19:14:03.851270,154743,recommendation request 17645-team17.isri.cmu.edu:8082, status 0, result: java.net.ConnectException: connection timed out: 17645-team17.isri.cmu.edu/128.2.205.118:8082, 804 ms"
"2022-02-08T19:14:04.534927,239024,recommendation request 17645-team17.isri.cmu.edu:8082, status 200, result: cry+freedom+1987, rollerball+1975, top+secret+1984, lockout+2012, the+conspiracy+2012, frenzy+1972, the+addams+family+1991, a+little+princess+1995, haywire+2011, phoenix+1998, the+yakuza+1974, planet+of+the+apes+2001, macabre+1958, gravity+2013, the+game+1997, the+incredible+hulk+2008, romeo+is+bleeding+1993, phantoms+1998, contagion+2011, d.a.r.y.l.+1985, 433 ms"
"2022-02-08T19:14:04.563726,50241,recommendation request 17645-team17.isri.cmu.edu:8082, status 200, result: cry+freedom+1987, the+house+of+yes+1997, the+longest+day+1962, nine+lives+2005, the+proprietor+1996, suddenly+1954, sling+blade+1996, enough+2002, that+was+then...+this+is+now+1985, the+other+side+of+the+mountain+1975, the+mother+2003, light+it+up+1999, lethal+weapon+3+1992, the+bridge+1959, lifeboat+1944, inception+2010, grand+illusion+1937, phoenix+1998, hell+is+for+heroes+1962, the+mighty+1998, 474 ms"
"2022-02-08T19:14:04.575359,38122,recommendation request 17645-team17.isri.cmu.edu:8082, status 200, result: rio+bravo+1959, viva+zapata+1952, intersection+1994, paths+of+glory+1957, think+like+a+man+too+2014, dont+move+2004, parking+2008, the+godfather+part+iii+1990, the+letter+1940, the+great+escape+1963, big+jake+1971, the+devils+1971, murphys+romance+1985, warriors+of+heaven+and+earth+2003, from+here+to+eternity+1953, ali+2001, the+nuns+story+1959, three+amigos+1986, jersey+boys+2014, blackrock+1997, 472 ms"
"2022-02-08T19:14:04.568589,298867,recommendation request 17645-team17.isri.cmu.edu:8082, status 200, result: the+last+of+the+mohicans+1992, a+goofy+movie+1995, frenzy+1972, true+crime+1996, the+other+side+of+the+mountain+1975, light+it+up+1999, freaky+friday+1976, the+verdict+1982, for+keeps+1988, winnie+the+pooh+2011, from+here+to+eternity+1953, side+out+1990, richard+iii+1955, the+emperors+new+groove+2000, ratatouille+2007, spasmo+1974, they+made+me+a+criminal+1939, shrek+the+third+2007, patton+1970, fire+down+below+1997, 466 ms"
"2022-02-08T19:14:05.492123,300942,recommendation request 17645-team17.isri.cmu.edu:8082, status 200, result: american+virgin+2000, bossa+nova+2000, p.s.+2004, a+goofy+movie+1995, show+boat+1951, maze+2000, snow+dogs+2002, the+way+2010, dick+tracy+1990, inception+2010, bachelor+in+paradise+1961, love+crazy+1941, the+brothers+2001, the+matrix+revolutions+2003, on+the+town+1949, cars+2+2011, veronica+guerin+2003, crush+2001, the+matrix+1999, three+fugitives+1989, 457 ms"
"2022-02-08T19:14:05.501006,39930,recommendation request 17645-team17.isri.cmu.edu:8082, status 200, result: arranged+2007, six+pack+1982, p.s.+2004, son+of+the+mask+2005, the+other+side+of+the+mountain+1975, incognito+1997, a+family+thing+1996, fuck+2005, moving+1988, harry+and+tonto+1974, the+letter+1940, phoenix+1998, guilty+as+sin+1993, the+yakuza+1974, topper+1937, shes+having+a+baby+1988, free+willy+3+the+rescue+1997, the+incredible+hulk+2008, the+women+2008, outrage+2009, 474 ms"
"2022-02-08T19:14:05.505059,258496,recommendation request 17645-team17.isri.cmu.edu:8082, status 400, result: movie 1 not found, 467 ms"
"2022-02-08T19:14:05.517515,245628,recommendation request 17645-team17.isri.cmu.edu:8082, status 200, result: major+league+ii+1994, p.s.+2004, rambo+first+blood+part+ii+1985, maze+2000, moving+1988, guilty+as+sin+1993, the+yakuza+1974, the+brothers+2001, patriot+games+1992, shes+having+a+baby+1988, juice+1992, island+2011, crush+2001, breakdown+1997, above+the+law+1988, 10th++wolf+2006, untitled+2009, today+you+die+2005, hot+to+trot+1988, they+made+me+a+criminal+1939, 479 ms"
"2022-02-08T19:14:06.503885,138548,recommendation request 17645-team17.isri.cmu.edu:8082, status 200, result: barbershop+2002, robot+stories+2003, 8+seconds+1994, throw+momma+from+the+train+1987, american+ninja+1985, frenzy+1972, cookie+1989, p.s.+2004, maze+2000, lifeboat+1944, another+thin+man+1939, the+verdict+1982, back+to+school+1986, juice+1992, mobsters+1991, island+2011, crush+2001, class+1983, last+night+1998, easy+money+1983, 431 ms"
"2022-02-08T19:14:06.677216,269186,recommendation request 17645-team17.isri.cmu.edu:8082, status 200, result: the+cobbler+2014, barbershop+2002, the+conspiracy+2012, frenzy+1972, the+bridge+at+remagen+1969, gods+not+dead+2014, father+of+the+bride+1991, the+company+men+2010, bad+girls+1994, blacula+1972, another+thin+man+1939, the+verdict+1982, the+letter+1940, albatross+2011, junebug+2005, serial+1980, island+2011, m.+butterfly+1993, eight+men+out+1988, the+fan+1981, 597 ms"
"2022-02-08T19:14:06.743273,79519,recommendation request 17645-team17.isri.cmu.edu:8082, status 200, result: cry+freedom+1987, the+five+senses+1999, the+conspiracy+2012, childs+play+3+1991, courage+under+fire+1996, detective+story+1951, the+woman+2011, the+godfather+part+iii+1990, psycho+1998, the+yakuza+1974, jaws+3-d+1983, gravity+2013, the+serpent+and+the+rainbow+1988, shes+having+a+baby+1988, the+game+1997, island+2011, cry_wolf+2005, jennifer+eight+1992, airport+1975+1974, the+giant+of+marathon+1959, 666 ms"
"2022-02-08T19:14:06.795607,167090,recommendation request 17645-team17.isri.cmu.edu:8082, status 200, result: barbershop+2002, sleepers+1996, the+dresser+1983, notting+hill+1999, p.s.+2004, rambo+first+blood+part+ii+1985, maze+2000, another+thin+man+1939, phoenix+1998, the+client+1994, the+brothers+2001, my+beautiful+laundrette+1985, albatross+2011, crush+2001, the+incredible+hulk+2008, heartbreakers+2001, from+here+to+eternity+1953, six+weeks+1982, the+hot+spot+1990, high+sierra+1941, 709 ms"
"2022-02-08T19:14:06.821589,22768,recommendation request 17645-team17.isri.cmu.edu:8082, status 200, result: out+of+sight+1998, and+now...+ladies+and+gentlemen...+2002, sling+blade+1996, rambo+first+blood+part+ii+1985, lethal+weapon+3+1992, a+family+thing+1996, harry+and+walter+go+to+new+york+1976, joy+ride+2001, the+mighty+1998, juice+1992, island+2011, the+matrix+1999, made+of+honor+2008, bingo+1991, today+you+die+2005, ruby++quentin+2003, spasmo+1974, indestructible+man+1956, date+movie+2006, s.+darko+2009, 741 ms"
"2022-02-08T19:14:06.851338,30815,recommendation request 17645-team17.isri.cmu.edu:8082, status 200, result: rollerball+1975, nothing+but+trouble+1991, arranged+2007, star+wars+episode+iii+-+revenge+of+the+sith+2005, doc+hollywood+1991, major+league+ii+1994, hollow+man+2000, national+lampoons+van+wilder+2002, lethal+weapon+3+1992, nims+island+2008, dick+tracy+1990, planet+of+the+apes+2001, the+mighty+1998, junebug+2005, juice+1992, the+juror+1996, ali+2001, hook+1991, my+one+and+only+2009, bingo+1991, 769 ms"
"2022-02-08T19:14:06.850121,269268,recommendation request 17645-team17.isri.cmu.edu:8082, status 200, result: drop+zone+1994, forbidden+zone+1980, suburban+commando+1991, barbershop+2002, the+conspiracy+2012, last+holiday+2006, p.s.+2004, son+of+the+mask+2005, hollow+man+2000, another+thin+man+1939, moving+1988, private+parts+1972, analyze+that+2002, battle+for+terra+2007, time+bandits+1981, an+american+carol+2008, teenage+mutant+ninja+turtles+2014, last+man+standing+1996, babes+in+toyland+1934, holiday+1938, 737 ms"
"2022-02-08T19:14:07.574421,132703,recommendation request 17645-team17.isri.cmu.edu:8082, status 200, result: 8+seconds+1994, finding+nemo+2003, that+was+then...+this+is+now+1985, k-9+1989, midnight+1939, once+bitten+1985, old+yeller+1957, the+island+1980, rapa+nui+1994, you+and+i+2006, mobsters+1991, m.+butterfly+1993, quartet+1981, seven+men+from+now+1956, dugs+special+mission+2009, ratatouille+2007, bulletproof+1996, the+postman+1997, cars+2006, shes+the+one+1996, 550 ms"
"2022-02-08T19:14:08.422822,58230,recommendation request 17645-team17.isri.cmu.edu:8082, status 200, result: replicant+2001, drop+zone+1994, rollerball+1975, oh_+god+1977, p.s.+2004, a+family+thing+1996, asylum+1972, r100+2013, phoenix+1998, malice+1993, junebug+2005, the+hot+spot+1990, m.+butterfly+1993, island+2011, the+fan+1981, dark+passage+1947, my+one+and+only+2009, airport+1975+1974, romeo+is+bleeding+1993, spasmo+1974, 337 ms"
"2022-02-08T19:14:08.419008,89274,recommendation request 17645-team17.isri.cmu.edu:8082, status 200, result: down+periscope+1996, rhinestone+1984, taps+1981, i+wake+up+screaming+1941, the+avengers+1998, the+gauntlet+1977, bride+of+the+wind+2001, enough+2002, light+it+up+1999, footloose+1984, the+verdict+1982, heidi+1937, harry+and+tonto+1974, bulworth+1998, clockwatchers+1997, my+fair+lady+1964, you+and+i+2006, on+deadly+ground+1994, junebug+2005, above+the+law+1988, 317 ms"
"2022-02-08T19:14:08.550434,178282,recommendation request 17645-team17.isri.cmu.edu:8082, status 200, result: cry+freedom+1987, rollerball+1975, robot+stories+2003, p.s.+2004, a+goofy+movie+1995, light+it+up+1999, northfork+2003, a+little+princess+1995, a+shock+to+the+system+1990, planet+of+the+apes+2001, the+yakuza+1974, marooned+1969, desk+set+1957, out+to+sea+1997, island+2011, ali+2001, last+night+1998, above+the+law+1988, they+made+me+a+criminal+1939, the+survivors+1983, 455 ms"
"2022-02-08T19:14:08.552259,298526,recommendation request 17645-team17.isri.cmu.edu:8082, status 200, result: eyewitness+1981, arranged+2007, a+goofy+movie+1995, frenzy+1972, true+crime+1996, deep+rising+1998, rambo+first+blood+part+ii+1985, incognito+1997, freaky+friday+1976, the+letter+1940, phoenix+1998, guilty+as+sin+1993, patriot+games+1992, changing+lanes+2002, juice+1992, hopscotch+1980, dark+passage+1947, the+emperors+new+groove+2000, dinoshark+2010, today+you+die+2005, 455 ms"
"2022-02-08T19:14:08.581742,284221,recommendation request 17645-team17.isri.cmu.edu:8082, status 200, result: the+cat+in+the+hat+2003, ed+1996, the+errand+boy+1961, frenzy+1972, courage+under+fire+1996, deep+rising+1998, light+it+up+1999, lethal+weapon+3+1992, a+family+thing+1996, cabin+boy+1994, the+verdict+1982, how+the+grinch+stole+christmas+2000, serial+1980, island+2011, the+matrix+1999, the+nuns+story+1959, hook+1991, dinoshark+2010, jennifer+eight+1992, indestructible+man+1956, 483 ms"
"2022-02-08T19:14:09.275514,72517,recommendation request 17645-team17.isri.cmu.edu:8082, status 200, result: rollerball+1975, werewolves+on+wheels+1971, barbershop+2002, p.s.+2004, barbarosa+1982, the+wash+2001, lethal+weapon+3+1992, 42nd+street+1933, on+moonlight+bay+1951, excision+2012, another+thin+man+1939, moving+1988, the+letter+1940, junebug+2005, the+matrix+1999, m.+butterfly+1993, the+brave+one+2007, my+one+and+only+2009, dinoshark+2010, private+lives+1931, 244 ms"
"2022-02-08T19:14:10.361949,30031,recommendation request 17645-team17.isri.cmu.edu:8082, status 200, result: the+perfect+score+2004, eyewitness+1981, rollerball+1975, bon+cop+bad+cop+2006, red+dawn+1984, vision+quest+1985, a+little+princess+1995, forrest+gump+1994, love+story+1970, the+witches+of+eastwick+1987, guilty+as+sin+1993, modesty+blaise+1966, shes+having+a+baby+1988, the+living+daylights+1987, above+the+law+1988, hopscotch+1980, fire+down+below+1997, divergent+2014, leap+of+faith+1992, serving+sara+2002, 285 ms"
"2022-02-08T19:14:10.471829,166959,recommendation request 17645-team17.isri.cmu.edu:8082, status 200, result: curdled+1996, cry+freedom+1987, red+dawn+1984, courage+under+fire+1996, vision+quest+1985, a+little+princess+1995, the+witches+of+eastwick+1987, guilty+as+sin+1993, shes+having+a+baby+1988, the+hitch-hiker+1953, island+2011, the+incredible+hulk+2008, the+living+daylights+1987, mobsters+1991, above+the+law+1988, fire+down+below+1997, beyond+the+poseidon+adventure+1979, back+to+the+future+part+ii+1989, l.i.e.+2001, lady+in+a+cage+1964, 341 ms"
"2022-02-08T19:14:10.521540,159174,recommendation request 17645-team17.isri.cmu.edu:8082, status 200, result: cry+freedom+1987, drop+zone+1994, rollerball+1975, barbershop+2002, melody+time+1948, the+longest+day+1962, my+man+godfrey+1957, ed+1996, the+amazing+spider-man+2012, guest+house+paradiso+1999, missing+1982, mystery_+alaska+1999, the+aristocats+1970, without+a+paddle+2004, lifeboat+1944, prince+of+persia+the+sands+of+time+2010, grand+illusion+1937, another+thin+man+1939, one+eight+seven+1997, the+island+1980, 321 ms"
"2022-02-08T19:14:10.519430,2618,recommendation request 17645-team17.isri.cmu.edu:8082, status 200, result: rollerball+1975, melody+time+1948, lockout+2012, star+wars+episode+iii+-+revenge+of+the+sith+2005, crossroads+2002, the+country+bears+2002, snow+dogs+2002, big+hero+6+2014, the+aristocats+1970, haywire+2011, saludos+amigos+1942, planet+of+the+apes+2001, hackers+1995, junebug+2005, shes+having+a+baby+1988, from+here+to+eternity+1953, ali+2001, the+incredible+hulk+2008, romeo+and+juliet+1936, my+one+and+only+2009, 390 ms"
"2022-02-08T19:14:11.484176,71232,recommendation request 17645-team17.isri.cmu.edu:8082, status 200, result: the+perfect+score+2004, rio+bravo+1959, the+last+of+the+mohicans+1992, ed+1996, the+longest+day+1962, p.s.+2004, loving+you+1957, vision+quest+1985, gods+not+dead+2014, a+little+princess+1995, dick+tracy+1990, flashdance+1983, casper+1995, apocalypto+2006, the+witches+of+eastwick+1987, the+great+escape+1963, the+saint+1997, gone+in+sixty+seconds+2000, jurassic+park+1993, remember+the+night+1940, 472 ms"
"2022-02-08T19:14:11.545604,63118,recommendation request 17645-team17.isri.cmu.edu:8082, status 200, result: eyewitness+1981, bill+cosby+himself+1983, the+avengers+1998, six+pack+1982, oh_+god+1977, p.s.+2004, courage+under+fire+1996, lethal+weapon+3+1992, a+family+thing+1996, dick+tracy+1990, fulltime+killer+2001, in+too+deep+1999, moving+1988, harry+and+tonto+1974, national+lampoons+vacation+1983, the+yakuza+1974, murphys+romance+1985, juice+1992, scarface+1932, the+fury+1978, 534 ms"
"2022-02-08T19:14:11.598426,248795,recommendation request 17645-team17.isri.cmu.edu:8082, status 200, result: abandon+2002, down+periscope+1996, rhinestone+1984, a+goofy+movie+1995, courage+under+fire+1996, that+was+then...+this+is+now+1985, the+last+minute+2001, gods+not+dead+2014, freaky+friday+1976, bean+1997, the+beverly+hillbillies+1993, old+yeller+1957, rapa+nui+1994, bulworth+1998, four+weddings+and+a+funeral+1994, shrek+the+halls+2007, island+2011, double+indemnity+1944, seven+men+from+now+1956, the+king+of+comedy+1982, 577 ms"
"2022-02-08T19:14:11.608102,29811,recommendation request 17645-team17.isri.cmu.edu:8082, status 200, result: drop+zone+1994, cry+freedom+1987, the+five+senses+1999, rio+bravo+1959, 8+seconds+1994, the+proprietor+1996, missing+1982, summer+rental+1985, inception+2010, big+jake+1971, bad+company+1972, the+horse+soldiers+1959, the+matrix+revolutions+2003, juice+1992, island+2011, from+here+to+eternity+1953, the+matrix+1999, breakdown+1997, above+the+law+1988, they+made+me+a+criminal+1939, 593 ms"
"2022-02-08T19:14:11.615034,13309,recommendation request 17645-team17.isri.cmu.edu:8082, status 200, result: cry+freedom+1987, bill+cosby+himself+1983, and+now...+ladies+and+gentlemen...+2002, the+five+senses+1999, robot+stories+2003, arranged+2007, 8+seconds+1994, the+proprietor+1996, p.s.+2004, courage+under+fire+1996, maze+2000, incognito+1997, northfork+2003, the+verdict+1982, the+letter+1940, phoenix+1998, joy+ride+2001, the+brothers+2001, another+earth+2011, junebug+2005, 589 ms"
"2022-02-08T19:14:11.608307,13779,recommendation request 17645-team17.isri.cmu.edu:8082, status 200, result: mickeys+once+upon+a+christmas+1999, punchline+1988, sling+blade+1996, p.s.+2004, northfork+2003, chicken+run+2000, 9+2005, stonewall+1995, the+mighty+1998, beyond+the+sea+2004, junebug+2005, the+truman+show+1998, mobsters+1991, island+2011, proof+2005, remember+the+night+1940, from+the+hip+1987, my+one+and+only+2009, gung+ho+1986, the+allnighter+1987, 595 ms"
"2022-02-08T19:14:12.418591,194701,recommendation request 17645-team17.isri.cmu.edu:8082, status 200, result: eyewitness+1981, cry+freedom+1987, leave+it+to+beaver+1997, back+to+the+future+part+iii+1990, the+last+of+the+mohicans+1992, ed+1996, the+longest+day+1962, finding+nemo+2003, off+limits+1988, airport+77+1977, billy+jack+1971, 633+squadron+1964, the+incredible+shrinking+woman+1981, small+soldiers+1998, e.t.+the+extra-terrestrial+1982, casper+1995, the+island+1980, balto+1995, jurassic+park+1993, predator+2+1990, 330 ms"
"2022-02-08T19:14:12.495365,231861,recommendation request 17645-team17.isri.cmu.edu:8082, status 200, result: rollerball+1975, dark+city+1950, intersection+1994, punchline+1988, the+conspiracy+2012, strait-jacket+1964, brimstone++treacle+1982, light+it+up+1999, pretty+baby+1978, detective+story+1951, birdy+1984, r100+2013, z+1969, phoenix+1998, harem+1985, planet+of+the+apes+2001, working+girl+1988, macabre+1958, shes+having+a+baby+1988, cherrybomb+2009, 394 ms"
"2022-02-08T19:14:12.498927,171099,recommendation request 17645-team17.isri.cmu.edu:8082, status 200, result: arranged+2007, bossa+nova+2000, the+house+of+yes+1997, dark+alibi+1946, think+like+a+man+too+2014, frenzy+1972, p.s.+2004, the+wash+2001, maze+2000, the+way+2010, nims+island+2008, big+trouble+2002, blood_+guts_+bullets+and+octane+1998, masterminds+1997, the+brothers+2001, the+mighty+1998, shes+having+a+baby+1988, island+2011, crush+2001, from+the+hip+1987, 397 ms"
"2022-02-08T19:14:12.497323,93158,recommendation request 17645-team17.isri.cmu.edu:8082, status 200, result: the+three+brothers+1995, drop+zone+1994, the+last+of+the+mohicans+1992, 8+seconds+1994, last+holiday+2006, doc+hollywood+1991, p.s.+2004, maze+2000, father+of+the+bride+1991, splash+1984, moving+1988, the+italian+2010, the+brothers+2001, for+keeps+1988, desk+set+1957, out+to+sea+1997, shes+having+a+baby+1988, murphys+romance+1985, crush+2001, from+here+to+eternity+1953, 397 ms"
"2022-02-08T19:14:13.238883,174118,recommendation request 17645-team17.isri.cmu.edu:8082, status 200, result: the+perfect+score+2004, bon+cop+bad+cop+2006, coldblooded+1995, the+last+of+the+mohicans+1992, punchline+1988, city+slickers+1991, p.s.+2004, courage+under+fire+1996, barbarosa+1982, the+other+side+of+the+mountain+1975, maze+2000, birdy+1984, bad+girls+1994, dumb+and+dumber+to+2014, harem+1985, shes+having+a+baby+1988, geronimo+an+american+legend+1993, island+2011, crush+2001, a+knights+tale+2001, 210 ms"
"2022-02-08T19:14:13.450868,14824,recommendation request 17645-team17.isri.cmu.edu:8082, status 200, result: rollerball+1975, oh_+god+1977, cazuza+time+doesnt+stop+2004, desert+blue+1999, walle+2008, nothing+to+lose+1994, behind+the+sun+2001, your+friends++neighbors+1998, moving+1988, one+man+band+2005, the+witches+of+eastwick+1987, masterminds+1997, junebug+2005, shes+having+a+baby+1988, the+truman+show+1998, island+2011, lifted+2006, of+human+bondage+1934, 7+seconds+2005, my+one+and+only+2009, 388 ms"
"2022-02-08T19:14:14.423740,179158,recommendation request 17645-team17.isri.cmu.edu:8082, status 200, result: black+beauty+1994, the+glimmer+man+1996, drop+zone+1994, top+secret+1984, the+high+and+the+mighty+1954, frenzy+1972, the+addams+family+1991, lethal+weapon+3+1992, the+andromeda+strain+1971, without+a+paddle+2004, a+family+thing+1996, a+little+princess+1995, father+of+the+bride+1991, cabin+boy+1994, psycho+1998, the+island+1980, wake+of+death+2004, changing+lanes+2002, above+the+law+1988, hopscotch+1980, 337 ms"
"2022-02-08T19:14:14.383274,163764,recommendation request 17645-team17.isri.cmu.edu:8082, status 200, result: the+perfect+score+2004, rollerball+1975, about+last+night...+1986, robot+stories+2003, six+pack+1982, the+house+of+yes+1997, p.s.+2004, maze+2000, a+time+to+kill+1996, a+family+thing+1996, the+virgin+suicides+1999, harry+and+tonto+1974, the+yakuza+1974, the+brothers+2001, planet+of+the+apes+2001, for+keeps+1988, the+longest+yard+1974, the+mighty+1998, junebug+2005, crush+2001, 349 ms"
"2022-02-08T19:14:14.493347,129652,recommendation request 17645-team17.isri.cmu.edu:8082, status 200, result: the+last+of+the+mohicans+1992, walle+2008, big+hero+6+2014, barbarosa+1982, macgruber+2010, asylum+1972, paul+2011, island+2011, the+fury+1978, taking+chance+2009, dinoshark+2010, spasmo+1974, patton+1970, underdog+2007, s.+darko+2009, exodus+1960, rocky+1976, bring+it+on+again+2004, l.i.e.+2001, the+in-laws+1979, 408 ms"
"2022-02-08T19:14:15.348115,125424,recommendation request 17645-team17.isri.cmu.edu:8082, status 200, result: the+lost+world+jurassic+park+1997, back+to+the+future+part+iii+1990, rambo+iii+1988, the+last+starfighter+1984, rambo+first+blood+part+ii+1985, small+soldiers+1998, e.t.+the+extra-terrestrial+1982, q++a+1990, back+to+the+future+1985, iceman+1984, balto+1995, the+octagon+1980, breakout+1975, hellfighters+1968, the+incredible+hulk+2008, skyfall+2012, the+big+hit+1998, today+you+die+2005, jurassic+park+iii+2001, batteries+not+included+1987, 288 ms"
"2022-02-08T19:14:15.449759,271362,recommendation request 17645-team17.isri.cmu.edu:8082, status 200, result: eyewitness+1981, forbidden+zone+1980, barbershop+2002, dark+city+1950, intersection+1994, p.s.+2004, frenzy+1972, barbarosa+1982, the+wash+2001, macgruber+2010, fuck+2005, another+thin+man+1939, private+parts+1972, surfer_+dude+2008, island+2011, sunday+bloody+sunday+1971, juice+1992, the+nuns+story+1959, mobsters+1991, the+fury+1978, 400 ms"
"2022-02-08T19:14:15.484186,126431,recommendation request 17645-team17.isri.cmu.edu:8082, status 200, result: eyewitness+1981, rollerball+1975, the+snowman+1982, the+next+three+days+2010, the+warriors+way+2010, courage+under+fire+1996, phoenix+1998, planet+of+the+apes+2001, fabled+2002, the+matrix+revolutions+2003, bottle+rocket+1996, island+2011, conan+the+barbarian+1982, ali+2001, the+incredible+hulk+2008, the+brave+one+2007, the+fury+1978, spasmo+1974, the+survivors+1983, edge+of+tomorrow+2014, 435 ms"
"2022-02-08T19:14:15.404572,238445,recommendation request 17645-team17.isri.cmu.edu:8082, status 200, result: the+bounty+1984, the+last+of+the+mohicans+1992, the+longest+day+1962, the+proprietor+1996, p.s.+2004, 633+squadron+1964, maze+2000, father+of+the+bride+1991, z+1969, lifeboat+1944, grand+illusion+1937, blackfish+2013, sanjuro+1962, the+brothers+2001, still+bill+2010, the+sword+of+doom+1966, junebug+2005, serial+1980, in+harms+way+1965, saw+vi+2009, 384 ms"
"2022-02-08T19:14:15.466358,124016,recommendation request 17645-team17.isri.cmu.edu:8082, status 200, result: leave+it+to+beaver+1997, rise+of+the+planet+of+the+apes+2011, the+flintstones+in+viva+rock+vegas+2000, life+of+pi+2012, ed+1996, night+at+the+museum+2006, rapid+fire+1992, the+mummy+1999, harry+and+the+hendersons+1987, the+incredible+shrinking+woman+1981, e.t.+the+extra-terrestrial+1982, casper+1995, back+to+the+future+1985, balto+1995, jurassic+park+1993, eragon+2006, hook+1991, x-men+origins+wolverine+2009, the+land+before+time+1988, monkeybone+2001, 406 ms"
"2022-02-08T19:14:15.515365,7064,recommendation request 17645-team17.isri.cmu.edu:8082, status 200, result: take+my+eyes+2003, cry+freedom+1987, mickeys+once+upon+a+christmas+1999, the+house+of+yes+1997, punchline+1988, big+hero+6+2014, thank+you+for+smoking+2005, spirit+stallion+of+the+cimarron+2002, detective+story+1951, chicken+run+2000, albatross+2011, the+mighty+1998, junebug+2005, the+nuns+story+1959, his+girl+friday+1940, made+of+honor+2008, lilians+story+1996, my+one+and+only+2009, juno+2007, ruby++quentin+2003, 490 ms"
"2022-02-08T19:14:16.493996,287062,recommendation request 17645-team17.isri.cmu.edu:8082, status 200, result: rio+2+2014, rollerball+1975, the+avengers+1998, drop+zone+1994, mary+poppins+1964, switchback+1997, star+wars+episode+iii+-+revenge+of+the+sith+2005, son+of+the+mask+2005, the+aristocats+1970, incognito+1997, analyze+this+1999, freaky+friday+1976, lifeboat+1944, without+a+paddle+2004, pitch+black+2000, die+another+day+2002, moving+1988, analyze+that+2002, planet+of+the+apes+2001, the+reader+2008, 388 ms"
"2022-02-08T19:14:16.540570,259292,recommendation request 17645-team17.isri.cmu.edu:8082, status 200, result: drop+zone+1994, coldblooded+1995, mary+poppins+1964, robot+stories+2003, punchline+1988, 8+seconds+1994, city+slickers+1991, p.s.+2004, a+goofy+movie+1995, barbarosa+1982, the+addams+family+1991, once+bitten+1985, freaky+friday+1976, the+virgin+suicides+1999, bad+girls+1994, dumb+and+dumber+to+2014, the+saint+1997, for+keeps+1988, winnie+the+pooh+2011, changing+lanes+2002, 428 ms"
"2022-02-08T19:14:16.553713,212703,recommendation request 17645-team17.isri.cmu.edu:8082, status 200, result: cry+freedom+1987, arranged+2007, incognito+1997, the+man+without+a+face+1993, the+letter+1940, phoenix+1998, the+yakuza+1974, albatross+2011, patriot+games+1992, gravity+2013, white+palace+1990, juice+1992, mobsters+1991, breakdown+1997, above+the+law+1988, 10th++wolf+2006, dark+passage+1947, down+in+the+delta+1998, patton+1970, the+man+who+wasnt+there+2001, 438 ms"
"2022-02-08T19:14:16.552285,23601,recommendation request 17645-team17.isri.cmu.edu:8082, status 200, result: black+beauty+1994, eyewitness+1981, the+glimmer+man+1996, cry+freedom+1987, six+pack+1982, dances+with+wolves+1990, all+the+mornings+of+the+world+1991, a+family+thing+1996, a+little+princess+1995, the+man+without+a+face+1993, paintball+2009, harry+and+tonto+1974, the+letter+1940, phoenix+1998, holy+motors+2012, a+man+and+a+woman+1966, les+misrables+1934, crossed+tracks+2007, above+the+law+1988, the+curse+of+the+cat+people+1944, 440 ms"
"2022-02-08T19:14:17.446759,197217,recommendation request 17645-team17.isri.cmu.edu:8082, status 200, result: serenity+2005, neighbors+1981, the+tingler+1959, finding+nemo+2003, airport+77+1977, that+was+then...+this+is+now+1985, streets+of+fire+1984, barbarosa+1982, the+lost+weekend+1945, birdy+1984, little+big+league+1994, the+next+karate+kid+1994, lionheart+1990, harem+1985, the+island+1980, drive+hard+2014, sudden+death+1995, breakout+1975, aspen+extreme+1993, money+for+nothing+1993, 395 ms"
"2022-02-08T19:14:17.424408,88540,recommendation request 17645-team17.isri.cmu.edu:8082, status 200, result: surf+ninjas+1993, down+periscope+1996, rhinestone+1984, about+last+night...+1986, barbershop+2002, six+pack+1982, raging+bull+1980, the+snowman+1982, the+conspiracy+2012, rambling+rose+1991, p.s.+2004, altered+2006, maze+2000, that+was+then...+this+is+now+1985, big+hero+6+2014, a+family+thing+1996, how+to+train+your+dragon+2+2014, emma+2009, another+thin+man+1939, the+sandlot+1993, 374 ms"
"2022-02-08T19:14:18.473,3328,recommendation request 17645-team17.isri.cmu.edu:8082, status 200, result: drop+zone+1994, rollerball+1975, top+secret+1984, about+last+night...+1986, my+man+godfrey+1957, ed+1996, star+wars+episode+iii+-+revenge+of+the+sith+2005, the+other+side+of+the+mountain+1975, the+addams+family+1991, maze+2000, snow+dogs+2002, without+a+paddle+2004, freaky+friday+1976, a+little+princess+1995, wake+of+death+2004, planet+of+the+apes+2001, desk+set+1957, out+to+sea+1997, changing+lanes+2002, crush+2001, 400 ms"
"2022-02-08T19:14:18.499689,73896,recommendation request 17645-team17.isri.cmu.edu:8082, status 200, result: lockout+2012, punchline+1988, city+slickers+1991, p.s.+2004, courage+under+fire+1996, barbarosa+1982, maze+2000, freaky+friday+1976, bad+girls+1994, haywire+2011, guilty+as+sin+1993, patriot+games+1992, the+brothers+2001, shes+having+a+baby+1988, geronimo+an+american+legend+1993, island+2011, the+incredible+hulk+2008, crush+2001, juice+1992, breakdown+1997, 424 ms"
"2022-02-08T19:14:18.505577,234226,recommendation request 17645-team17.isri.cmu.edu:8082, status 200, result: cry+freedom+1987, the+five+senses+1999, frenzy+1972, detective+story+1951, the+godfather+part+iii+1990, bad+girls+1994, the+verdict+1982, the+island+1980, bottle+rocket+1996, changing+lanes+2002, juice+1992, have+rocket_+will+travel+1959, scary+movie+5+2013, the+fan+1981, jennifer+eight+1992, rumble+fish+1983, airport+1975+1974, apartment+zero+1988, holiday+1938, the+survivors+1983, 429 ms"
"2022-02-08T19:14:18.513241,197554,recommendation request 17645-team17.isri.cmu.edu:8082, status 200, result: black+beauty+1994, rollerball+1975, top+secret+1984, the+proprietor+1996, the+brother+from+another+planet+1984, the+dirty+dozen+next+mission+1985, hollow+man+2000, the+addams+family+1991, a+little+princess+1995, nims+island+2008, dead+reckoning+1947, planet+of+the+apes+2001, marooned+1969, blind+fury+1989, the+juror+1996, ali+2001, hook+1991, bingo+1991, rescue+dawn+2006, the+muppet+movie+1979, 440 ms"
"2022-02-08T19:14:19.307609,59755,recommendation request 17645-team17.isri.cmu.edu:8082, status 200, result: the+longest+day+1962, punchline+1988, paths+of+glory+1957, the+countess+2009, the+next+three+days+2010, true+crime+1996, that+was+then...+this+is+now+1985, the+bridge+1959, the+lords+of+flatbush+1974, z+1969, birdy+1984, lifeboat+1944, the+human+condition+ii+road+to+eternity+1959, grand+illusion+1937, glory+road+2006, in+harms+way+1965, king+kong+lives+1986, battle+of+britain+1969, near+dark+1987, days+of+glory+1944, 290 ms"
"2022-02-08T19:14:19.262175,185339,recommendation request 17645-team17.isri.cmu.edu:8082, status 200, result: eyewitness+1981, rollerball+1975, gotcha+1985, the+conspiracy+2012, childs+play+3+1991, streets+of+fire+1984, k-9+1989, r.i.p.d.+2013, psycho+1998, steel+1997, superman+returns+2006, screwed+2000, jaws+3-d+1983, on+deadly+ground+1994, the+serpent+and+the+rainbow+1988, excalibur+1981, psycho+iii+1986, above+the+law+1988, cry_wolf+2005, the+hard+way+1991, 247 ms"
"2022-02-08T19:14:19.455660,219357,recommendation request 17645-team17.isri.cmu.edu:8082, status 200, result: rise+of+the+planet+of+the+apes+2011, the+snowman+1982, the+conspiracy+2012, childs+play+3+1991, solomon+kane+2009, the+mummy+1999, that+was+then...+this+is+now+1985, east+of+eden+1955, northfork+2003, psycho+1998, excision+2012, star+wars+1977, shopping+1994, the+blue+max+1966, planet+of+the+apes+2001, jaws+3-d+1983, gravity+2013, another+earth+2011, the+boogens+1981, the+serpent+and+the+rainbow+1988, 371 ms"
"2022-02-08T19:14:19.597165,208365,recommendation request 17645-team17.isri.cmu.edu:8082, status 200, result: mickeys+once+upon+a+christmas+1999, melody+time+1948, 8+seconds+1994, ed+1996, notting+hill+1999, p.s.+2004, maze+2000, the+aristocats+1970, casper+1995, gumby+the+movie+1995, harry+and+tonto+1974, masterminds+1997, saludos+amigos+1942, the+brothers+2001, my+beautiful+laundrette+1985, jurassic+park+1993, junebug+2005, juice+1992, crush+2001, conan+the+barbarian+1982, 508 ms"
"2022-02-08T19:14:19.610314,116587,recommendation request 17645-team17.isri.cmu.edu:8082, status 200, result: a+nightmare+on+elm+street+part+2+freddys+revenge+1985, bill+cosby+himself+1983, barbershop+2002, the+conspiracy+2012, p.s.+2004, carnosaur+2+1995, another+thin+man+1939, critters+1986, the+last+house+on+the+left+2009, stonewall+1995, the+truman+show+1998, remember+the+night+1940, beyond+therapy+1987, the+fan+1981, x+the+unknown+1956, dinoshark+2010, return+to+me+2000, phantoms+1998, gung+ho+1986, supervixens+1975, 547 ms"
"2022-02-08T19:14:19.608936,18760,recommendation request 17645-team17.isri.cmu.edu:8082, status 200, result: cry+freedom+1987, sleepers+1996, lockout+2012, p.s.+2004, son+of+the+mask+2005, courage+under+fire+1996, maze+2000, vision+quest+1985, a+little+princess+1995, haywire+2011, the+witches+of+eastwick+1987, the+letter+1940, phoenix+1998, the+yakuza+1974, topper+1937, the+brothers+2001, the+client+1994, shes+having+a+baby+1988, island+2011, the+incredible+hulk+2008, 464 ms"
"2022-02-08T19:14:19.630061,206902,recommendation request 17645-team17.isri.cmu.edu:8082, status 200, result: eyewitness+1981, rollerball+1975, star+wars+episode+iii+-+revenge+of+the+sith+2005, p.s.+2004, courage+under+fire+1996, rambo+first+blood+part+ii+1985, maze+2000, planet+of+the+apes+2001, the+brothers+2001, total+recall+1990, modesty+blaise+1966, crush+2001, the+incredible+hulk+2008, the+women+2008, the+fury+1978, hopscotch+1980, untitled+2009, today+you+die+2005, spasmo+1974, no+mercy+1986, 486 ms"
"2022-02-08T19:14:20.245171,243146,recommendation request 17645-team17.isri.cmu.edu:8082, status 200, result: the+family+man+2000, the+mambo+kings+1992, eyewitness+1981, leave+it+to+beaver+1997, gotcha+1985, the+cat+in+the+hat+2003, ed+1996, under+siege+1992, small+soldiers+1998, a+time+to+kill+1996, a+family+thing+1996, titanic+1997, the+client+1994, the+wizard+1989, how+the+grinch+stole+christmas+2000, jurassic+park+1993, modesty+blaise+1966, shes+having+a+baby+1988, harsh+times+2005, the+roaring+twenties+1939, 195 ms"
"2022-02-08T19:14:20.472354,101116,recommendation request 17645-team17.isri.cmu.edu:8082, status 200, result: top+secret+1984, robot+stories+2003, p.s.+2004, the+addams+family+1991, maze+2000, northfork+2003, a+little+princess+1995, for+keeps+1988, cherrybomb+2009, have+rocket_+will+travel+1959, crush+2001, last+night+1998, the+three+stooges+in+orbit+1962, today+you+die+2005, bulletproof+1996, apartment+zero+1988, holiday+1938, d.a.r.y.l.+1985, mumford+1999, 8+1963, 374 ms"
"2022-02-08T19:14:20.472384,266786,recommendation request 17645-team17.isri.cmu.edu:8082, status 200, result: eyewitness+1981, intersection+1994, that+was+then...+this+is+now+1985, snow+dogs+2002, poohs+heffalump+movie+2005, the+aristocats+1970, one+hundred+and+one+dalmatians+1961, the+tigger+movie+2000, pitch+black+2000, derailed+2002, regarding+henry+1991, the+browning+version+1994, piglets+big+movie+2003, hopscotch+1980, today+you+die+2005, live+free+or+die+hard+2007, the+signal+2007, blue+chips+1994, virtuosity+1995, l.i.e.+2001, 375 ms"
"2022-02-08T19:14:20.472288,235378,recommendation request 17645-team17.isri.cmu.edu:8082, status 200, result: drop+zone+1994, the+proprietor+1996, frenzy+1972, light+it+up+1999, analyze+this+1999, lethal+weapon+3+1992, without+a+paddle+2004, a+family+thing+1996, inception+2010, moving+1988, wake+of+death+2004, beyond+the+sea+2004, changing+lanes+2002, juice+1992, the+matrix+1999, mobsters+1991, the+fury+1978, the+man+who+knew+too+much+1956, dinoshark+2010, the+mummys+hand+1940, 409 ms"
"2022-02-08T19:14:20.472370,132236,recommendation request 17645-team17.isri.cmu.edu:8082, status 200, result: rollerball+1975, intersection+1994, p.s.+2004, maze+2000, macgruber+2010, wintersleepers+1997, the+hound+of+the+baskervilles+1978, inception+2010, a+shock+to+the+system+1990, steel+1997, phoenix+1998, the+yakuza+1974, the+brothers+2001, gravity+2013, the+game+1997, island+2011, have+rocket_+will+travel+1959, crush+2001, bridesmaids+2011, side+out+1990, 375 ms"
"2022-02-08T19:14:21.391483,279276,recommendation request 17645-team17.isri.cmu.edu:8082, status 200, result: 8+seconds+1994, how+i+won+the+war+1967, birdy+1984, dick+tracy+1990, cabin+boy+1994, moving+1988, apocalypto+2006, harem+1985, company+man+2000, gone+in+sixty+seconds+2000, a+man+and+a+woman+1966, free+willy+3+the+rescue+1997, veronica+guerin+2003, side+out+1990, quartet+1981, eight+men+out+1988, rushmore+1998, man+on+the+moon+1999, hot+to+trot+1988, bulletproof+1996, 359 ms"
"2022-02-08T19:14:21.439439,199630,recommendation request 17645-team17.isri.cmu.edu:8082, status 200, result: cry+freedom+1987, drop+zone+1994, rollerball+1975, lockout+2012, the+conspiracy+2012, childs+play+3+1991, p.s.+2004, nims+island+2008, haywire+2011, psycho+1998, the+island+1980, the+saint+1997, planet+of+the+apes+2001, jaws+3-d+1983, the+matrix+revolutions+2003, the+serpent+and+the+rainbow+1988, changing+lanes+2002, the+incredible+hulk+2008, the+brave+one+2007, hook+1991, 407 ms"
"2022-02-08T19:14:21.459003,61850,recommendation request 17645-team17.isri.cmu.edu:8082, status 200, result: eyewitness+1981, ed+1996, the+conspiracy+2012, a+goofy+movie+1995, courage+under+fire+1996, snow+dogs+2002, casper+1995, guilty+as+sin+1993, the+mighty+1998, cars+2+2011, the+incredible+hulk+2008, the+fury+1978, hook+1991, ratatouille+2007, spasmo+1974, cars+2006, the+allnighter+1987, back+to+the+future+part+ii+1989, dopamine+2003, the+incredibles+2004, 424 ms"
"2022-02-08T19:14:21.467036,13600,recommendation request 17645-team17.isri.cmu.edu:8082, status 200, result: gleaming+the+cube+1989, cry+freedom+1987, bill+cosby+himself+1983, the+five+senses+1999, raging+bull+1980, p.s.+2004, maze+2000, a+time+to+kill+1996, a+little+princess+1995, grand+canyon+1991, the+verdict+1982, the+yakuza+1974, the+brothers+2001, desk+set+1957, out+to+sea+1997, crush+2001, island+2011, millions+2005, beyond+therapy+1987, above+the+law+1988, 435 ms"
"2022-02-08T19:14:22.511861,105077,recommendation request 17645-team17.isri.cmu.edu:8082, status 200, result: cry+freedom+1987, drop+zone+1994, my+man+godfrey+1957, ed+1996, guest+house+paradiso+1999, walle+2008, one+little+indian+1973, lethal+weapon+3+1992, dick+tracy+1990, casper+1995, one+man+band+2005, jurassic+park+1993, junebug+2005, changing+lanes+2002, lifted+2006, hook+1991, my+one+and+only+2009, dugs+special+mission+2009, ratatouille+2007, chicken+little+2005, 463 ms"
"2022-02-08T19:14:22.485978,84825,recommendation request 17645-team17.isri.cmu.edu:8082, status 200, result: the+nest+2002, what+doesnt+kill+you+2008, bridget+joness+diary+2001, mary+poppins+1964, the+amazing+spider-man+2012, the+golden+voyage+of+sinbad+1973, parker+2013, freaky+friday+1976, prince+of+persia+the+sands+of+time+2010, johnny+english+2003, desk+set+1957, rush+hour+3+2007, out+to+sea+1997, conan+the+barbarian+1982, the+nuns+story+1959, hook+1991, made+of+honor+2008, bingo+1991, atonement+2007, ruby++quentin+2003, 397 ms"
"2022-02-08T19:14:22.531193,121672,recommendation request 17645-team17.isri.cmu.edu:8082, status 200, result: gleaming+the+cube+1989, eyewitness+1981, drop+zone+1994, robot+stories+2003, dreamgirls+2006, the+snowman+1982, red+dawn+1984, the+warriors+way+2010, the+other+side+of+the+mountain+1975, without+a+paddle+2004, grand+canyon+1991, the+verdict+1982, wake+of+death+2004, albatross+2011, modesty+blaise+1966, changing+lanes+2002, people+like+us+2012, island+2011, conan+the+barbarian+1982, the+living+daylights+1987, 471 ms"
"2022-02-08T19:14:22.561552,55216,recommendation request 17645-team17.isri.cmu.edu:8082, status 200, result: gleaming+the+cube+1989, bridget+joness+diary+2001, the+amazing+spider-man+2012, the+golden+voyage+of+sinbad+1973, a+goofy+movie+1995, loving+you+1957, p.s.+2004, snow+dogs+2002, maze+2000, a+family+thing+1996, grand+canyon+1991, the+verdict+1982, the+letter+1940, masterminds+1997, the+brothers+2001, cars+2+2011, the+mighty+1998, yours_+mine+and+ours+1968, crush+2001, les+destines+sentimentales+2000, 490 ms"
"2022-02-08T19:14:23.633638,276548,recommendation request 17645-team17.isri.cmu.edu:8082, status 200, result: n+1998, dreamgirls+2006, p.s.+2004, mutiny+on+the+bounty+1962, ivans+childhood+1962, barbarosa+1982, the+wash+2001, maze+2000, gods+not+dead+2014, the+lost+weekend+1945, the+virgin+suicides+1999, grand+illusion+1937, ghoulies+ii+1987, albatross+2011, juice+1992, the+juror+1996, crush+2001, ali+2001, katyn+2007, bloodstone+subspecies+ii+1993, 569 ms"
"2022-02-08T19:14:23.644648,40769,recommendation request 17645-team17.isri.cmu.edu:8082, status 200, result: cry+freedom+1987, the+gauntlet+1977, in+the+line+of+fire+1993, vision+quest+1985, a+little+princess+1995, lifeboat+1944, the+witches+of+eastwick+1987, dead+reckoning+1947, the+island+1980, the+yakuza+1974, malice+1993, gravity+2013, the+game+1997, mobsters+1991, the+brave+one+2007, above+the+law+1988, absolute+power+1997, rumble+fish+1983, today+you+die+2005, airport+1975+1974, 561 ms"
"2022-02-08T19:14:23.642412,16847,recommendation request 17645-team17.isri.cmu.edu:8082, status 200, result: curdled+1996, top+secret+1984, lockout+2012, punchline+1988, city+slickers+1991, the+errand+boy+1961, p.s.+2004, barbarosa+1982, freaky+friday+1976, cabin+boy+1994, bad+girls+1994, haywire+2011, serial+1980, shes+having+a+baby+1988, the+hitch-hiker+1953, geronimo+an+american+legend+1993, mobsters+1991, the+incredible+hulk+2008, ratatouille+2007, trouble+in+paradise+1932, 601 ms"
"2022-02-08T19:14:23.644769,227268,recommendation request 17645-team17.isri.cmu.edu:8082, status 200, result: rollerball+1975, six+pack+1982, the+bounty+1984, red+dawn+1984, hollow+man+2000, light+it+up+1999, 633+squadron+1964, nims+island+2008, inception+2010, bad+girls+1994, the+verdict+1982, steel+1997, beneath+the+planet+of+the+apes+1970, the+living+daylights+1987, from+here+to+eternity+1953, texasville+1990, hook+1991, above+the+law+1988, bingo+1991, absolute+power+1997, 593 ms"
"2022-02-08T19:14:23.680463,190890,recommendation request 17645-team17.isri.cmu.edu:8082, status 200, result: curdled+1996, cry+freedom+1987, frogs+for+snakes+1998, family+plot+1976, two+hands+1999, true+crime+1996, the+other+side+of+the+mountain+1975, the+island+1980, big+bad+mama+1974, white+palace+1990, shes+having+a+baby+1988, juice+1992, the+juror+1996, the+incredible+hulk+2008, island+2011, proof+2005, rumble+fish+1983, airport+1975+1974, get+real+1998, beyond+the+poseidon+adventure+1979, 604 ms"
"2022-02-08T19:14:25.428258,35554,recommendation request 17645-team17.isri.cmu.edu:8082, status 200, result: gleaming+the+cube+1989, bossa+nova+2000, suburban+commando+1991, ed+1996, imaginary+heroes+2004, notting+hill+1999, p.s.+2004, frenzy+1972, a+goofy+movie+1995, the+country+bears+2002, maze+2000, snow+dogs+2002, big+hero+6+2014, freaky+friday+1976, critters+1986, c.h.o.m.p.s.+1979, grand+canyon+1991, the+verdict+1982, the+brothers+2001, my+beautiful+laundrette+1985, 354 ms"
"2022-02-08T19:14:25.480039,105577,recommendation request 17645-team17.isri.cmu.edu:8082, status 200, result: american+virgin+2000, meet+me+in+st.+louis+1944, gleaming+the+cube+1989, cry+freedom+1987, shampoo+1975, robot+stories+2003, leaving+normal+1992, loving+you+1957, crossroads+2002, the+other+side+of+the+mountain+1975, footloose+1984, random+hearts+1999, grand+canyon+1991, the+verdict+1982, my+fair+lady+1964, on+the+town+1949, for+keeps+1988, texasville+1990, last+night+1998, made+of+honor+2008, 353 ms"
"2022-02-08T19:14:25.513157,53052,recommendation request 17645-team17.isri.cmu.edu:8082, status 200, result: eyewitness+1981, criminal+law+1988, robot+stories+2003, mary+poppins+1964, rambo+first+blood+part+ii+1985, the+addams+family+1991, the+other+side+of+the+mountain+1975, freaky+friday+1976, the+virgin+suicides+1999, the+letter+1940, masterminds+1997, bully+2011, money+train+1995, gone+in+sixty+seconds+2000, for+keeps+1988, modesty+blaise+1966, bottle+rocket+1996, m.+butterfly+1993, from+here+to+eternity+1953, ali+2001, 372 ms"
"2022-02-08T19:14:25.515670,97918,recommendation request 17645-team17.isri.cmu.edu:8082, status 200, result: coldblooded+1995, the+dresser+1983, my+man+godfrey+1957, ed+1996, stick+it+2006, devil+girl+from+mars+1954, guest+house+paradiso+1999, p.s.+2004, barbarosa+1982, the+wash+2001, a+family+thing+1996, father+of+the+bride+1991, nims+island+2008, casper+1995, psycho+1998, masterminds+1997, the+devils+1971, topper+1937, albatross+2011, for+keeps+1988, 412 ms"
"2022-02-08T19:14:26.484691,161288,recommendation request 17645-team17.isri.cmu.edu:8082, status 200, result: drop+zone+1994, rollerball+1975, top+secret+1984, bill+cosby+himself+1983, the+addams+family+1991, a+time+to+kill+1996, without+a+paddle+2004, a+little+princess+1995, wake+of+death+2004, planet+of+the+apes+2001, the+truman+show+1998, changing+lanes+2002, have+rocket_+will+travel+1959, the+brave+one+2007, romeo+and+juliet+1936, the+three+stooges+in+orbit+1962, beyond+therapy+1987, hopscotch+1980, high+sierra+1941, today+you+die+2005, 437 ms"
"2022-02-08T19:14:26.545199,36476,recommendation request 17645-team17.isri.cmu.edu:8082, status 200, result: north+by+northwest+1959, dead+of+winter+1987, rollerball+1975, forbidden+zone+1980, about+last+night...+1986, the+last+of+the+mohicans+1992, ed+1996, p.s.+2004, sling+blade+1996, snow+dogs+2002, the+aristocats+1970, maze+2000, a+family+thing+1996, mousehunt+1997, the+island+1980, the+brothers+2001, for+keeps+1988, the+mighty+1998, jurassic+park+1993, desk+set+1957, 483 ms"
"2022-02-08T19:14:26.719375,20349,recommendation request 17645-team17.isri.cmu.edu:8082, status 200, result: drop+zone+1994, p.s.+2004, red+dawn+1984, the+other+side+of+the+mountain+1975, light+it+up+1999, maze+2000, in+the+line+of+fire+1993, birdy+1984, the+verdict+1982, the+letter+1940, harem+1985, the+saint+1997, changing+lanes+2002, crush+2001, the+living+daylights+1987, ali+2001, above+the+law+1988, lone+star+1996, eight+men+out+1988, jennifer+eight+1992, 671 ms"
"2022-02-08T19:14:26.817982,238786,recommendation request 17645-team17.isri.cmu.edu:8082, status 200, result: eyewitness+1981, curdled+1996, coldblooded+1995, 8+seconds+1994, p.s.+2004, a+goofy+movie+1995, courage+under+fire+1996, rambo+first+blood+part+ii+1985, maze+2000, code+of+silence+1985, once+bitten+1985, freaky+friday+1976, dumb+and+dumber+to+2014, phoenix+1998, the+brothers+2001, modesty+blaise+1966, the+hitch-hiker+1953, mobsters+1991, the+incredible+hulk+2008, island+2011, 753 ms"
"2022-02-08T19:14:26.817907,208372,recommendation request 17645-team17.isri.cmu.edu:8082, status 200, result: black+beauty+1994, rollerball+1975, the+avengers+1998, the+longest+day+1962, ed+1996, a+goofy+movie+1995, snow+dogs+2002, incognito+1997, freaky+friday+1976, a+little+princess+1995, lifeboat+1944, grand+illusion+1937, casper+1995, dick+tracy+1990, johnny+english+2003, paul+2011, analyze+that+2002, planet+of+the+apes+2001, cars+2+2011, jurassic+park+1993, 752 ms"
"2022-02-08T19:14:26.818,144884,recommendation request 17645-team17.isri.cmu.edu:8082, status 200, result: cry+freedom+1987, the+five+senses+1999, about+last+night...+1986, 8+seconds+1994, the+proprietor+1996, ed+1996, p.s.+2004, cookie+1989, maze+2000, northfork+2003, frozen+2007, forrest+gump+1994, casper+1995, money+train+1995, shes+having+a+baby+1988, crush+2001, the+nuns+story+1959, side+out+1990, class+1983, lilians+story+1996, 745 ms"
"2022-02-08T19:14:26.825240,287962,recommendation request 17645-team17.isri.cmu.edu:8082, status 200, result: remember+me+2010, rollerball+1975, man+of+the+year+2006, top+secret+1984, forbidden+zone+1980, suburban+commando+1991, raging+bull+1980, p.s.+2004, the+other+side+of+the+mountain+1975, a+family+thing+1996, spy+kids+3-d+game+over+2003, fulltime+killer+2001, in+too+deep+1999, the+yakuza+1974, albatross+2011, the+wizard+1989, battle+for+terra+2007, the+twilight+saga+breaking+dawn+-+part+1+2011, juice+1992, scarface+1932, 705 ms"
"2022-02-08T19:14:27.452171,176309,recommendation request 17645-team17.isri.cmu.edu:8082, status 200, result: crush+1992, nothing+like+the+holidays+2008, commandments+1997, as+you+like+it+2006, p.s.+2004, my+own+private+idaho+1991, once+around+1991, enough+2002, maze+2000, catchfire+1990, notorious+1946, emma+2009, the+brothers+mcmullen+1995, uncertainty+2009, phoenix+1998, numb+2007, only+you+1994, away+from+her+2006, the+sleeping+dictionary+2003, dedication+2007, 428 ms"
"2022-02-08T19:14:27.510523,31582,recommendation request 17645-team17.isri.cmu.edu:8082, status 200, result: the+killing+fields+1984, about+last+night...+1986, 8+seconds+1994, punchline+1988, bad+grandpa+2013, coming+to+america+1988, strayed+2003, p.s.+2004, all+the+mornings+of+the+world+1991, that+was+then...+this+is+now+1985, maze+2000, a+day+in+the+country+1936, frozen+2007, emma+2009, birdy+1984, green+card+1990, club+paradise+1986, harem+1985, lady+chatterley+2006, albatross+2011, 464 ms"
"2022-02-08T19:14:27.521018,77943,recommendation request 17645-team17.isri.cmu.edu:8082, status 200, result: the+glimmer+man+1996, drop+zone+1994, rollerball+1975, barbershop+2002, star+wars+episode+iii+-+revenge+of+the+sith+2005, the+high+and+the+mighty+1954, lethal+weapon+3+1992, without+a+paddle+2004, another+thin+man+1939, the+saint+1997, planet+of+the+apes+2001, wake+of+death+2004, desk+set+1957, changing+lanes+2002, out+to+sea+1997, above+the+law+1988, hopscotch+1980, private+lives+1931, phantoms+1998, babes+in+toyland+1934, 479 ms"
"2022-02-08T19:14:27.534378,72427,recommendation request 17645-team17.isri.cmu.edu:8082, status 200, result: cry+freedom+1987, johnny+dangerously+1984, the+house+on+92nd+street+1945, the+waterboy+1998, class+reunion+1982, the+air+i+breathe+2007, rapid+fire+1992, off+limits+1988, angelas+ashes+1999, once+around+1991, that+was+then...+this+is+now+1985, the+driver+1978, dick+1999, cabin+boy+1994, nighthawks+1981, killing+zoe+1993, dead+tired+1994, scenes+from+a+mall+1991, erin+brockovich+2000, iceman+1984, 484 ms"
"2022-02-08T19:14:27.609860,215756,recommendation request 17645-team17.isri.cmu.edu:8082, status 200, result: shampoo+1975, eyewitness+1981, coldblooded+1995, desert+blue+1999, p.s.+2004, a+goofy+movie+1995, dont+move+2004, maze+2000, fuck+2005, freaky+friday+1976, your+friends++neighbors+1998, dumb+and+dumber+to+2014, random+hearts+1999, the+brothers+2001, winnie+the+pooh+2011, junebug+2005, shes+having+a+baby+1988, crush+2001, texasville+1990, hopscotch+1980, 572 ms"
"2022-02-08T19:14:27.666171,250237,recommendation request 17645-team17.isri.cmu.edu:8082, status 200, result: drop+zone+1994, arranged+2007, six+pack+1982, p.s.+2004, a+goofy+movie+1995, frenzy+1972, true+crime+1996, the+other+side+of+the+mountain+1975, maze+2000, incognito+1997, a+family+thing+1996, without+a+paddle+2004, freaky+friday+1976, ice+castles+1978, harry+and+tonto+1974, the+letter+1940, phoenix+1998, wake+of+death+2004, the+yakuza+1974, the+brothers+2001, 619 ms"
"2022-02-08T19:14:27.675777,266515,recommendation request 17645-team17.isri.cmu.edu:8082, status 200, result: curdled+1996, rollerball+1975, mary+poppins+1964, frenzy+1972, true+crime+1996, the+addams+family+1991, vision+quest+1985, freaky+friday+1976, a+little+princess+1995, lucie+aubrac+1997, the+witches+of+eastwick+1987, planet+of+the+apes+2001, junebug+2005, shes+having+a+baby+1988, the+hitch-hiker+1953, mobsters+1991, side+out+1990, my+one+and+only+2009, spasmo+1974, they+made+me+a+criminal+1939, 603 ms"
"2022-02-08T19:14:27.705632,297189,recommendation request 17645-team17.isri.cmu.edu:8082, status 200, result: rollerball+1975, barbershop+2002, dark+alibi+1946, star+wars+episode+iii+-+revenge+of+the+sith+2005, frenzy+1972, the+other+side+of+the+mountain+1975, birdy+1984, another+thin+man+1939, harem+1985, planet+of+the+apes+2001, junebug+2005, bottle+rocket+1996, an+education+2009, island+2011, heartbreakers+2001, ali+2001, eight+men+out+1988, my+one+and+only+2009, breakfast+on+pluto+2005, spasmo+1974, 647 ms"
"2022-02-08T19:14:28.367796,300222,recommendation request 17645-team17.isri.cmu.edu:8082, status 200, result: a+nightmare+on+elm+street+part+2+freddys+revenge+1985, the+parent+trap+1998, the+five+senses+1999, barbershop+2002, melody+time+1948, notting+hill+1999, p.s.+2004, how+i+won+the+war+1967, the+country+bears+2002, snow+dogs+2002, maze+2000, the+aristocats+1970, a+family+thing+1996, father+of+the+bride+1991, cabin+boy+1994, detective+story+1951, a+little+princess+1995, another+thin+man+1939, critters+1986, saludos+amigos+1942, 239 ms"
"2022-02-08T19:14:28.491532,230527,recommendation request 17645-team17.isri.cmu.edu:8082, status 200, result: drop+zone+1994, rollerball+1975, the+longest+day+1962, star+wars+episode+iii+-+revenge+of+the+sith+2005, last+holiday+2006, p.s.+2004, lifeboat+1944, the+last+legion+2007, grand+illusion+1937, gumby+the+movie+1995, the+island+1980, planet+of+the+apes+2001, evil+dead+ii+1987, shes+having+a+baby+1988, in+harms+way+1965, kull+the+conqueror+1997, king+kong+lives+1986, dragon+ball+z+the+tree+of+might+1990, lifted+2006, oh_+god+book+ii+1980, 288 ms"
"2022-02-08T19:14:29.355923,295478,recommendation request 17645-team17.isri.cmu.edu:8082, status 200, result: city+lights+1931, cry+freedom+1987, bob+roberts+1992, agnes+of+god+1985, the+proprietor+1996, who+am+i+1998, missing+1982, that+was+then...+this+is+now+1985, running+out+of+time+1999, die+another+day+2002, for+your+eyes+only+1981, 21+2008, striptease+1996, assisted+living+2005, silver+city+2004, a+patch+of+blue+1965, clockwatchers+1997, restoration+1995, goldfinger+1964, junebug+2005, 341 ms"
"2022-02-08T19:14:29.481414,272430,recommendation request 17645-team17.isri.cmu.edu:8082, status 200, result: shampoo+1975, cant+hardly+wait+1998, barbershop+2002, now_+voyager+1942, suddenly+1954, gorky+park+1983, that+was+then...+this+is+now+1985, maze+2000, code+of+silence+1985, emma+2009, birdy+1984, the+falcon+and+the+snowman+1985, another+thin+man+1939, the+letter+1940, phoenix+1998, harem+1985, away+from+her+2006, dedication+2007, aspen+extreme+1993, crush+2001, 457 ms"
"2022-02-08T19:14:29.471548,53355,recommendation request 17645-team17.isri.cmu.edu:8082, status 200, result: can-can+1960, new+police+story+2004, melody+time+1948, 8+seconds+1994, nine+lives+2005, the+brave+1997, strayed+2003, johnny+english+reborn+2011, lola+1961, running+out+of+time+1999, same+time_+next+year+1978, five+times+two+2004, the+mother+2003, infernal+affairs+ii+2003, a+better+tomorrow+ii+1987, aladdin+1992, two+english+girls+1971, saludos+amigos+1942, vincent+1982, a+better+tomorrow+1986, 446 ms"
"2022-02-08T19:14:29.568473,158895,recommendation request 17645-team17.isri.cmu.edu:8082, status 400, result: movie 1 not found, 536 ms"
"2022-02-08T19:14:29.578443,141937,recommendation request 17645-team17.isri.cmu.edu:8082, status 200, result: shampoo+1975, rollerball+1975, dark+city+1950, punchline+1988, the+conspiracy+2012, doc+hollywood+1991, p.s.+2004, true+crime+1996, maze+2000, light+it+up+1999, cabin+boy+1994, moving+1988, phoenix+1998, planet+of+the+apes+2001, shes+having+a+baby+1988, crush+2001, jennifer+eight+1992, rushmore+1998, spasmo+1974, hot+to+trot+1988, 561 ms"
"2022-02-08T19:14:29.580657,122597,recommendation request 17645-team17.isri.cmu.edu:8082, status 200, result: im+no+angel+1933, crush+1992, the+good+mother+1988, good+2008, black+sheep+1996, i+do+2013, that+was+then...+this+is+now+1985, brain+donors+1992, cousins+1989, duck+soup+1933, the+company+men+2010, citizens+band+1977, a+shock+to+the+system+1990, all+the+kings+men+1949, men+of+honor+2000, albatross+2011, clockwatchers+1997, animal+crackers+1930, diamond+men+2000, the+silencers+1966, 545 ms"
"2022-02-08T19:14:29.586677,137813,recommendation request 17645-team17.isri.cmu.edu:8082, status 200, result: american+virgin+2000, top+secret+1984, six+pack+1982, 8+seconds+1994, the+golden+voyage+of+sinbad+1973, walle+2008, the+addams+family+1991, lethal+weapon+3+1992, incognito+1997, northfork+2003, a+little+princess+1995, dick+tracy+1990, 42nd+street+1933, moving+1988, apocalypto+2006, one+man+band+2005, the+island+1980, the+saint+1997, gone+in+sixty+seconds+2000, gravity+2013, 556 ms"
"2022-02-08T19:14:30.438712,1754,recommendation request 17645-team17.isri.cmu.edu:8082, status 200, result: drop+zone+1994, the+last+of+the+mohicans+1992, the+gauntlet+1977, the+proprietor+1996, missing+1982, p.s.+2004, mystery_+alaska+1999, 633+squadron+1964, maze+2000, fuck+2005, detective+story+1951, the+godfather+part+iii+1990, the+great+escape+1963, one+eight+seven+1997, four+brothers+2005, the+yakuza+1974, guilty+as+sin+1993, touch+of+evil+1958, island+2011, crush+2001, 365 ms"
"2022-02-08T19:14:31.403822,40698,recommendation request 17645-team17.isri.cmu.edu:8082, status 200, result: eyewitness+1981, die+hard+1988, gotcha+1985, die+hard+with+a+vengeance+1995, rapid+fire+1992, body+of+lies+2008, firestorm+1998, keyhole+2011, the+peacekeeper+1998, babys+day+out+1994, the+abyss+1989, the+truth+about+charlie+2002, titanic+1997, the+young+lions+1958, modesty+blaise+1966, the+hunted+1995, hopscotch+1980, volcano+1997, takedown+2000, they+call+me+bruce+1982, 368 ms"
"2022-02-08T19:14:31.435337,111931,recommendation request 17645-team17.isri.cmu.edu:8082, status 200, result: the+outlaw+josey+wales+1976, cry+freedom+1987, what+doesnt+kill+you+2008, the+five+senses+1999, rio+bravo+1959, frenzy+1972, sling+blade+1996, parking+2008, an+amazing+couple+2002, a+time+to+kill+1996, lifeboat+1944, ice+castles+1978, harry+and+tonto+1974, dry+cleaning+1997, full+speed+1996, the+mighty+1998, junebug+2005, the+juror+1996, from+here+to+eternity+1953, ali+2001, 413 ms"
"2022-02-08T19:14:31.487139,253261,recommendation request 17645-team17.isri.cmu.edu:8082, status 200, result: sleepers+1996, dreamgirls+2006, the+amazing+spider-man+2012, the+golden+voyage+of+sinbad+1973, jungle+fever+1991, a+little+princess+1995, the+letter+1940, phoenix+1998, masterminds+1997, the+yakuza+1974, the+client+1994, albatross+2011, people+like+us+2012, island+2011, conan+the+barbarian+1982, the+women+2008, his+girl+friday+1940, hook+1991, dark+passage+1947, bingo+1991, 422 ms"
"2022-02-08T19:14:31.569616,88692,recommendation request 17645-team17.isri.cmu.edu:8082, status 200, result: eyewitness+1981, bill+cosby+himself+1983, doc+hollywood+1991, a+goofy+movie+1995, p.s.+2004, maze+2000, fuck+2005, freaky+friday+1976, footloose+1984, dont+tell+her+its+me+1990, moving+1988, bachelor+in+paradise+1961, love+crazy+1941, the+brothers+2001, another+earth+2011, beyond+the+sea+2004, on+the+town+1949, the+truman+show+1998, crush+2001, the+women+2008, 530 ms"
"2022-02-08T19:14:31.572307,249995,recommendation request 17645-team17.isri.cmu.edu:8082, status 200, result: sullivans+travels+1941, ed+1996, last+holiday+2006, p.s.+2004, frenzy+1972, deep+rising+1998, the+andromeda+strain+1971, without+a+paddle+2004, northfork+2003, dick+tracy+1990, psycho+1998, apocalypto+2006, the+saint+1997, patriot+games+1992, gone+in+sixty+seconds+2000, coffy+1973, the+wizard+1989, changing+lanes+2002, juice+1992, dinoshark+2010, 484 ms"
"2022-02-08T19:14:31.576462,200270,recommendation request 17645-team17.isri.cmu.edu:8082, status 200, result: ed+1996, major+league+ii+1994, frenzy+1972, the+andromeda+strain+1971, vision+quest+1985, a+little+princess+1995, psycho+1998, moving+1988, love+story+1970, the+witches+of+eastwick+1987, the+letter+1940, the+yakuza+1974, the+wizard+1989, gravity+2013, shes+having+a+baby+1988, the+game+1997, look+whos+talking+too+1990, spasmo+1974, chicken+little+2005, hot+to+trot+1988, 541 ms"
"2022-02-08T19:14:32.482041,134763,recommendation request 17645-team17.isri.cmu.edu:8082, status 200, result: the+island+2005, lethal+weapon+2+1989, lucky+them+2013, good+2008, once+around+1991, the+sting+1973, i+do+2013, that+was+then...+this+is+now+1985, where+the+buffalo+roam+1980, lethal+weapon+3+1992, demolition+man+1993, inception+2010, the+four+seasons+1981, hamlet+1948, suburbia+1996, albatross+2011, clockwatchers+1997, lethal+weapon+1987, the+matrix+revolutions+2003, slap+shot+1977, 297 ms"
"2022-02-08T19:14:32.493152,117772,recommendation request 17645-team17.isri.cmu.edu:8082, status 200, result: eyewitness+1981, rollerball+1975, six+pack+1982, courage+under+fire+1996, the+other+side+of+the+mountain+1975, vision+quest+1985, a+little+princess+1995, birdy+1984, casper+1995, the+witches+of+eastwick+1987, phoenix+1998, harem+1985, planet+of+the+apes+2001, jurassic+park+1993, an+education+2009, island+2011, desert+hearts+1985, hook+1991, eight+men+out+1988, today+you+die+2005, 315 ms"
"2022-02-08T19:14:33.234817,227144,recommendation request 17645-team17.isri.cmu.edu:8082, status 200, result: drop+zone+1994, major+league+ii+1994, p.s.+2004, mystery_+alaska+1999, maze+2000, a+time+to+kill+1996, pitch+black+2000, excision+2012, moving+1988, the+saint+1997, the+client+1994, the+brothers+2001, on+deadly+ground+1994, desk+set+1957, out+to+sea+1997, changing+lanes+2002, junebug+2005, crush+2001, above+the+law+1988, untitled+2009, 189 ms"
"2022-02-08T19:14:33.313641,299967,recommendation request 17645-team17.isri.cmu.edu:8082, status 200, result: drop+zone+1994, about+last+night...+1986, p.s.+2004, that+was+then...+this+is+now+1985, maze+2000, star+trek+insurrection+1998, emma+2009, star+trek+iii+the+search+for+spock+1984, old+yeller+1957, shopping+1994, the+saint+1997, rapa+nui+1994, the+princess+and+the+frog+2009, winnie+the+pooh+2011, gravity+2013, only+you+1994, changing+lanes+2002, harsh+times+2005, shes+having+a+baby+1988, dedication+2007, 228 ms"
"2022-02-08T19:14:33.368667,22906,recommendation request 17645-team17.isri.cmu.edu:8082, status 200, result: the+five+senses+1999, raging+bull+1980, the+other+side+of+the+mountain+1975, lethal+weapon+3+1992, gods+not+dead+2014, vision+quest+1985, frozen+2007, a+little+princess+1995, detective+story+1951, the+godfather+part+iii+1990, beyond+2010, the+witches+of+eastwick+1987, the+letter+1940, malice+1993, stonewall+1995, the+matrix+revolutions+2003, we+are+the+best+2013, the+truman+show+1998, an+education+2009, island+2011, 261 ms"
"2022-02-08T19:14:34.494583,235560,recommendation request 17645-team17.isri.cmu.edu:8082, status 200, result: love+and+death+1975, dial+m+for+murder+1954, in+the+mouth+of+madness+1994, major+league+ii+1994, frenzy+1972, true+crime+1996, midnight+1939, lethal+weapon+3+1992, cq+2001, a+family+thing+1996, armageddon+1998, moving+1988, breakout+1975, so+fine+1981, the+matrix+1999, today+you+die+2005, spasmo+1974, hot+to+trot+1988, they+made+me+a+criminal+1939, bulletproof+1996, 380 ms"
"2022-02-08T19:14:34.515633,55141,recommendation request 17645-team17.isri.cmu.edu:8082, status 200, result: rollerball+1975, intersection+1994, p.s.+2004, red+dawn+1984, lethal+weapon+3+1992, nims+island+2008, dick+tracy+1990, birdy+1984, big+trouble+2002, planet+of+the+apes+2001, serial+1980, mobsters+1991, the+incredible+hulk+2008, hook+1991, bulletproof+1996, little+murders+1971, snakes+on+a+plane+2006, benji+1974, fire+down+below+1997, back+to+the+future+part+ii+1989, 380 ms"
"2022-02-08T19:14:34.516244,31695,recommendation request 17645-team17.isri.cmu.edu:8082, status 200, result: top+secret+1984, about+last+night...+1986, the+gauntlet+1977, frenzy+1972, true+crime+1996, the+addams+family+1991, lethal+weapon+3+1992, maze+2000, a+little+princess+1995, dick+tracy+1990, harry+and+tonto+1974, the+yakuza+1974, junebug+2005, crush+2001, side+out+1990, my+one+and+only+2009, breakfast+on+pluto+2005, spasmo+1974, they+made+me+a+criminal+1939, bulletproof+1996, 408 ms"
"2022-02-08T19:14:34.517920,249930,recommendation request 17645-team17.isri.cmu.edu:8082, status 200, result: cry+freedom+1987, royal+deceit+1994, p.s.+2004, courage+under+fire+1996, maze+2000, edward+scissorhands+1990, the+brothers+mcmullen+1995, the+verdict+1982, the+island+1980, the+brothers+2001, beyond+the+sea+2004, from+dusk+till+dawn+1996, island+2011, mighty+aphrodite+1995, crush+2001, above+the+law+1988, 7+seconds+2005, juno+2007, rumble+fish+1983, airport+1975+1974, 464 ms"
"2022-02-08T19:14:34.537717,261095,recommendation request 17645-team17.isri.cmu.edu:8082, status 200, result: toys+1992, cry+freedom+1987, heart+condition+1990, the+high+and+the+mighty+1954, enough+2002, that+was+then...+this+is+now+1985, sheena+1984, nims+island+2008, erin+brockovich+2000, santa+claus+conquers+the+martians+1964, have+rocket_+will+travel+1959, time+after+time+1979, the+three+stooges+in+orbit+1962, above+the+law+1988, hook+1991, high+sierra+1941, atl+2006, little+monsters+1989, holiday+1938, melvin+and+howard+1980, 441 ms"
"2022-02-08T19:14:35.457784,202163,recommendation request 17645-team17.isri.cmu.edu:8082, status 200, result: drop+zone+1994, rollerball+1975, switchback+1997, barbershop+2002, drunken+angel+1948, the+snowman+1982, the+conspiracy+2012, star+wars+episode+iii+-+revenge+of+the+sith+2005, cookie+1989, solomon+kane+2009, identity+2003, nims+island+2008, casper+1995, another+thin+man+1939, the+saint+1997, planet+of+the+apes+2001, sanjuro+1962, changing+lanes+2002, body+double+1984, conan+the+barbarian+1982, 305 ms"
"2022-02-08T19:14:36.407840,272377,recommendation request 17645-team17.isri.cmu.edu:8082, status 200, result: remember+me+2010, shampoo+1975, drop+zone+1994, switchback+1997, cry+freedom+1987, what+doesnt+kill+you+2008, raging+bull+1980, the+snowman+1982, frenzy+1972, big+hero+6+2014, maze+2000, macgruber+2010, the+aristocats+1970, a+family+thing+1996, without+a+paddle+2004, a+time+to+kill+1996, wake+of+death+2004, albatross+2011, beneath+the+planet+of+the+apes+1970, jurassic+park+1993, 312 ms"
"2022-02-08T19:14:36.516069,302071,recommendation request 17645-team17.isri.cmu.edu:8082, status 200, result: rollerball+1975, robot+stories+2003, the+proprietor+1996, star+wars+episode+iii+-+revenge+of+the+sith+2005, the+brother+from+another+planet+1984, desert+blue+1999, northfork+2003, detective+story+1951, casper+1995, splash+1984, your+friends++neighbors+1998, the+old+dark+house+1932, marooned+1969, another+earth+2011, junebug+2005, shes+having+a+baby+1988, rat+2001, the+incredible+hulk+2008, ali+2001, last+night+1998, 354 ms"
"2022-02-08T19:14:36.543165,14033,recommendation request 17645-team17.isri.cmu.edu:8082, status 200, result: life+is+beautiful+1997, rio+2+2014, the+five+senses+1999, about+last+night...+1986, edmond+2005, lockout+2012, last+holiday+2006, red+dawn+1984, barbarosa+1982, light+it+up+1999, the+aristocats+1970, the+wash+2001, jungle+fever+1991, haywire+2011, the+island+1980, wake+of+death+2004, look+whos+talking+too+1990, side+out+1990, from+the+hip+1987, hopscotch+1980, 443 ms"
"2022-02-08T19:14:36.541081,109191,recommendation request 17645-team17.isri.cmu.edu:8082, status 200, result: the+gauntlet+1977, royal+deceit+1994, the+next+three+days+2010, true+crime+1996, the+dance+of+reality+2013, fuck+2005, detective+story+1951, the+yakuza+1974, the+client+1994, the+brave+one+2007, above+the+law+1988, 7+seconds+2005, jennifer+eight+1992, ratatouille+2007, lassie+2005, they+made+me+a+criminal+1939, jonah+hex+2010, dead+bang+1989, fire+down+below+1997, beyond+the+poseidon+adventure+1979, 423 ms"
"2022-02-08T19:14:37.463001,171916,recommendation request 17645-team17.isri.cmu.edu:8082, status 200, result: drop+zone+1994, about+last+night...+1986, frenzy+1972, maze+2000, without+a+paddle+2004, father+of+the+bride+1991, cabin+boy+1994, wake+of+death+2004, bully+2011, the+mighty+1998, running+scared+1986, desk+set+1957, out+to+sea+1997, changing+lanes+2002, crush+2001, side+out+1990, hopscotch+1980, jennifer+eight+1992, today+you+die+2005, the+professional+1981, 316 ms"
"2022-02-08T19:14:37.484166,244842,recommendation request 17645-team17.isri.cmu.edu:8082, status 200, result: the+glimmer+man+1996, top+secret+1984, 8+seconds+1994, the+high+and+the+mighty+1954, circus+2000, the+addams+family+1991, the+last+minute+2001, a+time+to+kill+1996, lethal+weapon+3+1992, a+little+princess+1995, green+card+1990, striptease+1996, misery+1990, dead+reckoning+1947, the+yakuza+1974, a+man+and+a+woman+1966, frantic+1988, gordy+1995, island+2011, in+hell+2003, 374 ms"
"2022-02-08T19:14:37.508597,2837,recommendation request 17645-team17.isri.cmu.edu:8082, status 200, result: drop+zone+1994, serpico+1973, that+was+then...+this+is+now+1985, detective+story+1951, z+1969, chronicle+2012, 21+2008, striptease+1996, dead+reckoning+1947, four+brothers+2005, malice+1993, another+earth+2011, the+big+heat+1953, sonny+2002, sleeping+with+the+enemy+1991, threads+1984, the+two+jakes+1990, jennifer+eight+1992, baby+boy+2001, the+godfather+part+ii+1974, 378 ms"
"2022-02-08T19:14:37.502987,72263,recommendation request 17645-team17.isri.cmu.edu:8082, status 200, result: drop+zone+1994, the+house+of+yes+1997, 8+seconds+1994, p.s.+2004, sling+blade+1996, light+it+up+1999, maze+2000, without+a+paddle+2004, birdy+1984, the+verdict+1982, wake+of+death+2004, the+brothers+2001, the+mighty+1998, the+truman+show+1998, changing+lanes+2002, crush+2001, m.+butterfly+1993, fail+safe+2000, quartet+1981, hopscotch+1980, 355 ms"
"2022-02-08T19:14:38.548549,245142,recommendation request 17645-team17.isri.cmu.edu:8082, status 200, result: rio+2+2014, rollerball+1975, melody+time+1948, 8+seconds+1994, last+holiday+2006, street+fighter+the+legend+of+chun-li+2009, a+goofy+movie+1995, crossroads+2002, lethal+weapon+3+1992, the+aristocats+1970, without+a+paddle+2004, freaky+friday+1976, dick+tracy+1990, johnny+english+2003, masterminds+1997, the+island+1980, saludos+amigos+1942, planet+of+the+apes+2001, kull+the+conqueror+1997, the+women+2008, 487 ms"
"2022-02-08T19:14:38.615333,51135,recommendation request 17645-team17.isri.cmu.edu:8082, status 200, result: drop+zone+1994, a+goofy+movie+1995, the+other+side+of+the+mountain+1975, a+time+to+kill+1996, without+a+paddle+2004, freaky+friday+1976, ice+castles+1978, masterminds+1997, wake+of+death+2004, the+yakuza+1974, running+scared+1986, serial+1980, changing+lanes+2002, shes+having+a+baby+1988, armed+and+dangerous+1986, from+here+to+eternity+1953, ali+2001, hopscotch+1980, the+loves+of+carmen+1948, the+emperors+new+groove+2000, 440 ms"
"2022-02-08T19:14:38.696020,179256,recommendation request 17645-team17.isri.cmu.edu:8082, status 200, result: curdled+1996, mata+hari+1931, taps+1981, across+the+wide+missouri+1951, six+pack+1982, head+1968, the+last+of+the+mohicans+1992, the+longest+day+1962, circus+2000, labyrinth+1986, shaft+in+africa+1973, that+was+then...+this+is+now+1985, 633+squadron+1964, the+bridge+1959, the+lookout+2007, splash+1984, 3+godfathers+1948, the+verdict+1982, the+old+dark+house+1932, heidi+1937, 629 ms"
"2022-02-08T19:14:38.695962,269018,recommendation request 17645-team17.isri.cmu.edu:8082, status 200, result: the+gauntlet+1977, family+plot+1976, missing+1982, true+crime+1996, the+next+three+days+2010, mystery_+alaska+1999, frenzy+1972, a+time+to+kill+1996, a+little+princess+1995, big+trouble+2002, paintball+2009, masterminds+1997, phoenix+1998, one+eight+seven+1997, guilty+as+sin+1993, the+letter+1940, gone+in+sixty+seconds+2000, island+2011, above+the+law+1988, 7+seconds+2005, 520 ms"
"2022-02-08T19:14:38.702176,254336,recommendation request 17645-team17.isri.cmu.edu:8082, status 200, result: gleaming+the+cube+1989, the+five+senses+1999, raging+bull+1980, frenzy+1972, crossroads+2002, the+andromeda+strain+1971, a+family+thing+1996, nims+island+2008, psycho+1998, the+next+karate+kid+1994, grand+canyon+1991, the+verdict+1982, dead+reckoning+1947, the+letter+1940, the+water+horse+2007, eragon+2006, above+the+law+1988, hook+1991, eight+men+out+1988, a+knights+tale+2001, 640 ms"
"2022-02-08T19:14:38.700730,198344,recommendation request 17645-team17.isri.cmu.edu:8082, status 200, result: curdled+1996, mary+poppins+1964, notting+hill+1999, a+goofy+movie+1995, p.s.+2004, red+dawn+1984, maze+2000, the+addams+family+1991, vision+quest+1985, freaky+friday+1976, a+little+princess+1995, forrest+gump+1994, love+story+1970, the+witches+of+eastwick+1987, the+brothers+2001, my+beautiful+laundrette+1985, shes+having+a+baby+1988, the+hitch-hiker+1953, crush+2001, the+incredible+hulk+2008, 517 ms"
"2022-02-08T19:14:39.386395,306580,recommendation request 17645-team17.isri.cmu.edu:8082, status 200, result: a+goofy+movie+1995, little+secrets+2001, red+dawn+1984, p.s.+2004, the+other+side+of+the+mountain+1975, one+little+indian+1973, maze+2000, vision+quest+1985, freaky+friday+1976, ice+castles+1978, iris+2001, the+witches+of+eastwick+1987, patriot+games+1992, the+brothers+2001, winnie+the+pooh+2011, an+education+2009, juice+1992, the+living+daylights+1987, from+here+to+eternity+1953, ali+2001, 283 ms"
"2022-02-08T19:14:39.380202,184180,recommendation request 17645-team17.isri.cmu.edu:8082, status 200, result: the+magnificent+ambersons+1942, melody+time+1948, raging+bull+1980, frenzy+1972, walle+2008, that+was+then...+this+is+now+1985, east+of+eden+1955, the+last+minute+2001, the+aristocats+1970, one+hundred+and+one+dalmatians+1961, saludos+amigos+1942, pinocchio+1940, cars+2+2011, renegades+1989, juice+1992, island+2011, laura+1944, fearless+1993, rocky+iii+1982, mobsters+1991, 272 ms"
"2022-02-08T19:14:39.483208,83400,recommendation request 17645-team17.isri.cmu.edu:8082, status 200, result: helen+of+troy+1956, fall+1997, coldblooded+1995, the+last+of+the+mohicans+1992, nine+lives+2005, if+lucy+fell+1996, notting+hill+1999, p.s.+2004, maze+2000, emma+2009, dumb+and+dumber+to+2014, burlesque+2010, the+brothers+2001, the+suburbans+1999, my+beautiful+laundrette+1985, only+you+1994, the+princess+and+the+frog+2009, winnie+the+pooh+2011, dedication+2007, for+keeps+1988, 342 ms"
"2022-02-08T19:14:41.396690,218587,recommendation request 17645-team17.isri.cmu.edu:8082, status 200, result: cry+freedom+1987, agnes+of+god+1985, leaving+normal+1992, the+proprietor+1996, notting+hill+1999, p.s.+2004, a+goofy+movie+1995, frenzy+1972, maze+2000, freaky+friday+1976, z+1969, where+the+heart+is+2000, the+devils+1971, the+brothers+2001, my+beautiful+laundrette+1985, waiting+to+exhale+1995, crush+2001, ali+2001, ever+after+a+cinderella+story+1998, from+the+hip+1987, 321 ms"
"2022-02-08T19:14:41.468376,11149,recommendation request 17645-team17.isri.cmu.edu:8082, status 200, result: gleaming+the+cube+1989, and+now...+ladies+and+gentlemen...+2002, sleepers+1996, the+gauntlet+1977, intersection+1994, paths+of+glory+1957, the+conspiracy+2012, frenzy+1972, loving+you+1957, how+i+won+the+war+1967, light+it+up+1999, a+time+to+kill+1996, birdy+1984, fulltime+killer+2001, in+too+deep+1999, the+verdict+1982, guilty+as+sin+1993, hackers+1995, juice+1992, island+2011, 393 ms"
"2022-02-08T19:14:41.465170,272159,recommendation request 17645-team17.isri.cmu.edu:8082, status 200, result: edmond+2005, the+five+senses+1999, arranged+2007, oh_+god+1977, raging+bull+1980, rain+man+1988, p.s.+2004, warriors+2002, contempt+1963, a+family+thing+1996, detective+story+1951, the+pompatus+of+love+1996, r100+2013, moving+1988, love+story+1970, even+the+rain+2010, holy+motors+2012, the+yakuza+1974, people+like+us+2012, the+truman+show+1998, 386 ms"
"2022-02-08T19:14:42.418746,135902,recommendation request 17645-team17.isri.cmu.edu:8082, status 200, result: the+wind+will+carry+us+1999, barbershop+2002, street+fighter+the+legend+of+chun-li+2009, p.s.+2004, dont+move+2004, maze+2000, nine+queens+2000, the+last+legion+2007, pitch+black+2000, the+brothers+mcmullen+1995, another+thin+man+1939, one+eight+seven+1997, the+island+1980, planet+of+the+apes+2001, fabled+2002, the+matrix+revolutions+2003, kull+the+conqueror+1997, crush+2001, juno+2007, conan+the+destroyer+1984, 400 ms"
"2022-02-08T19:14:42.456899,265709,recommendation request 17645-team17.isri.cmu.edu:8082, status 200, result: shampoo+1975, the+nest+2002, intersection+1994, punchline+1988, missing+1982, the+official+story+1985, changeling+2008, parker+2013, birdy+1984, the+social+network+2010, in+too+deep+1999, dead+reckoning+1947, where+the+heart+is+2000, beyond+the+sea+2004, junebug+2005, serial+1980, waiting+to+exhale+1995, crush+2001, ever+after+a+cinderella+story+1998, his+girl+friday+1940, 379 ms"
"2022-02-08T19:14:42.414353,39676,recommendation request 17645-team17.isri.cmu.edu:8082, status 200, result: eyewitness+1981, cry+freedom+1987, what+doesnt+kill+you+2008, barbershop+2002, the+red+shoes+1948, frenzy+1972, loving+you+1957, courage+under+fire+1996, the+other+side+of+the+mountain+1975, a+time+to+kill+1996, freaky+friday+1976, forrest+gump+1994, another+thin+man+1939, moving+1988, the+letter+1940, free+willy+3+the+rescue+1997, shes+having+a+baby+1988, m.+butterfly+1993, heartbreakers+2001, the+fury+1978, 391 ms"
"2022-02-08T19:14:42.427774,65678,recommendation request 17645-team17.isri.cmu.edu:8082, status 200, result: arranged+2007, agnes+of+god+1985, the+proprietor+1996, the+watch+2012, lifeboat+1944, chronicle+2012, phoenix+1998, planet+of+the+apes+2001, geronimo+an+american+legend+1993, above+the+law+1988, escape+from+the+planet+of+the+apes+1971, the+idolmaker+1980, sucker+punch+2011, silverado+1985, fire+down+below+1997, captain+horatio+hornblower+r.n.+1951, wyatt+earp+1994, l.i.e.+2001, salvador+1986, the+element+of+crime+1984, 375 ms"
"2022-02-08T19:14:43.448430,303505,recommendation request 17645-team17.isri.cmu.edu:8082, status 200, result: american+virgin+2000, eyewitness+1981, rollerball+1975, the+conspiracy+2012, doc+hollywood+1991, p.s.+2004, true+crime+1996, national+lampoons+van+wilder+2002, nims+island+2008, moving+1988, national+lampoons+vacation+1983, planet+of+the+apes+2001, macabre+1958, shes+having+a+baby+1988, the+juror+1996, hook+1991, today+you+die+2005, eating+raoul+1982, an+american+werewolf+in+paris+1997, hall+pass+2011, 356 ms"
"2022-02-08T19:14:43.509450,179567,recommendation request 17645-team17.isri.cmu.edu:8082, status 200, result: north+by+northwest+1959, rollerball+1975, about+last+night...+1986, p.s.+2004, maze+2000, fuck+2005, gods+not+dead+2014, bean+1997, hot+tub+time+machine+2010, planet+of+the+apes+2001, the+brothers+2001, junebug+2005, look+whos+talking+too+1990, crush+2001, side+out+1990, remember+the+night+1940, outrage+2009, man+on+the+moon+1999, patton+1970, gung+ho+1986, 372 ms"
"2022-02-08T19:14:43.543566,247949,recommendation request 17645-team17.isri.cmu.edu:8082, status 200, result: about+last+night...+1986, 23+1998, the+proprietor+1996, p.s.+2004, show+boat+1951, edward+scissorhands+1990, lethal+weapon+3+1992, cabin+boy+1994, dick+tracy+1990, cadillac+man+1990, the+verdict+1982, bachelor+in+paradise+1961, love+crazy+1941, stonewall+1995, on+the+town+1949, the+object+of+beauty+1991, junebug+2005, look+whos+talking+too+1990, island+2011, side+out+1990, 437 ms"
"2022-02-08T19:14:43.547259,30426,recommendation request 17645-team17.isri.cmu.edu:8082, status 200, result: sullivans+travels+1941, life+is+beautiful+1997, switchback+1997, rollerball+1975, the+five+senses+1999, capricorn+one+1977, last+holiday+2006, star+wars+episode+iii+-+revenge+of+the+sith+2005, cookie+1989, contempt+1963, without+a+paddle+2004, chronicle+2012, bachelor+in+paradise+1961, love+crazy+1941, lionheart+1990, paparazzi+2004, the+yakuza+1974, planet+of+the+apes+2001, gravity+2013, on+the+town+1949, 399 ms"
"2022-02-08T19:14:44.353614,98759,recommendation request 17645-team17.isri.cmu.edu:8082, status 200, result: melody+time+1948, notting+hill+1999, p.s.+2004, frenzy+1972, that+darn+cat+1965, maze+2000, the+aristocats+1970, one+hundred+and+one+dalmatians+1961, emma+2009, saludos+amigos+1942, the+brothers+2001, vincent+1982, my+beautiful+laundrette+1985, only+you+1994, renegades+1989, pinocchio+1940, dedication+2007, juice+1992, crush+2001, mobsters+1991, 288 ms"
"2022-02-08T19:14:44.438125,121755,recommendation request 17645-team17.isri.cmu.edu:8082, status 200, result: the+believers+1987, raging+bull+1980, p.s.+2004, true+crime+1996, maze+2000, the+hound+of+the+baskervilles+1978, nims+island+2008, in+too+deep+1999, the+letter+1940, mercenary+for+justice+2006, island+2011, crush+2001, m.+butterfly+1993, hook+1991, 7+seconds+2005, bingo+1991, spasmo+1974, last+man+standing+1996, snakes+on+a+plane+2006, benji+1974, 376 ms"
"2022-02-08T19:14:44.484339,14629,recommendation request 17645-team17.isri.cmu.edu:8082, status 200, result: all+about+my+mother+1999, the+five+senses+1999, and+now...+ladies+and+gentlemen...+2002, criminal+law+1988, my+man+godfrey+1957, ed+1996, intersection+1994, last+holiday+2006, desert+blue+1999, p.s.+2004, the+lucky+ones+2008, mystery_+alaska+1999, lifeboat+1944, phoenix+1998, hackers+1995, the+matrix+revolutions+2003, junebug+2005, juice+1992, mobsters+1991, from+here+to+eternity+1953, 377 ms"
"2022-02-08T19:14:44.491236,225652,recommendation request 17645-team17.isri.cmu.edu:8082, status 200, result: remember+me+2010, cry+freedom+1987, rollerball+1975, barbershop+2002, the+house+of+yes+1997, the+longest+day+1962, the+proprietor+1996, p.s.+2004, sling+blade+1996, nims+island+2008, birdy+1984, tap+1989, lifeboat+1944, grand+illusion+1937, another+thin+man+1939, z+1969, planet+of+the+apes+2001, albatross+2011, for+keeps+1988, the+mighty+1998, 414 ms"
"2022-02-08T19:14:45.442276,76198,recommendation request 17645-team17.isri.cmu.edu:8082, status 200, result: the+cat+in+the+hat+2003, ed+1996, a+goofy+movie+1995, in+the+line+of+fire+1993, freaky+friday+1976, a+little+princess+1995, gumby+the+movie+1995, the+flight+of+dragons+1982, dead+reckoning+1947, malice+1993, how+the+grinch+stole+christmas+2000, the+incredible+hulk+2008, hook+1991, the+emperors+new+groove+2000, bingo+1991, absolute+power+1997, ratatouille+2007, chicken+little+2005, shrek+the+third+2007, beyond+the+poseidon+adventure+1979, 406 ms"
"2022-02-08T19:14:45.476204,283060,recommendation request 17645-team17.isri.cmu.edu:8082, status 200, result: curdled+1996, rollerball+1975, edmond+2005, star+wars+episode+iii+-+revenge+of+the+sith+2005, sling+blade+1996, light+it+up+1999, code+of+silence+1985, a+time+to+kill+1996, public+access+1993, the+letter+1940, phoenix+1998, planet+of+the+apes+2001, the+yakuza+1974, the+client+1994, fabled+2002, the+hitch-hiker+1953, mobsters+1991, the+hot+spot+1990, they+made+me+a+criminal+1939, boy+a+2007, 430 ms"
"2022-02-08T19:14:45.482175,173671,recommendation request 17645-team17.isri.cmu.edu:8082, status 200, result: taps+1981, chasers+1994, the+replacements+2000, the+late+show+1977, major+league+ii+1994, sherlock_+jr.+1924, courage+under+fire+1996, the+three+faces+of+eve+1957, that+was+then...+this+is+now+1985, edward+scissorhands+1990, big+bully+1996, disorderlies+1987, moving+1988, the+verdict+1982, chill+factor+1999, freejack+1992, the+boston+strangler+1968, juwanna+mann+2002, so+fine+1981, funny+farm+1988, 400 ms"
"2022-02-08T19:14:45.501091,118156,recommendation request 17645-team17.isri.cmu.edu:8082, status 200, result: mickeys+once+upon+a+christmas+1999, about+last+night...+1986, the+last+of+the+mohicans+1992, the+longest+day+1962, last+holiday+2006, p.s.+2004, true+crime+1996, the+next+three+days+2010, maze+2000, 633+squadron+1964, birdy+1984, chicken+run+2000, harem+1985, the+brothers+2001, crush+2001, side+out+1990, hook+1991, 7+seconds+2005, hopscotch+1980, untitled+2009, 466 ms"
"2022-02-08T19:14:46.443050,300116,recommendation request 17645-team17.isri.cmu.edu:8082, status 200, result: about+last+night...+1986, top+secret+1984, faraway_+so+close+1993, husbands+and+wives+1992, commandments+1997, for+the+birds+2000, jumanji+1995, walle+2008, maze+2000, the+addams+family+1991, as+good+as+it+gets+1997, alice+in+wonderland+1933, emma+2009, a+little+princess+1995, the+10th+kingdom+2000, it+could+happen+to+you+1994, toy+story+of+terror+2013, numb+2007, only+you+1994, cars+2+2011, 426 ms"
"2022-02-08T19:14:46.477762,239361,recommendation request 17645-team17.isri.cmu.edu:8082, status 200, result: commandments+1997, p.s.+2004, once+around+1991, that+was+then...+this+is+now+1985, maze+2000, levity+2003, emma+2009, the+four+seasons+1981, the+company+2003, numb+2007, youre+a+big+boy+now+1966, the+brothers+2001, only+you+1994, and+then+there+were+none+1945, dedication+2007, sonny+2002, crush+2001, redbelt+2008, elsewhere+2009, auto+focus+2002, 450 ms"
"2022-02-08T19:14:47.485732,235347,recommendation request 17645-team17.isri.cmu.edu:8082, status 200, result: dark+city+1950, the+last+of+the+mohicans+1992, the+snowman+1982, the+conspiracy+2012, how+i+won+the+war+1967, macgruber+2010, gumby+the+movie+1995, silver+city+2004, the+brood+1979, the+yakuza+1974, 9+2005, shivers+1975, gravity+2013, macabre+1958, the+game+1997, from+dusk+till+dawn+1996, conan+the+barbarian+1982, lifted+2006, above+the+law+1988, hopscotch+1980, 472 ms"
"2022-02-08T19:14:47.485496,63729,recommendation request 17645-team17.isri.cmu.edu:8082, status 200, result: rollerball+1975, the+golden+voyage+of+sinbad+1973, nims+island+2008, dick+tracy+1990, pitch+black+2000, apocalypto+2006, the+island+1980, the+saint+1997, planet+of+the+apes+2001, gone+in+sixty+seconds+2000, the+blue+max+1966, beneath+the+planet+of+the+apes+1970, kull+the+conqueror+1997, conan+the+barbarian+1982, hook+1991, bingo+1991, escape+from+the+planet+of+the+apes+1971, spasmo+1974, starship+troopers+1997, dungeons++dragons+2000, 471 ms"
"2022-02-08T19:14:47.564922,260512,recommendation request 17645-team17.isri.cmu.edu:8082, status 200, result: dead+of+winter+1987, the+cat+in+the+hat+2003, arranged+2007, and+now...+ladies+and+gentlemen...+2002, six+pack+1982, 8+seconds+1994, ed+1996, frenzy+1972, p.s.+2004, once+bitten+1985, casper+1995, ice+castles+1978, the+island+1980, the+poughkeepsie+tapes+2007, the+wizard+1989, from+here+to+eternity+1953, stromboli+1950, rescue+dawn+2006, melvin+and+howard+1980, poltergeist+iii+1988, 516 ms"
"2022-02-08T19:14:47.573231,114154,recommendation request 17645-team17.isri.cmu.edu:8082, status 200, result: american+virgin+2000, about+last+night...+1986, lockout+2012, missing+1982, true+crime+1996, sling+blade+1996, mystery_+alaska+1999, premium+rush+2012, haywire+2011, taxi+2004, one+eight+seven+1997, guilty+as+sin+1993, the+mighty+1998, look+whos+talking+too+1990, island+2011, from+here+to+eternity+1953, side+out+1990, the+allnighter+1987, dopamine+2003, bring+it+on+again+2004, 523 ms"
"2022-02-08T19:14:47.604871,26845,recommendation request 17645-team17.isri.cmu.edu:8082, status 200, result: gleaming+the+cube+1989, whisper+of+the+heart+1995, the+longest+day+1962, james+and+the+giant+peach+1996, missing+1982, a+goofy+movie+1995, mystery_+alaska+1999, barbarosa+1982, lifeboat+1944, grand+illusion+1937, grand+canyon+1991, the+verdict+1982, one+eight+seven+1997, guilty+as+sin+1993, private+parts+1972, the+poughkeepsie+tapes+2007, the+yakuza+1974, in+harms+way+1965, island+2011, spirited+away+2001, 545 ms"
"2022-02-08T19:14:48.567998,306035,recommendation request 17645-team17.isri.cmu.edu:8082, status 200, result: remember+me+2010, rollerball+1975, p.s.+2004, forrest+gump+1994, critters+1986, the+letter+1940, planet+of+the+apes+2001, albatross+2011, the+comancheros+1961, juice+1992, burnt+offerings+1976, remember+the+night+1940, down+in+the+delta+1998, they+made+me+a+criminal+1939, exodus+1960, heaven++earth+1993, divergent+2014, the+hand+1981, l.i.e.+2001, leap+of+faith+1992, 456 ms"
"2022-02-08T19:14:49.465360,16157,recommendation request 17645-team17.isri.cmu.edu:8082, status 200, result: the+glimmer+man+1996, rollerball+1975, criminal+law+1988, the+dresser+1983, the+last+of+the+mohicans+1992, 23+1998, the+high+and+the+mighty+1954, p.s.+2004, true+crime+1996, the+next+three+days+2010, maze+2000, lethal+weapon+3+1992, light+it+up+1999, gods+not+dead+2014, a+time+to+kill+1996, apocalypto+2006, planet+of+the+apes+2001, gone+in+sixty+seconds+2000, albatross+2011, joy+ride+2001, 402 ms"
"2022-02-08T19:14:49.439187,277764,recommendation request 17645-team17.isri.cmu.edu:8082, status 200, result: cry+freedom+1987, arranged+2007, coldblooded+1995, punchline+1988, city+slickers+1991, notting+hill+1999, p.s.+2004, courage+under+fire+1996, barbarosa+1982, light+it+up+1999, the+other+side+of+the+mountain+1975, maze+2000, bad+girls+1994, ice+castles+1978, big+trouble+2002, moving+1988, dumb+and+dumber+to+2014, blood_+guts_+bullets+and+octane+1998, masterminds+1997, the+brothers+2001, 398 ms"
"2022-02-08T19:14:50.506651,54132,recommendation request 17645-team17.isri.cmu.edu:8082, status 200, result: curdled+1996, rollerball+1975, top+secret+1984, star+wars+episode+iii+-+revenge+of+the+sith+2005, p.s.+2004, the+addams+family+1991, maze+2000, vision+quest+1985, a+little+princess+1995, the+witches+of+eastwick+1987, the+yakuza+1974, planet+of+the+apes+2001, opportunity+knocks+1990, the+hitch-hiker+1953, crush+2001, mobsters+1991, north+1994, the+nuns+story+1959, 10th++wolf+2006, boys+and+girls+2000, 442 ms"
"2022-02-08T19:14:50.514834,95434,recommendation request 17645-team17.isri.cmu.edu:8082, status 200, result: sullivans+travels+1941, drop+zone+1994, about+last+night...+1986, last+holiday+2006, our+song+2000, missing+1982, frenzy+1972, true+crime+1996, my+life+without+me+2003, spirit+stallion+of+the+cimarron+2002, without+a+paddle+2004, the+beverly+hillbillies+1993, one+eight+seven+1997, wake+of+death+2004, the+yakuza+1974, gravity+2013, desk+set+1957, changing+lanes+2002, the+game+1997, look+whos+talking+too+1990, 506 ms"
"2022-02-08T19:14:50.524325,73449,recommendation request 17645-team17.isri.cmu.edu:8082, status 200, result: mickeys+once+upon+a+christmas+1999, mary+poppins+1964, intersection+1994, a+goofy+movie+1995, loving+you+1957, crossroads+2002, p.s.+2004, frenzy+1972, true+crime+1996, lethal+weapon+3+1992, the+addams+family+1991, flashdance+1983, freaky+friday+1976, dick+tracy+1990, chicken+run+2000, my+fair+lady+1964, the+matrix+revolutions+2003, desk+set+1957, out+to+sea+1997, the+brave+one+2007, 438 ms"
"2022-02-08T19:14:50.534367,263125,recommendation request 17645-team17.isri.cmu.edu:8082, status 200, result: rollerball+1975, bill+cosby+himself+1983, frenzy+1972, missing+1982, the+official+story+1985, jungle+fever+1991, gods+not+dead+2014, birdy+1984, romeo+and+juliet+1936, beyond+therapy+1987, today+you+die+2005, chicken+little+2005, bulletproof+1996, the+program+1993, get+real+1998, the+hunchback+of+notre+dame+1996, divergent+2014, l.i.e.+2001, daylight+1996, tangled+2010, 473 ms"
"2022-02-08T19:14:50.540532,16315,recommendation request 17645-team17.isri.cmu.edu:8082, status 200, result: star+trek+into+darkness+2013, drop+zone+1994, the+three+musketeers+1933, star+trek+v+the+final+frontier+1989, cloak++dagger+1984, that+was+then...+this+is+now+1985, k-9+1989, the+avengers+2012, star+trek+nemesis+2002, fist+of+the+north+star+1995, star+trek+insurrection+1998, star+trek+iii+the+search+for+spock+1984, far+and+away+1992, the+hurricane+1937, old+yeller+1957, the+island+1980, the+saint+1997, rapa+nui+1994, changing+lanes+2002, hellfighters+1968, 456 ms"
"2022-02-08T19:14:51.416877,257687,recommendation request 17645-team17.isri.cmu.edu:8082, status 200, result: north+by+northwest+1959, drop+zone+1994, intersection+1994, think+like+a+man+too+2014, billabong+odyssey+2003, p.s.+2004, maze+2000, without+a+paddle+2004, sex+and+the+city+2008, foo+fighters+back+and+forth+2011, bad+girls+1994, another+thin+man+1939, the+verdict+1982, wake+of+death+2004, patriot+games+1992, the+brothers+2001, still+bill+2010, changing+lanes+2002, juice+1992, crush+2001, 326 ms"
"2022-02-08T19:14:51.588465,23259,recommendation request 17645-team17.isri.cmu.edu:8082, status 200, result: replicant+2001, drop+zone+1994, rollerball+1975, top+secret+1984, forbidden+zone+1980, switchback+1997, intersection+1994, mary+poppins+1964, suburban+commando+1991, rancho+deluxe+1975, barbarosa+1982, the+aristocats+1970, spy+kids+3-d+game+over+2003, moving+1988, lightning+jack+1994, the+saint+1997, junebug+2005, the+late+shift+1996, changing+lanes+2002, from+the+hip+1987, 486 ms"
"2022-02-08T19:14:51.885277,276978,recommendation request 17645-team17.isri.cmu.edu:8082, status 200, result: arranged+2007, melody+time+1948, six+pack+1982, a+goofy+movie+1995, red+dawn+1984, deep+rising+1998, the+aristocats+1970, a+time+to+kill+1996, a+family+thing+1996, freaky+friday+1976, incognito+1997, harry+and+tonto+1974, the+letter+1940, phoenix+1998, saludos+amigos+1942, the+yakuza+1974, patriot+games+1992, juice+1992, the+living+daylights+1987, breakdown+1997, 734 ms"
"2022-02-08T19:14:51.930277,3751,recommendation request 17645-team17.isri.cmu.edu:8082, status 200, result: black+beauty+1994, rollerball+1975, star+wars+episode+iii+-+revenge+of+the+sith+2005, p.s.+2004, lethal+weapon+3+1992, detective+story+1951, the+godfather+part+iii+1990, inception+2010, gumby+the+movie+1995, planet+of+the+apes+2001, the+matrix+revolutions+2003, the+matrix+1999, the+incredible+hulk+2008, the+fury+1978, above+the+law+1988, dinoshark+2010, jennifer+eight+1992, jonah+hex+2010, letters+from+iwo+jima+2006, dead+bang+1989, 799 ms"
"2022-02-08T19:14:51.939138,150643,recommendation request 17645-team17.isri.cmu.edu:8082, status 200, result: gleaming+the+cube+1989, drop+zone+1994, my+man+godfrey+1957, punchline+1988, ed+1996, the+conspiracy+2012, childs+play+3+1991, city+slickers+1991, a+goofy+movie+1995, barbarosa+1982, 633+squadron+1964, edward+scissorhands+1990, without+a+paddle+2004, detective+story+1951, lifeboat+1944, dick+tracy+1990, z+1969, bad+girls+1994, psycho+1998, grand+illusion+1937, 785 ms"
"2022-02-08T19:14:51.939079,137815,recommendation request 17645-team17.isri.cmu.edu:8082, status 200, result: switchback+1997, about+last+night...+1986, rollerball+1975, star+wars+episode+iii+-+revenge+of+the+sith+2005, nothing+to+lose+1994, dont+say+a+word+2001, paparazzi+2004, lionheart+1990, planet+of+the+apes+2001, the+39+steps+2008, juice+1992, look+whos+talking+too+1990, mobsters+1991, side+out+1990, the+fury+1978, above+the+law+1988, the+fan+1981, dinoshark+2010, singham+2011, airport+1975+1974, 807 ms"
"2022-02-08T19:14:51.962303,173237,recommendation request 17645-team17.isri.cmu.edu:8082, status 200, result: the+cat+in+the+hat+2003, drop+zone+1994, robot+stories+2003, sleepers+1996, my+man+godfrey+1957, ed+1996, family+plot+1976, p.s.+2004, the+other+side+of+the+mountain+1975, without+a+paddle+2004, northfork+2003, in+the+line+of+fire+1993, father+of+the+bride+1991, cabin+boy+1994, dead+reckoning+1947, wake+of+death+2004, malice+1993, the+client+1994, opportunity+knocks+1990, how+the+grinch+stole+christmas+2000, 742 ms"
"2022-02-08T19:14:51.963163,91141,recommendation request 17645-team17.isri.cmu.edu:8082, status 200, result: drop+zone+1994, without+a+paddle+2004, the+company+men+2010, pitch+black+2000, wake+of+death+2004, harem+1985, albatross+2011, fabled+2002, the+horse+soldiers+1959, hackers+1995, jurassic+park+1993, changing+lanes+2002, island+2011, the+living+daylights+1987, scarface+1932, hopscotch+1980, eight+men+out+1988, today+you+die+2005, terminator+2+judgment+day+1991, down+in+the+delta+1998, 789 ms"
"2022-02-08T19:14:52.347640,221391,recommendation request 17645-team17.isri.cmu.edu:8082, status 200, result: the+three+brothers+1995, funny+felix+2000, lockout+2012, notting+hill+1999, p.s.+2004, the+other+side+of+the+mountain+1975, maze+2000, fuck+2005, in+the+line+of+fire+1993, birdy+1984, forrest+gump+1994, ice+castles+1978, haywire+2011, the+verdict+1982, love+story+1970, the+brothers+2001, my+beautiful+laundrette+1985, shes+having+a+baby+1988, crush+2001, from+here+to+eternity+1953, 309 ms"
"2022-02-08T19:14:52.458094,296446,recommendation request 17645-team17.isri.cmu.edu:8082, status 200, result: eyewitness+1981, mickeys+once+upon+a+christmas+1999, the+last+of+the+mohicans+1992, the+longest+day+1962, major+league+ii+1994, deep+rising+1998, 633+squadron+1964, code+of+silence+1985, lethal+weapon+3+1992, vision+quest+1985, a+little+princess+1995, forrest+gump+1994, gumby+the+movie+1995, moving+1988, the+witches+of+eastwick+1987, phoenix+1998, modesty+blaise+1966, shes+having+a+baby+1988, the+hot+spot+1990, the+matrix+1999, 416 ms"
"2022-02-08T19:14:53.649910,77438,recommendation request 17645-team17.isri.cmu.edu:8082, status 200, result: mickeys+once+upon+a+christmas+1999, rollerball+1975, p.s.+2004, maze+2000, a+family+thing+1996, birdy+1984, chicken+run+2000, harry+and+tonto+1974, dead+reckoning+1947, planet+of+the+apes+2001, the+brothers+2001, for+keeps+1988, gravity+2013, junebug+2005, murphys+romance+1985, crush+2001, above+the+law+1988, untitled+2009, my+one+and+only+2009, divergent+2014, 575 ms"
"2022-02-08T19:14:53.654111,225889,recommendation request 17645-team17.isri.cmu.edu:8082, status 200, result: black+beauty+1994, rollerball+1975, 8+seconds+1994, star+wars+episode+iii+-+revenge+of+the+sith+2005, street+fighter+the+legend+of+chun-li+2009, p.s.+2004, the+other+side+of+the+mountain+1975, maze+2000, freaky+friday+1976, dick+tracy+1990, casper+1995, harem+1985, planet+of+the+apes+2001, the+brothers+2001, out+to+sea+1997, veronica+guerin+2003, crush+2001, the+incredible+hulk+2008, above+the+law+1988, 7+seconds+2005, 558 ms"
"2022-02-08T19:14:53.681706,209776,recommendation request 17645-team17.isri.cmu.edu:8082, status 200, result: drop+zone+1994, rollerball+1975, switchback+1997, the+five+senses+1999, raging+bull+1980, rain+man+1988, frenzy+1972, thank+you+for+smoking+2005, normal+life+1996, a+family+thing+1996, forrest+gump+1994, steel+1997, the+saint+1997, painted+fire+2002, junebug+2005, changing+lanes+2002, shes+having+a+baby+1988, murphys+romance+1985, island+2011, juno+2007, 605 ms"
"2022-02-08T19:14:53.682371,297054,recommendation request 17645-team17.isri.cmu.edu:8082, status 200, result: rollerball+1975, about+last+night...+1986, suburban+commando+1991, punchline+1988, hollow+man+2000, the+other+side+of+the+mountain+1975, light+it+up+1999, maze+2000, mallrats+1995, a+shock+to+the+system+1990, malice+1993, albatross+2011, the+mighty+1998, crush+2001, the+juror+1996, ali+2001, side+out+1990, absolute+power+1997, down+in+the+delta+1998, last+man+standing+1996, 542 ms"
"2022-02-08T19:14:53.741601,186478,recommendation request 17645-team17.isri.cmu.edu:8082, status 200, result: black+beauty+1994, rollerball+1975, nothing+but+trouble+1991, six+pack+1982, oh_+god+1977, star+wars+episode+iii+-+revenge+of+the+sith+2005, p.s.+2004, edward+scissorhands+1990, freaky+friday+1976, nims+island+2008, a+little+princess+1995, gumby+the+movie+1995, moving+1988, planet+of+the+apes+2001, the+wizard+1989, the+nuns+story+1959, ever+after+a+cinderella+story+1998, hook+1991, oh_+god+book+ii+1980, bingo+1991, 638 ms"
"2022-02-08T19:14:53.755330,135220,recommendation request 17645-team17.isri.cmu.edu:8082, status 200, result: cry+freedom+1987, rio+2+2014, drop+zone+1994, bill+cosby+himself+1983, rollerball+1975, intersection+1994, p.s.+2004, loving+you+1957, crossroads+2002, the+other+side+of+the+mountain+1975, maze+2000, the+aristocats+1970, flashdance+1983, the+island+1980, the+saint+1997, planet+of+the+apes+2001, this+property+is+condemned+1966, the+brothers+2001, my+fair+lady+1964, an+education+2009, 621 ms"
"2022-02-08T19:14:54.477810,227693,recommendation request 17645-team17.isri.cmu.edu:8082, status 200, result: dead+of+winter+1987, sprung+1997, soylent+green+1973, shattered+1991, never+again+2002, modern+romance+1981, punks+2000, the+match+1999, desperate+hours+1990, adam++steve+2006, blow-up+1966, masquerade+1988, get+over+it+2001, the+thin+man+goes+home+1945, taffin+1988, undercurrent+1946, romance+2012, arthur+2011, what+happened+was...+1994, the+allnighter+1987, 422 ms"
"2022-02-08T19:14:54.802662,109613,recommendation request 17645-team17.isri.cmu.edu:8082, status 200, result: the+five+senses+1999, mickeys+once+upon+a+christmas+1999, dark+city+1950, raging+bull+1980, notting+hill+1999, missing+1982, p.s.+2004, mystery_+alaska+1999, maze+2000, incognito+1997, spy+kids+3-d+game+over+2003, chicken+run+2000, apocalypto+2006, one+eight+seven+1997, guilty+as+sin+1993, silver+city+2004, gone+in+sixty+seconds+2000, the+brothers+2001, my+beautiful+laundrette+1985, the+matrix+revolutions+2003, 748 ms"
"2022-02-08T19:14:54.808380,204600,recommendation request 17645-team17.isri.cmu.edu:8082, status 200, result: the+cat+in+the+hat+2003, the+new+age+1994, switchback+1997, the+last+of+the+mohicans+1992, ed+1996, little+secrets+2001, show+boat+1951, one+little+indian+1973, a+time+to+kill+1996, father+of+the+bride+1991, cabin+boy+1994, guilty+as+sin+1993, the+yakuza+1974, the+client+1994, for+keeps+1988, how+the+grinch+stole+christmas+2000, 2010+moby+dick+2010, from+here+to+eternity+1953, side+out+1990, hook+1991, 756 ms"
"2022-02-08T19:14:54.805786,240416,recommendation request 17645-team17.isri.cmu.edu:8082, status 200, result: black+beauty+1994, switchback+1997, the+westerner+1940, p.s.+2004, sling+blade+1996, barbarosa+1982, maze+2000, a+time+to+kill+1996, tap+1989, gumby+the+movie+1995, the+beverly+hillbillies+1993, lionheart+1990, the+brood+1979, the+yakuza+1974, the+brothers+2001, the+client+1994, gravity+2013, the+mighty+1998, on+deadly+ground+1994, desk+set+1957, 758 ms"
"2022-02-08T19:14:54.838591,110635,recommendation request 17645-team17.isri.cmu.edu:8082, status 200, result: the+outlaw+josey+wales+1976, the+house+of+yes+1997, doc+hollywood+1991, p.s.+2004, frenzy+1972, the+broadway+melody+1929, show+boat+1951, detective+story+1951, nims+island+2008, casper+1995, the+great+ziegfeld+1936, a+patch+of+blue+1965, unforgiven+1992, the+mighty+1998, winnie+the+pooh+2011, the+truman+show+1998, junebug+2005, on+the+town+1949, remember+the+night+1940, made+of+honor+2008, 784 ms"
"2022-02-08T19:14:54.877484,132568,recommendation request 17645-team17.isri.cmu.edu:8082, status 200, result: cry+freedom+1987, drop+zone+1994, coldblooded+1995, 8+seconds+1994, the+conspiracy+2012, major+league+ii+1994, courage+under+fire+1996, the+other+side+of+the+mountain+1975, once+bitten+1985, a+time+to+kill+1996, ice+castles+1978, dumb+and+dumber+to+2014, moving+1988, the+saint+1997, the+yakuza+1974, macabre+1958, running+scared+1986, changing+lanes+2002, island+2011, from+here+to+eternity+1953, 808 ms"
"2022-02-08T19:14:54.883968,49659,recommendation request 17645-team17.isri.cmu.edu:8082, status 200, result: wreck-it+ralph+2012, cry+freedom+1987, lockout+2012, 8+seconds+1994, bandidas+2006, last+holiday+2006, p.s.+2004, a+goofy+movie+1995, maze+2000, the+aristocats+1970, detective+story+1951, the+brothers+2001, albatross+2011, the+longest+yard+1974, cars+2+2011, junebug+2005, mobsters+1991, crush+2001, m.+butterfly+1993, phil+spector+2013, 787 ms"
"2022-02-08T19:14:54.881880,123507,recommendation request 17645-team17.isri.cmu.edu:8082, status 200, result: the+perfect+score+2004, curdled+1996, drop+zone+1994, bon+cop+bad+cop+2006, ed+1996, raging+bull+1980, the+conspiracy+2012, the+next+three+days+2010, true+crime+1996, analyze+this+1999, code+of+silence+1985, without+a+paddle+2004, casper+1995, moving+1988, critters+1986, phoenix+1998, the+hidden+1987, jurassic+park+1993, changing+lanes+2002, the+hitch-hiker+1953, 818 ms"
"2022-02-08T19:14:55.299061,304859,recommendation request 17645-team17.isri.cmu.edu:8082, status 200, result: the+pelican+brief+1993, sleepers+1996, body+heat+1981, deathtrap+1982, the+unsuspected+1947, the+big+sleep+1946, affinity+2008, the+letter+1940, phoenix+1998, the+yakuza+1974, the+client+1994, l.a.+confidential+1997, frantic+1988, all+good+things+2010, zodiac+2007, harper+1966, a+kiss+before+dying+1956, dark+passage+1947, presumed+innocent+1990, they+made+me+a+criminal+1939, 214 ms"
"2022-02-08T19:14:55.432806,252995,recommendation request 17645-team17.isri.cmu.edu:8082, status 200, result: cry+freedom+1987, rollerball+1975, the+longest+day+1962, missing+1982, mystery_+alaska+1999, barbarosa+1982, the+wash+2001, macgruber+2010, father+of+the+bride+1991, lifeboat+1944, detective+story+1951, grand+illusion+1937, steel+1997, one+eight+seven+1997, guilty+as+sin+1993, serial+1980, in+harms+way+1965, surfer_+dude+2008, island+2011, the+fan+1981, 353 ms"
"2022-02-08T19:14:56.733660,109510,recommendation request 17645-team17.isri.cmu.edu:8082, status 200, result: american+virgin+2000, gleaming+the+cube+1989, a+nightmare+on+elm+street+part+2+freddys+revenge+1985, out+of+sight+1998, bill+cosby+himself+1983, angel+on+my+shoulder+1946, rancho+deluxe+1975, family+plot+1976, frenzy+1972, p.s.+2004, barbarosa+1982, made+in+u.s.a+1966, critters+1986, grand+canyon+1991, the+verdict+1982, lightning+jack+1994, topper+1937, the+late+shift+1996, head+over+heels+2001, north+1994, 519 ms"
"2022-02-08T19:14:56.789866,265877,recommendation request 17645-team17.isri.cmu.edu:8082, status 200, result: wreck-it+ralph+2012, rollerball+1975, melody+time+1948, the+snowman+1982, star+wars+episode+iii+-+revenge+of+the+sith+2005, a+goofy+movie+1995, the+sky+crawlers+2008, crossroads+2002, the+aristocats+1970, highlander+the+search+for+vengeance+2007, saludos+amigos+1942, planet+of+the+apes+2001, cars+2+2011, from+dusk+till+dawn+1996, trigun+badlands+rumble+2010, warriors+of+heaven+and+earth+2003, above+the+law+1988, 7+seconds+2005, azumi+2003, dugs+special+mission+2009, 563 ms"
"2022-02-08T19:14:56.795747,153246,recommendation request 17645-team17.isri.cmu.edu:8082, status 200, result: barbershop+2002, love+jones+1997, dark+city+1950, the+house+of+yes+1997, rancho+deluxe+1975, barbarosa+1982, a+family+thing+1996, the+great+outdoors+1988, moving+1988, another+thin+man+1939, lightning+jack+1994, phoenix+1998, national+lampoons+vacation+1983, the+mighty+1998, junebug+2005, the+man+who+knew+too+much+1956, my+one+and+only+2009, jennifer+eight+1992, boys+town+1938, the+sin+of+harold+diddlebock+1947, 579 ms"
"2022-02-08T19:14:56.808792,280224,recommendation request 17645-team17.isri.cmu.edu:8082, status 200, result: meet+me+in+st.+louis+1944, the+outlaw+josey+wales+1976, rollerball+1975, barbershop+2002, the+longest+day+1962, intersection+1994, doc+hollywood+1991, loving+you+1957, how+i+won+the+war+1967, barbarosa+1982, another+thin+man+1939, phoenix+1998, planet+of+the+apes+2001, unforgiven+1992, on+the+town+1949, junebug+2005, serial+1980, the+hot+spot+1990, a+place+in+the+sun+1951, my+one+and+only+2009, 582 ms"
"2022-02-08T19:14:56.795816,71135,recommendation request 17645-team17.isri.cmu.edu:8082, status 200, result: black+beauty+1994, lockout+2012, ed+1996, frenzy+1972, p.s.+2004, maze+2000, spirit+stallion+of+the+cimarron+2002, the+brothers+mcmullen+1995, casper+1995, haywire+2011, the+matrix+revolutions+2003, juice+1992, crush+2001, conan+the+barbarian+1982, the+brave+one+2007, above+the+law+1988, hook+1991, juno+2007, jennifer+eight+1992, jonah+hex+2010, 571 ms"
"2022-02-08T19:14:57.461594,296589,recommendation request 17645-team17.isri.cmu.edu:8082, status 200, result: bill+cosby+himself+1983, six+pack+1982, viva+zapata+1952, intersection+1994, p.s.+2004, maze+2000, the+devils+1971, the+brothers+2001, crush+2001, conan+the+barbarian+1982, jersey+boys+2014, the+women+2008, beyond+therapy+1987, made+of+honor+2008, untitled+2009, ruby++quentin+2003, dungeons++dragons+2000, get+real+1998, happily+ever+after+2004, blue+chips+1994, 348 ms"
"2022-02-08T19:14:58.447897,297281,recommendation request 17645-team17.isri.cmu.edu:8082, status 200, result: north+by+northwest+1959, barbershop+2002, dreamgirls+2006, warriors+2002, show+boat+1951, northfork+2003, z+1969, birdy+1984, the+human+condition+ii+road+to+eternity+1959, another+thin+man+1939, hot+tub+time+machine+2010, even+the+rain+2010, holy+motors+2012, albatross+2011, beneath+the+planet+of+the+apes+1970, on+the+town+1949, gravity+2013, another+earth+2011, people+like+us+2012, my+girl+1991, 401 ms"
"2022-02-08T19:14:58.265514,147274,recommendation request 17645-team17.isri.cmu.edu:8082, status 200, result: the+family+man+2000, can-can+1960, the+cat+in+the+hat+2003, ed+1996, under+the+sand+2000, symmetry+2003, ghost+dad+1990, harry+and+the+hendersons+1987, the+kid+2000, crossroads+1986, e.t.+the+extra-terrestrial+1982, the+little+rascals+1994, death+becomes+her+1992, back+to+the+future+1985, chaos+2001, how+the+grinch+stole+christmas+2000, heartbeeps+1981, innocence+2004, four+daughters+1938, hook+1991, 238 ms"
"2022-02-08T19:14:58.502662,196840,recommendation request 17645-team17.isri.cmu.edu:8082, status 200, result: cry+freedom+1987, the+five+senses+1999, the+red+shoes+1948, paths+of+glory+1957, the+proprietor+1996, 8+seconds+1994, p.s.+2004, maze+2000, a+christmas+carol+2009, freaky+friday+1976, z+1969, birdy+1984, the+great+escape+1963, dead+reckoning+1947, harem+1985, malice+1993, lady+chatterley+2006, a+man+and+a+woman+1966, full+speed+1996, junebug+2005, 455 ms"
"2022-02-08T19:14:58.522633,920,recommendation request 17645-team17.isri.cmu.edu:8082, status 200, result: ed+1996, son+of+the+mask+2005, lethal+weapon+3+1992, a+christmas+carol+2009, freaky+friday+1976, the+new+adventures+of+pippi+longstocking+1988, dick+tracy+1990, casper+1995, the+water+horse+2007, jurassic+park+1993, beyond+the+sea+2004, shes+having+a+baby+1988, juice+1992, north+1994, hook+1991, bulletproof+1996, fire+down+below+1997, the+gnome-mobile+1967, back+to+the+future+part+ii+1989, beyond+the+poseidon+adventure+1979, 491 ms"
"2022-02-08T19:14:58.525280,177535,recommendation request 17645-team17.isri.cmu.edu:8082, status 400, result: movie 1 not found, 476 ms"
"2022-02-08T19:14:59.390836,122154,recommendation request 17645-team17.isri.cmu.edu:8082, status 200, result: switchback+1997, frenzy+1972, star+trek+nemesis+2002, the+andromeda+strain+1971, uncommon+valor+1983, star+trek+insurrection+1998, psycho+1998, the+truth+about+charlie+2002, shopping+1994, flight+of+the+intruder+1991, the+temp+1993, signs+2002, the+man+who+knew+too+much+1956, escape+from+l.a.+1996, the+presidio+1988, the+guardian+1990, axed+2012, spasmo+1974, the+lost+son+1999, topaz+1969, 293 ms"
"2022-02-08T19:14:59.442431,2904,recommendation request 17645-team17.isri.cmu.edu:8082, status 200, result: the+signal+2007, detention+2011, undead+2003, ghoulies+iv+1994, the+pumaman+1980, parasite+1982, critters+1986, tremors+3+back+to+perfection+2001, bad+taste+1987, the+toxic+avenger+part+iii+the+last+temptation+of+toxie+1989, the+toxic+avenger+part+ii+1989, hell+comes+to+frogtown+1988, nothing+2003, class+of+nuke+em+high+1986, evolver+1994, citizen+toxie+the+toxic+avenger+iv+2001, dinoshark+2010, alien+1992, blinky+2011, they+bite+1996, 372 ms"
"2022-02-08T19:14:59.456271,96511,recommendation request 17645-team17.isri.cmu.edu:8082, status 200, result: eyewitness+1981, lockout+2012, frenzy+1972, true+crime+1996, p.s.+2004, the+next+three+days+2010, maze+2000, vision+quest+1985, a+little+princess+1995, haywire+2011, the+witches+of+eastwick+1987, phoenix+1998, patriot+games+1992, the+brothers+2001, shes+having+a+baby+1988, juice+1992, crush+2001, the+incredible+hulk+2008, breakdown+1997, hopscotch+1980, 377 ms"
"2022-02-08T19:14:59.493980,149277,recommendation request 17645-team17.isri.cmu.edu:8082, status 200, result: american+virgin+2000, lady+jane+1986, love+jones+1997, raging+bull+1980, last+holiday+2006, think+like+a+man+too+2014, p.s.+2004, courage+under+fire+1996, maze+2000, a+family+thing+1996, pretty+baby+1978, birdy+1984, national+lampoons+vacation+1983, the+devils+1971, the+brothers+2001, albatross+2011, junebug+2005, crush+2001, island+2011, queens+logic+1991, 403 ms"
"2022-02-08T19:14:59.483710,193284,recommendation request 17645-team17.isri.cmu.edu:8082, status 200, result: eyewitness+1981, six+pack+1982, a+goofy+movie+1995, p.s.+2004, maze+2000, a+christmas+carol+2009, a+family+thing+1996, freaky+friday+1976, vision+quest+1985, a+little+princess+1995, harry+and+tonto+1974, the+witches+of+eastwick+1987, guilty+as+sin+1993, the+brothers+2001, shes+having+a+baby+1988, crush+2001, hopscotch+1980, the+emperors+new+groove+2000, untitled+2009, today+you+die+2005, 366 ms"
"2022-02-08T19:15:00.478410,204277,recommendation request 17645-team17.isri.cmu.edu:8082, status 200, result: cry+freedom+1987, p.s.+2004, light+it+up+1999, brimstone++treacle+1982, maze+2000, the+verdict+1982, the+island+1980, the+brothers+2001, serial+1980, crush+2001, conan+the+barbarian+1982, mighty+aphrodite+1995, flowers+in+the+attic+1987, shes+out+of+my+league+2010, untitled+2009, rumble+fish+1983, small+time+crooks+2000, airport+1975+1974, dungeons++dragons+2000, the+allnighter+1987, 438 ms"
"2022-02-08T19:15:01.334377,27380,recommendation request 17645-team17.isri.cmu.edu:8082, status 200, result: cry+freedom+1987, street+fighter+the+legend+of+chun-li+2009, p.s.+2004, missing+1982, frenzy+1972, mystery_+alaska+1999, light+it+up+1999, maze+2000, nims+island+2008, the+verdict+1982, one+eight+seven+1997, guilty+as+sin+1993, planet+of+the+apes+2001, the+brothers+2001, white+palace+1990, juice+1992, island+2011, crush+2001, hook+1991, untitled+2009, 276 ms"
"2022-02-08T19:15:01.464342,293732,recommendation request 17645-team17.isri.cmu.edu:8082, status 200, result: eyewitness+1981, curdled+1996, drop+zone+1994, vision+quest+1985, a+little+princess+1995, the+witches+of+eastwick+1987, the+letter+1940, the+island+1980, the+saint+1997, guilty+as+sin+1993, gravity+2013, modesty+blaise+1966, changing+lanes+2002, the+hitch-hiker+1953, mobsters+1991, above+the+law+1988, hopscotch+1980, today+you+die+2005, bulletproof+1996, boy+a+2007, 329 ms"
"2022-02-08T19:15:01.523155,39851,recommendation request 17645-team17.isri.cmu.edu:8082, status 200, result: north+by+northwest+1959, dead+of+winter+1987, eyewitness+1981, nothing+but+trouble+1991, doc+hollywood+1991, notting+hill+1999, p.s.+2004, national+lampoons+van+wilder+2002, maze+2000, obsessed+2009, gunner+palace+2004, albatross+2011, the+brothers+2001, my+beautiful+laundrette+1985, jurassic+park+1993, people+like+us+2012, crush+2001, untitled+2009, today+you+die+2005, down+in+the+delta+1998, 431 ms"
"2022-02-08T19:15:02.385932,42973,recommendation request 17645-team17.isri.cmu.edu:8082, status 200, result: forbidden+zone+1980, ed+1996, the+golden+voyage+of+sinbad+1973, p.s.+2004, cookie+1989, maze+2000, lethal+weapon+3+1992, dick+tracy+1990, casper+1995, harry+and+tonto+1974, bachelor+in+paradise+1961, love+crazy+1941, the+island+1980, the+brothers+2001, on+the+town+1949, jurassic+park+1993, junebug+2005, kull+the+conqueror+1997, crush+2001, conan+the+barbarian+1982, 347 ms"
"2022-02-08T19:15:02.392263,162524,recommendation request 17645-team17.isri.cmu.edu:8082, status 200, result: drop+zone+1994, switchback+1997, forbidden+zone+1980, boarding+gate+2007, lockout+2012, the+conspiracy+2012, p.s.+2004, lethal+weapon+3+1992, inception+2010, casper+1995, opportunity+knocks+1990, the+game+1997, american+psycho+2+all+american+girl+2002, island+2011, eye+of+the+beholder+1999, an+american+carol+2008, the+adventures+of+ford+fairlane+1990, spasmo+1974, the+professional+1981, holiday+1938, 292 ms"
"2022-02-08T19:15:03.368914,157324,recommendation request 17645-team17.isri.cmu.edu:8082, status 200, result: cry+freedom+1987, bill+cosby+himself+1983, oh_+god+1977, dark+alibi+1946, frenzy+1972, p.s.+2004, maze+2000, cabin+boy+1994, the+brothers+mcmullen+1995, gumby+the+movie+1995, bus+stop+1956, the+brothers+2001, junebug+2005, island+2011, crush+2001, beyond+therapy+1987, juno+2007, my+one+and+only+2009, untitled+2009, they+made+me+a+criminal+1939, 284 ms"
"2022-02-08T19:15:03.432861,234022,recommendation request 17645-team17.isri.cmu.edu:8082, status 200, result: eyewitness+1981, major+league+ii+1994, red+dawn+1984, code+of+silence+1985, in+the+line+of+fire+1993, birdy+1984, moving+1988, phoenix+1998, guilty+as+sin+1993, harem+1985, dead+reckoning+1947, modesty+blaise+1966, the+living+daylights+1987, the+hot+spot+1990, above+the+law+1988, hopscotch+1980, eight+men+out+1988, 10th++wolf+2006, today+you+die+2005, hot+to+trot+1988, 354 ms"
"2022-02-08T19:15:04.224895,309118,recommendation request 17645-team17.isri.cmu.edu:8082, status 200, result: new+nightmare+1994, a+nightmare+on+elm+street+part+2+freddys+revenge+1985, critters+3+1991, in+the+mouth+of+madness+1994, commandments+1997, the+conspiracy+2012, making+love+1982, punch-drunk+love+2002, freddys+dead+the+final+nightmare+1991, maze+2000, a+nightmare+on+elm+street+5+the+dream+child+1989, the+pompatus+of+love+1996, love+and+other+catastrophes+1996, emma+2009, bones+2001, love+liza+2002, critters+1986, critters+4+1992, dedication+2007, love+is+all+there+is+1996, 184 ms"
"2022-02-08T19:15:05.446495,211632,recommendation request 17645-team17.isri.cmu.edu:8082, status 200, result: barbershop+2002, the+bounty+1984, p.s.+2004, missing+1982, the+promise+2005, mystery_+alaska+1999, walle+2008, a+goofy+movie+1995, snow+dogs+2002, freaky+friday+1976, nims+island+2008, written+on+the+wind+1956, another+thin+man+1939, one+eight+seven+1997, guilty+as+sin+1993, phoenix+1998, cars+2+2011, cherrybomb+2009, island+2011, hook+1991, 348 ms"
"2022-02-08T19:15:05.563586,306355,recommendation request 17645-team17.isri.cmu.edu:8082, status 200, result: nothing+but+trouble+1991, p.s.+2004, a+goofy+movie+1995, a+christmas+carol+2009, a+little+princess+1995, prince+of+persia+the+sands+of+time+2010, forrest+gump+1994, love+story+1970, the+wizard+1989, junebug+2005, shes+having+a+baby+1988, mascara+1999, hook+1991, the+fan+1981, my+one+and+only+2009, the+emperors+new+groove+2000, breakfast+on+pluto+2005, chicken+little+2005, apartment+zero+1988, gremlins+1984, 448 ms"
"2022-02-08T19:15:05.571515,292,recommendation request 17645-team17.isri.cmu.edu:8082, status 200, result: n+1998, and+now...+ladies+and+gentlemen...+2002, towelhead+2008, the+proprietor+1996, the+amazing+spider-man+2012, loving+you+1957, the+other+side+of+the+mountain+1975, light+it+up+1999, z+1969, prince+of+persia+the+sands+of+time+2010, lifeboat+1944, casper+1995, a+shock+to+the+system+1990, the+great+escape+1963, jurassic+park+1993, junebug+2005, mobsters+1991, hook+1991, my+one+and+only+2009, the+idolmaker+1980, 466 ms"
"2022-02-08T19:15:05.571702,204846,recommendation request 17645-team17.isri.cmu.edu:8082, status 200, result: cry+freedom+1987, james+and+the+giant+peach+1996, book+of+shadows+blair+witch+2+2000, the+conspiracy+2012, a+goofy+movie+1995, cookie+1989, frenzy+1972, the+country+bears+2002, snow+dogs+2002, big+hero+6+2014, masterminds+1997, the+letter+1940, the+mighty+1998, armed+and+dangerous+1986, juice+1992, happy_+texas+1999, above+the+law+1988, bingo+1991, jennifer+eight+1992, spasmo+1974, 463 ms"
"2022-02-08T19:15:06.339396,193658,recommendation request 17645-team17.isri.cmu.edu:8082, status 200, result: the+westerner+1940, a+goofy+movie+1995, red+dawn+1984, frenzy+1972, true+crime+1996, barbarosa+1982, p.s.+2004, the+andromeda+strain+1971, maze+2000, sleeping+beauty+1959, freaky+friday+1976, tap+1989, guilty+as+sin+1993, the+brothers+2001, winnie+the+pooh+2011, the+serpent+and+the+rainbow+1988, bottle+rocket+1996, crush+2001, ali+2001, the+emperors+new+groove+2000, 242 ms"
"2022-02-08T19:15:06.331598,192253,recommendation request 17645-team17.isri.cmu.edu:8082, status 200, result: eyewitness+1981, switchback+1997, arranged+2007, melody+time+1948, lockout+2012, the+snowman+1982, big+hero+6+2014, light+it+up+1999, the+aristocats+1970, a+time+to+kill+1996, haywire+2011, moving+1988, the+verdict+1982, masterminds+1997, saludos+amigos+1942, the+yakuza+1974, armed+and+dangerous+1986, shes+having+a+baby+1988, free+willy+3+the+rescue+1997, juice+1992, 297 ms"
"2022-02-08T19:15:07.548516,84781,recommendation request 17645-team17.isri.cmu.edu:8082, status 200, result: the+nest+2002, what+doesnt+kill+you+2008, the+avengers+1998, rollerball+1975, the+amazing+spider-man+2012, the+golden+voyage+of+sinbad+1973, parker+2013, incognito+1997, spirit+stallion+of+the+cimarron+2002, johnny+english+2003, masterminds+1997, analyze+that+2002, the+truman+show+1998, rush+hour+3+2007, junebug+2005, the+brave+one+2007, made+of+honor+2008, my+one+and+only+2009, ruby++quentin+2003, hotel+chevalier+2007, 394 ms"
"2022-02-08T19:15:07.541541,167717,recommendation request 17645-team17.isri.cmu.edu:8082, status 200, result: the+perfect+score+2004, cry+freedom+1987, bon+cop+bad+cop+2006, the+last+of+the+mohicans+1992, p.s.+2004, mystery_+alaska+1999, deep+rising+1998, light+it+up+1999, northfork+2003, pride+2014, freaky+friday+1976, birdy+1984, guilty+as+sin+1993, harem+1985, for+keeps+1988, from+here+to+eternity+1953, side+out+1990, eight+men+out+1988, dinoshark+2010, ratatouille+2007, 442 ms"
"2022-02-08T19:15:08.464664,74961,recommendation request 17645-team17.isri.cmu.edu:8082, status 200, result: a+nightmare+on+elm+street+part+2+freddys+revenge+1985, drop+zone+1994, rollerball+1975, top+secret+1984, sleepers+1996, mary+poppins+1964, the+proprietor+1996, the+conspiracy+2012, true+crime+1996, how+i+won+the+war+1967, the+addams+family+1991, freaky+friday+1976, lifeboat+1944, a+little+princess+1995, critters+1986, planet+of+the+apes+2001, changing+lanes+2002, in+harms+way+1965, help+1965, the+fury+1978, 432 ms"
"2022-02-08T19:15:08.442287,247703,recommendation request 17645-team17.isri.cmu.edu:8082, status 200, result: cry+freedom+1987, the+program+1993, the+war+1994, jesus+christ+superstar+1973, stick+it+2006, ed+wood+1994, l.i.e.+2001, the+doctor+1991, the+hindenburg+1975, midway+1976, that+was+then...+this+is+now+1985, mary_+queen+of+scots+1971, flash+of+genius+2008, annapolis+2006, the+river+1984, instinct+1999, country+1984, cinderella+man+2005, snow+falling+on+cedars+1999, mask+1985, 397 ms"
"2022-02-08T19:15:09.382684,214011,recommendation request 17645-team17.isri.cmu.edu:8082, status 200, result: the+nest+2002, what+doesnt+kill+you+2008, intersection+1994, lethal+weapon+3+1992, parker+2013, inception+2010, dick+tracy+1990, johnny+english+2003, apocalypto+2006, masterminds+1997, the+saint+1997, wake+of+death+2004, gone+in+sixty+seconds+2000, serial+1980, rush+hour+3+2007, the+brave+one+2007, island+2011, above+the+law+1988, hopscotch+1980, starship+troopers+1997, 271 ms"
"2022-02-08T19:15:09.519862,55407,recommendation request 17645-team17.isri.cmu.edu:8082, status 200, result: rollerball+1975, werewolves+on+wheels+1971, the+longest+day+1962, paths+of+glory+1957, street+fighter+the+legend+of+chun-li+2009, true+crime+1996, how+i+won+the+war+1967, birdy+1984, lifeboat+1944, grand+illusion+1937, big+trouble+2002, planet+of+the+apes+2001, in+harms+way+1965, warriors+of+heaven+and+earth+2003, the+juror+1996, the+incredible+hulk+2008, days+of+glory+1944, azumi+2003, little+murders+1971, snakes+on+a+plane+2006, 332 ms"
"2022-02-08T19:15:09.527019,124566,recommendation request 17645-team17.isri.cmu.edu:8082, status 200, result: the+dresser+1983, the+last+of+the+mohicans+1992, the+longest+day+1962, sling+blade+1996, p.s.+2004, dont+move+2004, streets+of+fire+1984, maze+2000, 633+squadron+1964, the+other+side+of+the+mountain+1975, psycho+1998, naqoyqatsi+2002, albatross+2011, the+brothers+2001, still+bill+2010, the+mighty+1998, crush+2001, from+here+to+eternity+1953, ali+2001, six+weeks+1982, 311 ms"
"2022-02-08T19:15:10.410210,10334,recommendation request 17645-team17.isri.cmu.edu:8082, status 200, result: the+perfect+score+2004, eyewitness+1981, the+three+brothers+1995, bon+cop+bad+cop+2006, all+about+my+mother+1999, red+dawn+1984, a+goofy+movie+1995, fly+me+to+the+moon+2012, the+other+side+of+the+mountain+1975, the+closet+2001, vision+quest+1985, a+little+princess+1995, ice+castles+1978, the+witches+of+eastwick+1987, winnie+the+pooh+2011, the+living+daylights+1987, from+here+to+eternity+1953, ali+2001, above+the+law+1988, hopscotch+1980, 301 ms"
"2022-02-08T19:15:10.423647,182422,recommendation request 17645-team17.isri.cmu.edu:8082, status 200, result: the+book+of+eli+2010, leave+it+to+beaver+1997, rollerball+1975, back+to+the+future+part+iii+1990, the+flintstones+in+viva+rock+vegas+2000, ed+1996, star+trek+v+the+final+frontier+1989, the+avengers+2012, star+trek+nemesis+2002, harry+and+the+hendersons+1987, the+incredible+shrinking+woman+1981, alice+in+wonderland+1933, star+trek+insurrection+1998, the+matrix+reloaded+2003, star+trek+iii+the+search+for+spock+1984, e.t.+the+extra-terrestrial+1982, the+pumaman+1980, casper+1995, demolition+man+1993, star+wars+1977, 297 ms"
"2022-02-08T19:15:10.430024,286189,recommendation request 17645-team17.isri.cmu.edu:8082, status 200, result: dead+of+winter+1987, curdled+1996, rollerball+1975, family+plot+1976, star+wars+episode+iii+-+revenge+of+the+sith+2005, p.s.+2004, vision+quest+1985, nims+island+2008, pitch+black+2000, the+yakuza+1974, company+man+2000, planet+of+the+apes+2001, gravity+2013, the+matrix+revolutions+2003, the+game+1997, the+brave+one+2007, hook+1991, the+thin+man+goes+home+1945, terminator+2+judgment+day+1991, indestructible+man+1956, 338 ms"
"2022-02-08T19:15:11.661561,235818,recommendation request 17645-team17.isri.cmu.edu:8082, status 200, result: about+last+night...+1986, six+pack+1982, off+limits+1988, p.s.+2004, maze+2000, a+family+thing+1996, in+the+line+of+fire+1993, redline+2007, emma+2009, heidi+1937, harry+and+tonto+1974, dead+reckoning+1947, guilty+as+sin+1993, bulworth+1998, condition+red+1995, the+princess+and+the+frog+2009, winnie+the+pooh+2011, only+you+1994, changing+lanes+2002, dedication+2007, 582 ms"
"2022-02-08T19:15:11.722449,119904,recommendation request 17645-team17.isri.cmu.edu:8082, status 200, result: meet+me+in+st.+louis+1944, easter+parade+1948, barbershop+2002, crisscross+1992, damn+yankees+1958, on+moonlight+bay+1951, 42nd+street+1933, on+the+town+1949, college+2008, min+and+bill+1930, help+1965, adams+rib+1949, walk+like+a+man+1987, emma+1932, suzy+1936, ...all+the+marbles+1981, for+me+and+my+gal+1942, the+cutting+edge+1992, lili+1953, the+barkleys+of+broadway+1949, 624 ms"
"2022-02-08T19:15:11.755896,172263,recommendation request 17645-team17.isri.cmu.edu:8082, status 200, result: the+three+musketeers+1933, the+avengers+1998, the+gauntlet+1977, commandments+1997, it+1927, cloak++dagger+1984, k-9+1989, cousins+1989, the+hurricane+1937, chill+factor+1999, the+island+1980, on+deadly+ground+1994, shes+having+a+baby+1988, hellfighters+1968, mobsters+1991, smokey+and+the+bandit+1977, above+the+law+1988, clueless+1995, mirage+1995, harold+and+maude+1971, 656 ms"
"2022-02-08T19:15:11.755958,4780,recommendation request 17645-team17.isri.cmu.edu:8082, status 200, result: eyewitness+1981, drop+zone+1994, mickeys+once+upon+a+christmas+1999, robot+stories+2003, the+longest+day+1962, the+snowman+1982, think+like+a+man+too+2014, p.s.+2004, the+warriors+way+2010, the+other+side+of+the+mountain+1975, lifeboat+1944, grand+illusion+1937, haywire+2011, chicken+run+2000, paparazzi+2004, the+saint+1997, changing+lanes+2002, in+harms+way+1965, island+2011, conan+the+barbarian+1982, 657 ms"
"2022-02-08T19:15:11.807150,164524,recommendation request 17645-team17.isri.cmu.edu:8082, status 200, result: eyewitness+1981, cry+freedom+1987, mary+poppins+1964, p.s.+2004, frenzy+1972, son+of+the+mask+2005, courage+under+fire+1996, true+crime+1996, the+addams+family+1991, freaky+friday+1976, birdy+1984, harem+1985, topper+1937, shes+having+a+baby+1988, island+2011, the+incredible+hulk+2008, the+women+2008, hopscotch+1980, eight+men+out+1988, today+you+die+2005, 729 ms"
"2022-02-08T19:15:11.810726,23774,recommendation request 17645-team17.isri.cmu.edu:8082, status 200, result: out+of+sight+1998, happy+accidents+2000, rollerball+1975, stick+it+2006, devil+girl+from+mars+1954, family+plot+1976, missing+1982, frenzy+1972, mystery_+alaska+1999, made+in+u.s.a+1966, the+beverly+hillbillies+1993, one+eight+seven+1997, guilty+as+sin+1993, planet+of+the+apes+2001, desk+set+1957, island+2011, the+incredible+hulk+2008, dinoshark+2010, little+murders+1971, the+program+1993, 676 ms"
"2022-02-08T19:15:11.816129,128961,recommendation request 17645-team17.isri.cmu.edu:8082, status 200, result: raging+bull+1980, 8+seconds+1994, the+next+three+days+2010, all+the+mornings+of+the+world+1991, a+family+thing+1996, +nos+amours+1983, excision+2012, masterminds+1997, phoenix+1998, the+island+1980, malice+1993, the+wizard+1989, albatross+2011, lady+chatterley+2006, a+man+and+a+woman+1966, full+speed+1996, theatre+of+blood+1973, bottle+rocket+1996, ali+2001, hopscotch+1980, 709 ms"
"2022-02-08T19:15:11.827292,195291,recommendation request 17645-team17.isri.cmu.edu:8082, status 200, result: eyewitness+1981, drop+zone+1994, switchback+1997, ed+1996, frenzy+1972, true+crime+1996, light+it+up+1999, a+family+thing+1996, dont+say+a+word+2001, the+letter+1940, for+keeps+1988, modesty+blaise+1966, yours_+mine+and+ours+1968, island+2011, north+1994, hopscotch+1980, absolute+power+1997, eating+raoul+1982, spasmo+1974, they+made+me+a+criminal+1939, 715 ms"
"2022-02-08T19:15:12.263422,54023,recommendation request 17645-team17.isri.cmu.edu:8082, status 200, result: the+family+man+2000, eyewitness+1981, gotcha+1985, red+dawn+1984, p.s.+2004, a+time+to+kill+1996, for+your+eyes+only+1981, freaky+friday+1976, the+naked+prey+1965, uncommon+valor+1983, the+santa+clause+3+the+escape+clause+2006, titanic+1997, the+yakuza+1974, patriot+games+1992, condition+red+1995, flight+of+the+intruder+1991, goldfinger+1964, modesty+blaise+1966, frantic+1988, the+ugly+dachshund+1966, 170 ms"
"2022-02-08T19:15:12.446249,294363,recommendation request 17645-team17.isri.cmu.edu:8082, status 200, result: top+secret+1984, the+other+side+of+the+mountain+1975, the+addams+family+1991, light+it+up+1999, a+family+thing+1996, a+little+princess+1995, birdy+1984, harry+and+tonto+1974, dead+reckoning+1947, harem+1985, marooned+1969, serial+1980, junebug+2005, an+education+2009, have+rocket_+will+travel+1959, ali+2001, desert+hearts+1985, the+three+stooges+in+orbit+1962, eight+men+out+1988, my+one+and+only+2009, 355 ms"
"2022-02-08T19:15:12.495865,169850,recommendation request 17645-team17.isri.cmu.edu:8082, status 200, result: cry+freedom+1987, drop+zone+1994, the+gauntlet+1977, a+goofy+movie+1995, snow+dogs+2002, the+bridge+at+remagen+1969, without+a+paddle+2004, asylum+1972, the+island+1980, wake+of+death+2004, cars+2+2011, changing+lanes+2002, juice+1992, island+2011, from+dusk+till+dawn+1996, the+brave+one+2007, above+the+law+1988, hopscotch+1980, 7+seconds+2005, rumble+fish+1983, 386 ms"
"2022-02-08T19:15:12.580591,31505,recommendation request 17645-team17.isri.cmu.edu:8082, status 200, result: cry+freedom+1987, lethal+weapon+3+1992, a+time+to+kill+1996, pitch+black+2000, masterminds+1997, patriot+games+1992, the+client+1994, on+deadly+ground+1994, armed+and+dangerous+1986, sherlock+holmes+in+washington+1943, the+matrix+1999, juice+1992, breakdown+1997, above+the+law+1988, 7+seconds+2005, airport+1975+1974, indestructible+man+1956, no+mercy+1986, exodus+1960, maximum+risk+1996, 469 ms"
"2022-02-08T19:15:12.588343,246101,recommendation request 17645-team17.isri.cmu.edu:8082, status 200, result: the+cat+in+the+hat+2003, cry+freedom+1987, rollerball+1975, mary+poppins+1964, ed+1996, family+plot+1976, frenzy+1972, snow+dogs+2002, american+gangster+2007, in+the+line+of+fire+1993, freaky+friday+1976, the+beverly+hillbillies+1993, dead+reckoning+1947, phoenix+1998, malice+1993, planet+of+the+apes+2001, opportunity+knocks+1990, how+the+grinch+stole+christmas+2000, desk+set+1957, island+2011, 457 ms"
"2022-02-08T19:15:13.357086,104119,recommendation request 17645-team17.isri.cmu.edu:8082, status 200, result: rollerball+1975, werewolves+on+wheels+1971, ed+1996, the+butterfly+effect+3+revelations+2009, childs+play+3+1991, the+promise+2005, casper+1995, johnny+english+2003, the+yakuza+1974, gravity+2013, jurassic+park+1993, the+game+1997, juice+1992, hook+1991, the+mummys+hand+1940, bulletproof+1996, snakes+on+a+plane+2006, contagion+2011, divergent+2014, a+grand+day+out+1990, 324 ms"
"2022-02-08T19:15:14.332034,284151,recommendation request 17645-team17.isri.cmu.edu:8082, status 200, result: robot+stories+2003, oh_+god+1977, p.s.+2004, true+crime+1996, hollow+man+2000, identity+2003, the+other+side+of+the+mountain+1975, the+country+bears+2002, snow+dogs+2002, the+aristocats+1970, in+the+line+of+fire+1993, a+goofy+movie+1995, spirit+stallion+of+the+cimarron+2002, moving+1988, company+man+2000, the+truman+show+1998, island+2011, body+double+1984, last+night+1998, oh_+god+book+ii+1980, 273 ms"
"2022-02-08T19:15:14.446796,120487,recommendation request 17645-team17.isri.cmu.edu:8082, status 200, result: gleaming+the+cube+1989, my+man+godfrey+1957, ed+1996, the+amazing+spider-man+2012, guest+house+paradiso+1999, barbarosa+1982, the+wash+2001, macgruber+2010, lethal+weapon+3+1992, the+brothers+mcmullen+1995, prince+of+persia+the+sands+of+time+2010, inception+2010, dick+tracy+1990, apocalypto+2006, grand+canyon+1991, phoenix+1998, the+verdict+1982, wake+of+death+2004, junebug+2005, surfer_+dude+2008, 362 ms"
"2022-02-08T19:15:14.464007,274840,recommendation request 17645-team17.isri.cmu.edu:8082, status 200, result: the+magician+1958, rollerball+1975, about+last+night...+1986, ed+1996, p.s.+2004, through+a+glass+darkly+1961, frenzy+1972, true+crime+1996, the+other+side+of+the+mountain+1975, light+it+up+1999, maze+2000, smiles+of+a+summer+night+1955, the+andromeda+strain+1971, fulltime+killer+2001, psycho+1998, in+too+deep+1999, the+verdict+1982, the+yakuza+1974, the+brothers+2001, planet+of+the+apes+2001, 358 ms"
"2022-02-08T19:15:15.415326,94230,recommendation request 17645-team17.isri.cmu.edu:8082, status 200, result: the+family+man+2000, jaws+1975, rollerball+1975, rise+of+the+planet+of+the+apes+2011, american+pimp+1999, the+a-team+2010, the+man+with+the+golden+arm+1955, leave+it+to+beaver+1997, the+conspiracy+2012, star+wars+episode+iii+-+revenge+of+the+sith+2005, p.s.+2004, the+watch+2012, the+dancemaker+1998, star+trek+insurrection+1998, nims+island+2008, star+wars+1977, phoenix+1998, x2+2003, superman+returns+2006, macabre+1958, 340 ms"
"2022-02-08T19:15:16.258017,105335,recommendation request 17645-team17.isri.cmu.edu:8082, status 200, result: once+upon+a+forest+1993, the+gruffalo+2009, the+tingler+1959, punchline+1988, bride+of+the+wind+2001, the+conspiracy+2012, kaena+the+prophecy+2003, that+was+then...+this+is+now+1985, chain+reaction+1996, the+lords+of+flatbush+1974, the+river+1951, 21+2008, the+sandlot+1993, paparazzi+2004, 28+days+2000, the+pact+2012, mobsters+1991, in+hell+2003, above+the+law+1988, his+girl+friday+1940, 238 ms"
"2022-02-08T19:15:16.402833,62719,recommendation request 17645-team17.isri.cmu.edu:8082, status 200, result: wreck-it+ralph+2012, the+dresser+1983, 8+seconds+1994, james+and+the+giant+peach+1996, p.s.+2004, a+goofy+movie+1995, all+the+mornings+of+the+world+1991, the+aristocats+1970, nims+island+2008, blackfish+2013, albatross+2011, still+bill+2010, lady+chatterley+2006, a+man+and+a+woman+1966, full+speed+1996, junebug+2005, the+matrix+revolutions+2003, from+here+to+eternity+1953, ali+2001, the+brave+one+2007, 372 ms"
"2022-02-08T19:15:16.367552,297699,recommendation request 17645-team17.isri.cmu.edu:8082, status 200, result: the+nest+2002, eyewitness+1981, robot+stories+2003, agnes+of+god+1985, the+proprietor+1996, the+falls+1980, last+holiday+2006, loving+you+1957, a+slave+of+love+1976, the+other+side+of+the+mountain+1975, die+another+day+2002, northfork+2003, lifeboat+1944, detective+story+1951, beyond+2010, the+letter+1940, phoenix+1998, another+earth+2011, the+longest+yard+1974, geronimo+an+american+legend+1993, 345 ms"
"2022-02-08T19:15:16.409119,120090,recommendation request 17645-team17.isri.cmu.edu:8082, status 200, result: curdled+1996, intersection+1994, missing+1982, loving+you+1957, mystery_+alaska+1999, in+the+line+of+fire+1993, one+eight+seven+1997, private+parts+1972, the+poughkeepsie+tapes+2007, company+man+2000, guilty+as+sin+1993, dead+reckoning+1947, desk+set+1957, out+to+sea+1997, the+hitch-hiker+1953, serial+1980, mobsters+1991, island+2011, the+fury+1978, a+place+in+the+sun+1951, 386 ms"
"2022-02-08T19:15:17.407360,75653,recommendation request 17645-team17.isri.cmu.edu:8082, status 200, result: eyewitness+1981, cry+freedom+1987, curdled+1996, drop+zone+1994, coldblooded+1995, rambo+first+blood+part+ii+1985, vision+quest+1985, a+little+princess+1995, dumb+and+dumber+to+2014, the+witches+of+eastwick+1987, the+letter+1940, the+saint+1997, changing+lanes+2002, the+hitch-hiker+1953, mobsters+1991, the+incredible+hulk+2008, hopscotch+1980, dark+passage+1947, today+you+die+2005, hall+pass+2011, 324 ms"
"2022-02-08T19:15:17.317907,148553,recommendation request 17645-team17.isri.cmu.edu:8082, status 200, result: s.+darko+2009, bluebeard+1944, below+2002, wheres+marlowe+1998, sorority+row+2009, barricade+2012, p2+2007, the+last+minute+2001, gaslight+1940, d.o.a.+1988, sleuth+1972, alex+cross+2012, sabotage+1936, blow+out+1981, suspicion+1941, island+2011, leave+2011, spasmo+1974, afterwards+2008, asylum+1972, 214 ms"
"2022-02-08T19:15:17.407431,1562,recommendation request 17645-team17.isri.cmu.edu:8082, status 200, result: curdled+1996, intersection+1994, missing+1982, loving+you+1957, mystery_+alaska+1999, in+the+line+of+fire+1993, one+eight+seven+1997, private+parts+1972, the+poughkeepsie+tapes+2007, company+man+2000, guilty+as+sin+1993, dead+reckoning+1947, desk+set+1957, out+to+sea+1997, the+hitch-hiker+1953, serial+1980, mobsters+1991, island+2011, the+fury+1978, a+place+in+the+sun+1951, 311 ms"
"2022-02-08T19:15:18.461782,258671,recommendation request 17645-team17.isri.cmu.edu:8082, status 200, result: the+avengers+1998, forbidden+zone+1980, ed+1996, p.s.+2004, frenzy+1972, missing+1982, the+hunted+2003, incognito+1997, paul+2011, casper+1995, ghoulies+ii+1987, analyze+that+2002, jurassic+park+1993, junebug+2005, juice+1992, mobsters+1991, the+brave+one+2007, sherlock+holmes+in+washington+1943, from+the+hip+1987, hook+1991, 416 ms"
"2022-02-08T19:15:18.529628,6377,recommendation request 17645-team17.isri.cmu.edu:8082, status 200, result: eyewitness+1981, rollerball+1975, robot+stories+2003, my+man+godfrey+1957, 8+seconds+1994, ed+1996, p.s.+2004, analyze+this+1999, wildcats+1986, northfork+2003, freaky+friday+1976, birdy+1984, detective+story+1951, moving+1988, planet+of+the+apes+2001, a+man+and+a+woman+1966, last+night+1998, quartet+1981, hook+1991, today+you+die+2005, 482 ms"
"2022-02-08T19:15:18.556603,262284,recommendation request 17645-team17.isri.cmu.edu:8082, status 200, result: cry+freedom+1987, the+avengers+1998, frenzy+1972, the+other+side+of+the+mountain+1975, maze+2000, jungle+fever+1991, incognito+1997, prince+of+persia+the+sands+of+time+2010, love+story+1970, the+letter+1940, analyze+that+2002, white+palace+1990, raising+victor+vargas+2002, crush+2001, the+brave+one+2007, mascara+1999, bridesmaids+2011, from+the+hip+1987, blood+and+sand+1989, patton+1970, 504 ms"
"2022-02-08T19:15:18.595986,208113,recommendation request 17645-team17.isri.cmu.edu:8082, status 200, result: north+by+northwest+1959, dead+of+winter+1987, rollerball+1975, robot+stories+2003, drunken+angel+1948, intersection+1994, the+snowman+1982, the+conspiracy+2012, childs+play+3+1991, big+hero+6+2014, the+other+side+of+the+mountain+1975, a+family+thing+1996, psycho+1998, sanjuro+1962, planet+of+the+apes+2001, jaws+3-d+1983, beneath+the+planet+of+the+apes+1970, the+serpent+and+the+rainbow+1988, serial+1980, last+night+1998, 534 ms"
"2022-02-08T19:15:18.595125,253388,recommendation request 17645-team17.isri.cmu.edu:8082, status 200, result: mickeys+once+upon+a+christmas+1999, rollerball+1975, melody+time+1948, true+crime+1996, all+the+mornings+of+the+world+1991, dead+of+night+1945, made+in+u.s.a+1966, birdy+1984, spy+kids+3-d+game+over+2003, chicken+run+2000, the+man+without+a+face+1993, holy+motors+2012, saludos+amigos+1942, harem+1985, a+man+and+a+woman+1966, have+rocket_+will+travel+1959, conan+the+barbarian+1982, les+misrables+1934, the+three+stooges+in+orbit+1962, crossed+tracks+2007, 540 ms"
"2022-02-08T19:15:20.425158,101748,recommendation request 17645-team17.isri.cmu.edu:8082, status 200, result: tootsie+1982, criminal+law+1988, forbidden+zone+1980, the+house+of+yes+1997, intersection+1994, waking+up+in+reno+2002, frenzy+1972, p.s.+2004, cabin+boy+1994, gidget+1959, multiplicity+1996, phoenix+1998, to+catch+a+thief+1955, the+mighty+1998, high+anxiety+1977, play+it+to+the+bone+1999, juice+1992, little+voice+1998, the+muse+1999, double+indemnity+1944, 309 ms"
"2022-02-08T19:15:20.408482,233151,recommendation request 17645-team17.isri.cmu.edu:8082, status 200, result: six+pack+1982, a+goofy+movie+1995, p.s.+2004, maze+2000, a+time+to+kill+1996, a+family+thing+1996, freaky+friday+1976, vision+quest+1985, a+little+princess+1995, moving+1988, harry+and+tonto+1974, the+witches+of+eastwick+1987, the+yakuza+1974, the+brothers+2001, patriot+games+1992, shes+having+a+baby+1988, free+willy+3+the+rescue+1997, juice+1992, crush+2001, breakdown+1997, 325 ms"
"2022-02-08T19:15:20.479737,207080,recommendation request 17645-team17.isri.cmu.edu:8082, status 200, result: eyewitness+1981, switchback+1997, lockout+2012, courage+under+fire+1996, vision+quest+1985, a+little+princess+1995, haywire+2011, the+witches+of+eastwick+1987, guilty+as+sin+1993, patriot+games+1992, winnie+the+pooh+2011, juice+1992, island+2011, the+incredible+hulk+2008, breakdown+1997, the+man+who+knew+too+much+1956, hopscotch+1980, today+you+die+2005, ratatouille+2007, patton+1970, 352 ms"
"2022-02-08T19:15:20.487719,17062,recommendation request 17645-team17.isri.cmu.edu:8082, status 200, result: angst+1983, criminal+law+1988, bill+cosby+himself+1983, the+krays+1990, definitely_+maybe+2008, red+dawn+1984, the+promise+2005, the+pompatus+of+love+1996, fuck+2005, paul+2011, johnny+english+2003, the+devils+1971, malice+1993, the+yakuza+1974, we+are+the+best+2013, the+living+daylights+1987, scary+movie+5+2013, side+out+1990, four+minutes+2006, beyond+therapy+1987, 359 ms"
"2022-02-08T19:15:21.439730,238255,recommendation request 17645-team17.isri.cmu.edu:8082, status 200, result: cry+freedom+1987, barbershop+2002, intersection+1994, notting+hill+1999, p.s.+2004, loving+you+1957, the+other+side+of+the+mountain+1975, maze+2000, fuck+2005, another+thin+man+1939, the+island+1980, harem+1985, the+brothers+2001, opportunity+knocks+1990, my+beautiful+laundrette+1985, junebug+2005, crush+2001, mobsters+1991, heartbreakers+2001, a+place+in+the+sun+1951, 323 ms"
"2022-02-08T19:15:21.467966,231521,recommendation request 17645-team17.isri.cmu.edu:8082, status 200, result: mary+poppins+1964, lockout+2012, off+limits+1988, the+addams+family+1991, the+last+minute+2001, in+the+line+of+fire+1993, big+top+pee-wee+1988, freaky+friday+1976, haywire+2011, dead+reckoning+1947, the+yakuza+1974, island+2011, in+hell+2003, good+burger+1997, above+the+law+1988, 10th++wolf+2006, they+made+me+a+criminal+1939, little+monsters+1989, white+sands+1992, the+signal+2007, 305 ms"
"2022-02-08T19:15:21.577797,90754,recommendation request 17645-team17.isri.cmu.edu:8082, status 400, result: movie 1 not found, 409 ms"
"2022-02-08T19:15:21.590845,303150,recommendation request 17645-team17.isri.cmu.edu:8082, status 200, result: eyewitness+1981, curdled+1996, rollerball+1975, about+last+night...+1986, robot+stories+2003, the+last+of+the+mohicans+1992, the+longest+day+1962, major+league+ii+1994, a+goofy+movie+1995, 633+squadron+1964, vision+quest+1985, a+little+princess+1995, the+virgin+suicides+1999, moving+1988, taxi+2004, the+witches+of+eastwick+1987, for+keeps+1988, modesty+blaise+1966, junebug+2005, the+hitch-hiker+1953, 414 ms"
"2022-02-08T19:15:21.585902,17247,recommendation request 17645-team17.isri.cmu.edu:8082, status 200, result: the+perfect+score+2004, eyewitness+1981, rollerball+1975, bon+cop+bad+cop+2006, lockout+2012, punchline+1988, city+slickers+1991, p.s.+2004, a+goofy+movie+1995, barbarosa+1982, maze+2000, a+christmas+carol+2009, dont+tell+her+its+me+1990, chronicle+2012, bad+girls+1994, haywire+2011, planet+of+the+apes+2001, the+brothers+2001, geronimo+an+american+legend+1993, island+2011, 359 ms"
"2022-02-08T19:15:22.391922,217520,recommendation request 17645-team17.isri.cmu.edu:8082, status 200, result: a+dangerous+place+2012, sleepers+1996, six+pack+1982, the+house+of+yes+1997, the+errand+boy+1961, true+crime+1996, fathers+little+dividend+1951, a+family+thing+1996, cabin+boy+1994, bachelor+in+paradise+1961, taxi+2004, love+crazy+1941, harry+and+tonto+1974, guilty+as+sin+1993, the+letter+1940, phoenix+1998, the+yakuza+1974, the+client+1994, on+the+town+1949, the+mighty+1998, 309 ms"
"2022-02-08T19:15:22.424971,232822,recommendation request 17645-team17.isri.cmu.edu:8082, status 200, result: the+nest+2002, what+doesnt+kill+you+2008, melody+time+1948, 8+seconds+1994, doc+hollywood+1991, walle+2008, big+hero+6+2014, the+aristocats+1970, parker+2013, once+bitten+1985, frankenstein+meets+the+wolf+man+1943, the+brothers+mcmullen+1995, johnny+english+2003, ice+castles+1978, moving+1988, saludos+amigos+1942, cars+2+2011, junebug+2005, rush+hour+3+2007, from+here+to+eternity+1953, 344 ms"
"2022-02-08T19:15:22.471818,276936,recommendation request 17645-team17.isri.cmu.edu:8082, status 200, result: cry+freedom+1987, what+doesnt+kill+you+2008, bossa+nova+2000, melody+time+1948, dont+move+2004, sling+blade+1996, frenzy+1972, sleeping+beauty+1959, maze+2000, a+time+to+kill+1996, the+way+2010, in+the+line+of+fire+1993, the+brothers+mcmullen+1995, iris+2001, phoenix+1998, saludos+amigos+1942, the+mighty+1998, jurassic+park+1993, an+education+2009, crush+2001, 367 ms"
"2022-02-08T19:15:23.435203,273969,recommendation request 17645-team17.isri.cmu.edu:8082, status 200, result: shampoo+1975, cry+freedom+1987, rollerball+1975, the+five+senses+1999, the+proprietor+1996, the+snowman+1982, star+wars+episode+iii+-+revenge+of+the+sith+2005, p.s.+2004, z+1969, lifeboat+1944, dick+tracy+1990, splash+1984, nims+island+2008, planet+of+the+apes+2001, veronica+guerin+2003, hook+1991, 7+seconds+2005, dugs+special+mission+2009, bingo+1991, ratatouille+2007, 400 ms"
"2022-02-08T19:15:23.523798,267555,recommendation request 17645-team17.isri.cmu.edu:8082, status 200, result: shampoo+1975, rollerball+1975, the+last+of+the+mohicans+1992, intersection+1994, the+proprietor+1996, punchline+1988, the+longest+day+1962, desert+blue+1999, a+goofy+movie+1995, american+psycho+2000, 633+squadron+1964, the+pompatus+of+love+1996, freaky+friday+1976, a+little+princess+1995, your+friends++neighbors+1998, love+story+1970, planet+of+the+apes+2001, junebug+2005, crush+2001, some+days+are+better+than+others+2011, 487 ms"
"2022-02-08T19:15:23.523430,248515,recommendation request 17645-team17.isri.cmu.edu:8082, status 200, result: eyewitness+1981, lockout+2012, a+goofy+movie+1995, freaky+friday+1976, gumby+the+movie+1995, haywire+2011, moving+1988, the+brood+1979, 9+2005, patriot+games+1992, shivers+1975, junebug+2005, shes+having+a+baby+1988, juice+1992, lifted+2006, breakdown+1997, hopscotch+1980, my+one+and+only+2009, the+emperors+new+groove+2000, dinoshark+2010, 479 ms"
"2022-02-08T19:15:23.622552,133168,recommendation request 17645-team17.isri.cmu.edu:8082, status 200, result: the+cat+in+the+hat+2003, cry+freedom+1987, werewolves+on+wheels+1971, melody+time+1948, ed+1996, the+proprietor+1996, p.s.+2004, shaft+in+africa+1973, the+wash+2001, lethal+weapon+3+1992, the+aristocats+1970, nims+island+2008, inception+2010, z+1969, lifeboat+1944, saludos+amigos+1942, wake+of+death+2004, how+the+grinch+stole+christmas+2000, the+brave+one+2007, above+the+law+1988, 581 ms"
"2022-02-08T19:15:23.623697,243718,recommendation request 17645-team17.isri.cmu.edu:8082, status 200, result: the+glimmer+man+1996, rollerball+1975, the+last+of+the+mohicans+1992, p.s.+2004, son+of+the+mask+2005, under+siege+1992, a+time+to+kill+1996, father+of+the+bride+1991, cabin+boy+1994, northfork+2003, forrest+gump+1994, highlander+the+search+for+vengeance+2007, love+story+1970, the+yakuza+1974, topper+1937, planet+of+the+apes+2001, for+keeps+1988, on+deadly+ground+1994, shes+having+a+baby+1988, from+here+to+eternity+1953, 513 ms"
"2022-02-08T19:15:24.468855,139558,recommendation request 17645-team17.isri.cmu.edu:8082, status 200, result: rollerball+1975, ed+1996, the+punisher+1989, family+plot+1976, p.s.+2004, analyze+this+1999, lethal+weapon+3+1992, the+pompatus+of+love+1996, forrest+gump+1994, inception+2010, casper+1995, moving+1988, iris+2001, wake+of+death+2004, planet+of+the+apes+2001, hackers+1995, 2010+moby+dick+2010, the+serpent+and+the+rainbow+1988, we+are+the+best+2013, conan+the+barbarian+1982, 447 ms"
"2022-02-08T19:15:24.465739,118607,recommendation request 17645-team17.isri.cmu.edu:8082, status 200, result: gleaming+the+cube+1989, eyewitness+1981, rollerball+1975, the+house+of+yes+1997, the+last+of+the+mohicans+1992, the+longest+day+1962, 633+squadron+1964, haywire+2011, moving+1988, grand+canyon+1991, the+verdict+1982, paparazzi+2004, the+island+1980, the+mighty+1998, beyond+the+sea+2004, jurassic+park+1993, kull+the+conqueror+1997, the+truman+show+1998, predator+1987, bingo+1991, 436 ms"
"2022-02-08T19:15:24.540049,228760,recommendation request 17645-team17.isri.cmu.edu:8082, status 200, result: shampoo+1975, cry+freedom+1987, what+doesnt+kill+you+2008, six+pack+1982, the+longest+day+1962, punchline+1988, dances+with+wolves+1990, p.s.+2004, frenzy+1972, courage+under+fire+1996, maze+2000, edward+scissorhands+1990, a+time+to+kill+1996, the+aristocats+1970, nims+island+2008, lifeboat+1944, grand+illusion+1937, the+verdict+1982, where+the+heart+is+2000, big+bad+mama+1974, 510 ms"
"2022-02-08T19:15:24.543053,299335,recommendation request 17645-team17.isri.cmu.edu:8082, status 200, result: frenzy+1972, the+other+side+of+the+mountain+1975, dick+tracy+1990, paul+2011, ice+castles+1978, johnny+english+2003, moving+1988, harry+and+tonto+1974, fabled+2002, the+matrix+revolutions+2003, junebug+2005, island+2011, conan+the+barbarian+1982, from+here+to+eternity+1953, ali+2001, the+brave+one+2007, the+fury+1978, romeo+and+juliet+1936, the+loves+of+carmen+1948, dinoshark+2010, 519 ms"
"2022-02-08T19:15:24.554960,32770,recommendation request 17645-team17.isri.cmu.edu:8082, status 200, result: life+is+beautiful+1997, mickeys+once+upon+a+christmas+1999, the+five+senses+1999, the+dresser+1983, ed+1996, the+other+side+of+the+mountain+1975, contempt+1963, gods+not+dead+2014, fuck+2005, birdy+1984, in+the+line+of+fire+1993, dollars+1971, gumby+the+movie+1995, casper+1995, the+verdict+1982, the+letter+1940, harem+1985, albatross+2011, jurassic+park+1993, bottle+rocket+1996, 521 ms"
"2022-02-08T19:15:25.664898,236352,recommendation request 17645-team17.isri.cmu.edu:8082, status 200, result: rollerball+1975, nothing+but+trouble+1991, oh_+god+1977, 8+seconds+1994, p.s.+2004, the+promise+2005, maze+2000, lethal+weapon+3+1992, the+brothers+mcmullen+1995, inception+2010, phoenix+1998, wake+of+death+2004, the+brothers+2001, murphys+romance+1985, the+matrix+1999, crush+2001, cherrybomb+2009, made+of+honor+2008, juno+2007, ratatouille+2007, 579 ms"
"2022-02-08T19:15:25.666482,50385,recommendation request 17645-team17.isri.cmu.edu:8082, status 200, result: tootsie+1982, forbidden+zone+1980, me+and+you+and+everyone+we+know+2005, something+wild+1986, head+1968, the+proprietor+1996, sling+blade+1996, p.s.+2004, the+clowns+1970, the+sting+1973, that+was+then...+this+is+now+1985, maze+2000, never+again+2002, emma+2009, gidget+1959, multiplicity+1996, to+catch+a+thief+1955, the+brothers+2001, only+you+1994, the+mighty+1998, 553 ms"
"2022-02-08T19:15:25.713314,141425,recommendation request 17645-team17.isri.cmu.edu:8082, status 200, result: the+perfect+score+2004, bon+cop+bad+cop+2006, melody+time+1948, six+pack+1982, a+goofy+movie+1995, the+aristocats+1970, a+family+thing+1996, freaky+friday+1976, a+little+princess+1995, detective+story+1951, fulltime+killer+2001, in+too+deep+1999, harry+and+tonto+1974, saludos+amigos+1942, the+yakuza+1974, juice+1992, the+incredible+hulk+2008, scarface+1932, hook+1991, 10th++wolf+2006, 621 ms"
"2022-02-08T19:15:25.730889,11058,recommendation request 17645-team17.isri.cmu.edu:8082, status 200, result: shampoo+1975, eyewitness+1981, cry+freedom+1987, n+1998, punchline+1988, major+league+ii+1994, p.s.+2004, frenzy+1972, the+other+side+of+the+mountain+1975, maze+2000, an+amazing+couple+2002, moving+1988, masterminds+1997, money+train+1995, the+brothers+2001, gone+in+sixty+seconds+2000, white+palace+1990, modesty+blaise+1966, les+destines+sentimentales+2000, island+2011, 613 ms"
"2022-02-08T19:15:25.749880,182956,recommendation request 17645-team17.isri.cmu.edu:8082, status 200, result: eyewitness+1981, rollerball+1975, arranged+2007, switchback+1997, the+conspiracy+2012, identity+2003, big+hero+6+2014, spy+kids+3-d+game+over+2003, haywire+2011, paparazzi+2004, the+island+1980, lionheart+1990, jurassic+park+1993, modesty+blaise+1966, kull+the+conqueror+1997, juice+1992, body+double+1984, island+2011, above+the+law+1988, hopscotch+1980, 661 ms"
"2022-02-08T19:15:25.734055,32390,recommendation request 17645-team17.isri.cmu.edu:8082, status 200, result: the+glimmer+man+1996, six+pack+1982, the+punisher+1989, a+goofy+movie+1995, red+dawn+1984, under+siege+1992, a+time+to+kill+1996, a+family+thing+1996, freaky+friday+1976, forrest+gump+1994, paintball+2009, harry+and+tonto+1974, love+story+1970, guilty+as+sin+1993, the+yakuza+1974, on+deadly+ground+1994, shes+having+a+baby+1988, the+living+daylights+1987, above+the+law+1988, 10th++wolf+2006, 627 ms"
"2022-02-08T19:15:26.493313,10767,recommendation request 17645-team17.isri.cmu.edu:8082, status 200, result: drop+zone+1994, switchback+1997, street+fighter+the+legend+of+chun-li+2009, red+dawn+1984, courage+under+fire+1996, mystery_+alaska+1999, without+a+paddle+2004, detective+story+1951, pride+2014, pitch+black+2000, wake+of+death+2004, planet+of+the+apes+2001, the+saint+1997, another+earth+2011, beyond+the+sea+2004, changing+lanes+2002, island+2011, above+the+law+1988, hopscotch+1980, jennifer+eight+1992, 448 ms"
"2022-02-08T19:15:26.501776,110536,recommendation request 17645-team17.isri.cmu.edu:8082, status 200, result: the+avengers+1998, dial+m+for+murder+1954, p.s.+2004, maze+2000, never+again+2002, incognito+1997, emma+2009, analyze+that+2002, the+brothers+2001, only+you+1994, dedication+2007, crush+2001, the+brave+one+2007, get+over+it+2001, swordfish+2001, taking+lives+2004, untitled+2009, training+day+2001, telling+you+1998, still+breathing+1997, 451 ms"
"2022-02-08T19:15:26.542210,135573,recommendation request 17645-team17.isri.cmu.edu:8082, status 200, result: gleaming+the+cube+1989, see+spot+run+2001, six+pack+1982, p.s.+2004, edward+scissorhands+1990, gods+not+dead+2014, in+the+line+of+fire+1993, 42nd+street+1933, on+moonlight+bay+1951, moving+1988, grand+canyon+1991, the+verdict+1982, dead+reckoning+1947, masterminds+1997, national+lampoons+loaded+weapon+1+1993, malice+1993, money+train+1995, gone+in+sixty+seconds+2000, analyze+that+2002, national+lampoons+vacation+1983, 497 ms"
"2022-02-08T19:15:26.629509,40352,recommendation request 17645-team17.isri.cmu.edu:8082, status 200, result: n+1998, wreck-it+ralph+2012, the+five+senses+1999, the+house+of+yes+1997, 8+seconds+1994, the+snowman+1982, a+goofy+movie+1995, altered+2006, the+andromeda+strain+1971, detective+story+1951, the+flying+saucer+1950, everyones+hero+2006, the+mighty+1998, wargames+1983, quartet+1981, from+the+hip+1987, made+of+honor+2008, jennifer+eight+1992, atonement+2007, ruby++quentin+2003, 534 ms"
"2022-02-08T19:15:26.698714,111888,recommendation request 17645-team17.isri.cmu.edu:8082, status 200, result: rollerball+1975, six+pack+1982, notting+hill+1999, p.s.+2004, cookie+1989, maze+2000, freaky+friday+1976, a+shock+to+the+system+1990, phoenix+1998, the+island+1980, planet+of+the+apes+2001, the+brothers+2001, my+beautiful+laundrette+1985, jurassic+park+1993, kull+the+conqueror+1997, crush+2001, from+here+to+eternity+1953, the+juror+1996, ali+2001, untitled+2009, 564 ms"
"2022-02-08T19:15:26.723224,66979,recommendation request 17645-team17.isri.cmu.edu:8082, status 200, result: and+now...+ladies+and+gentlemen...+2002, book+of+shadows+blair+witch+2+2000, the+conspiracy+2012, louis+c.k.+oh+my+god+2013, frenzy+1972, a+family+thing+1996, casper+1995, moving+1988, guilty+as+sin+1993, joy+ride+2001, jurassic+park+1993, junebug+2005, bottle+rocket+1996, ali+2001, hook+1991, oh_+god+book+ii+1980, my+one+and+only+2009, jennifer+eight+1992, rushmore+1998, spasmo+1974, 641 ms"
"2022-02-08T19:15:26.726303,40854,recommendation request 17645-team17.isri.cmu.edu:8082, status 200, result: drop+zone+1994, the+avengers+1998, family+plot+1976, frenzy+1972, true+crime+1996, red+dawn+1984, incognito+1997, in+the+line+of+fire+1993, the+hound+of+the+baskervilles+1978, without+a+paddle+2004, the+saint+1997, patriot+games+1992, changing+lanes+2002, body+double+1984, have+rocket_+will+travel+1959, fail+safe+2000, red+2010, galaxina+1980, the+party+2+1982, the+cheap+detective+1978, 631 ms"
"2022-02-08T19:15:27.542576,293274,recommendation request 17645-team17.isri.cmu.edu:8082, status 200, result: rollerball+1975, dark+city+1950, frenzy+1972, true+crime+1996, barbarosa+1982, the+andromeda+strain+1971, in+the+line+of+fire+1993, made+in+u.s.a+1966, dick+tracy+1990, spy+kids+3-d+game+over+2003, trail+of+the+pink+panther+1982, psycho+1998, curse+of+the+pink+panther+1983, critters+1986, apocalypto+2006, moving+1988, silver+city+2004, the+yakuza+1974, gravity+2013, battle+for+terra+2007, 459 ms"
"2022-02-08T19:15:28.437564,158864,recommendation request 17645-team17.isri.cmu.edu:8082, status 200, result: pandorum+2009, the+five+senses+1999, barbershop+2002, picture+perfect+1997, 8+seconds+1994, the+proprietor+1996, last+holiday+2006, doc+hollywood+1991, p.s.+2004, johnny+english+2003, excision+2012, another+thin+man+1939, moving+1988, almost+famous+2000, rosemarys+baby+1968, beyond+the+sea+2004, warriors+of+heaven+and+earth+2003, x+the+unknown+1956, azumi+2003, dinoshark+2010, 377 ms"
"2022-02-08T19:15:28.458982,266486,recommendation request 17645-team17.isri.cmu.edu:8082, status 200, result: switchback+1997, lockout+2012, p.s.+2004, frenzy+1972, son+of+the+mask+2005, true+crime+1996, vision+quest+1985, freaky+friday+1976, a+little+princess+1995, haywire+2011, love+story+1970, the+witches+of+eastwick+1987, topper+1937, winnie+the+pooh+2011, shes+having+a+baby+1988, the+women+2008, the+man+who+knew+too+much+1956, ratatouille+2007, spasmo+1974, they+made+me+a+criminal+1939, 403 ms"
"2022-02-08T19:15:28.542265,65323,recommendation request 17645-team17.isri.cmu.edu:8082, status 200, result: n+1998, drop+zone+1994, rollerball+1975, and+now...+ladies+and+gentlemen...+2002, towelhead+2008, the+proprietor+1996, double+team+1997, barbarosa+1982, z+1969, johnny+english+2003, casper+1995, the+saint+1997, planet+of+the+apes+2001, changing+lanes+2002, shes+having+a+baby+1988, hook+1991, bloodsport+ii+1996, all+or+nothing+2002, bulletproof+1996, the+one+2001, 464 ms"
"2022-02-08T19:15:28.581656,16596,recommendation request 17645-team17.isri.cmu.edu:8082, status 200, result: rollerball+1975, robot+stories+2003, ed+1996, star+wars+episode+iii+-+revenge+of+the+sith+2005, p.s.+2004, the+other+side+of+the+mountain+1975, maze+2000, jungle+fever+1991, casper+1995, the+beverly+hillbillies+1993, planet+of+the+apes+2001, jurassic+park+1993, crush+2001, conan+the+barbarian+1982, last+night+1998, the+fury+1978, hook+1991, dungeons++dragons+2000, little+murders+1971, patton+1970, 505 ms"
"2022-02-08T19:15:28.605328,261983,recommendation request 17645-team17.isri.cmu.edu:8082, status 200, result: eyewitness+1981, curdled+1996, mary+poppins+1964, p.s.+2004, maze+2000, the+addams+family+1991, vision+quest+1985, freaky+friday+1976, a+little+princess+1995, the+witches+of+eastwick+1987, the+letter+1940, guilty+as+sin+1993, the+brothers+2001, winnie+the+pooh+2011, the+hitch-hiker+1953, crush+2001, mobsters+1991, hopscotch+1980, untitled+2009, today+you+die+2005, 528 ms"
"2022-02-08T19:15:30.426452,190853,recommendation request 17645-team17.isri.cmu.edu:8082, status 200, result: can-can+1960, taps+1981, lucas+1986, the+rose+1979, get+real+1998, like+it+is+1998, nine+lives+2005, the+robe+1953, cluny+brown+1946, the+other+side+of+the+mountain+1975, pinky+1949, the+mother+2003, the+verdict+1982, jane+eyre+1943, away+from+her+2006, a+letter+to+three+wives+1949, anywhere+but+here+1999, gentlemans+agreement+1947, david+and+bathsheba+1951, the+locusts+1997, 294 ms"
"2022-02-08T19:15:30.451323,289591,recommendation request 17645-team17.isri.cmu.edu:8082, status 200, result: the+nest+2002, shampoo+1975, what+doesnt+kill+you+2008, the+last+of+the+mohicans+1992, punchline+1988, the+amazing+spider-man+2012, the+golden+voyage+of+sinbad+1973, p.s.+2004, 633+squadron+1964, parker+2013, macgruber+2010, lifeboat+1944, z+1969, grand+illusion+1937, johnny+english+2003, splash+1984, heavens+gate+1980, harem+1985, rush+hour+3+2007, island+2011, 348 ms"
"2022-02-08T19:15:30.519126,39448,recommendation request 17645-team17.isri.cmu.edu:8082, status 200, result: gleaming+the+cube+1989, life+is+beautiful+1997, cry+freedom+1987, the+five+senses+1999, the+avengers+1998, last+holiday+2006, p.s.+2004, courage+under+fire+1996, maze+2000, incognito+1997, the+verdict+1982, paparazzi+2004, signs+of+life+1968, analyze+that+2002, the+brothers+2001, 9+2005, crush+2001, the+brave+one+2007, conan+the+barbarian+1982, island+2011, 432 ms"
"2022-02-08T19:15:30.514344,195537,recommendation request 17645-team17.isri.cmu.edu:8082, status 200, result: north+by+northwest+1959, sleepers+1996, dark+city+1950, dark+alibi+1946, frenzy+1972, loving+you+1957, light+it+up+1999, a+time+to+kill+1996, casper+1995, silver+city+2004, island+2011, the+brave+one+2007, x+the+unknown+1956, hook+1991, dark+passage+1947, the+emperors+new+groove+2000, high+sierra+1941, ratatouille+2007, spasmo+1974, chicken+little+2005, 334 ms"
"2022-02-08T19:15:32.349800,48453,recommendation request 17645-team17.isri.cmu.edu:8082, status 200, result: barbershop+2002, raging+bull+1980, the+punisher+1989, voices+of+a+distant+star+2002, childs+play+3+1991, streets+of+fire+1984, barbarosa+1982, a+family+thing+1996, another+thin+man+1939, paintball+2009, ricomincio+da+tre+1981, 9+2005, albatross+2011, sanjuro+1962, the+comancheros+1961, the+sword+of+doom+1966, 7+seconds+2005, down+in+the+delta+1998, bulletproof+1996, house+of+frankenstein+1944, 293 ms"
"2022-02-08T19:15:32.547453,61274,recommendation request 17645-team17.isri.cmu.edu:8082, status 200, result: american+virgin+2000, bill+cosby+himself+1983, american+splendor+2003, a.c.o.d.+2013, summer+rental+1985, indian+summer+1993, stolen+summer+2002, beautiful+2000, summer+school+1987, are+you+here+2013, american+the+bill+hicks+story+2010, american+reunion+2012, all+i+wanna+do+1998, beyond+therapy+1987, american+addict+2012, an+american+carol+2008, a+long+hot+summer+1999, hot+pursuit+1987, hot+to+trot+1988, hot+rod+2007, 493 ms"
"2022-02-08T19:15:33.525850,81016,recommendation request 17645-team17.isri.cmu.edu:8082, status 200, result: curdled+1996, the+conspiracy+2012, frenzy+1972, true+crime+1996, p.s.+2004, maze+2000, lethal+weapon+3+1992, the+hound+of+the+baskervilles+1978, casper+1995, the+yakuza+1974, the+brothers+2001, jurassic+park+1993, serial+1980, crush+2001, the+matrix+1999, untitled+2009, today+you+die+2005, spasmo+1974, chicken+little+2005, they+made+me+a+criminal+1939, 454 ms"
"2022-02-08T19:15:33.547591,152094,recommendation request 17645-team17.isri.cmu.edu:8082, status 200, result: narc+2002, sullivans+travels+1941, about+last+night...+1986, the+proprietor+1996, last+holiday+2006, spirit+stallion+of+the+cimarron+2002, american+gangster+2007, without+a+paddle+2004, z+1969, moving+1988, paintball+2009, analyze+that+2002, look+whos+talking+too+1990, side+out+1990, jennifer+eight+1992, come+see+the+paradise+1990, gods+and+monsters+1998, shrek+the+third+2007, the+allnighter+1987, beyond+the+poseidon+adventure+1979, 448 ms"
"2022-02-08T19:15:33.547934,56487,recommendation request 17645-team17.isri.cmu.edu:8082, status 200, result: the+switch+2010, spartacus+1960, analyze+this+1999, a+family+thing+1996, birdy+1984, forrest+gump+1994, moving+1988, masterminds+1997, albatross+2011, dead+presidents+1995, junebug+2005, shes+having+a+baby+1988, island+2011, breakdown+1997, hopscotch+1980, juno+2007, my+one+and+only+2009, taking+chance+2009, knockout+2000, stardust+memories+1980, 410 ms"
"2022-02-08T19:15:33.593337,145155,recommendation request 17645-team17.isri.cmu.edu:8082, status 200, result: eyewitness+1981, flipped+2010, 8+seconds+1994, missing+1982, p.s.+2004, i+like+it+like+that+1994, mystery_+alaska+1999, courage+under+fire+1996, the+other+side+of+the+mountain+1975, get+out+your+handkerchiefs+1978, one+eight+seven+1997, guilty+as+sin+1993, the+yakuza+1974, the+client+1994, topper+1937, joy+ride+2001, full+speed+1996, junebug+2005, an+education+2009, island+2011, 426 ms"
"2022-02-08T19:15:34.403074,4318,recommendation request 17645-team17.isri.cmu.edu:8082, status 200, result: a+dangerous+place+2012, the+perfect+score+2004, bon+cop+bad+cop+2006, about+last+night...+1986, dances+with+wolves+1990, p.s.+2004, maze+2000, fuck+2005, veronica+guerin+2003, crush+2001, the+nuns+story+1959, side+out+1990, outrage+2009, beyond+the+poseidon+adventure+1979, boy+a+2007, l.i.e.+2001, nothing+in+common+1986, kidnapped+1960, hospital+1970, johnny+belinda+1948, 310 ms"
"2022-02-08T19:15:34.567825,182355,recommendation request 17645-team17.isri.cmu.edu:8082, status 200, result: the+long+goodbye+1973, life+is+beautiful+1997, drop+zone+1994, the+five+senses+1999, bill+cosby+himself+1983, doc+hollywood+1991, the+next+three+days+2010, true+crime+1996, contempt+1963, harry+and+tonto+1974, phoenix+1998, the+saint+1997, junebug+2005, changing+lanes+2002, hollywood+sex+wars+2011, island+2011, have+rocket_+will+travel+1959, millions+2005, from+the+hip+1987, 7+seconds+2005, 467 ms"
"2022-02-08T19:15:34.580175,96445,recommendation request 17645-team17.isri.cmu.edu:8082, status 200, result: american+virgin+2000, mickeys+once+upon+a+christmas+1999, barbershop+2002, the+five+senses+1999, rollerball+1975, dark+city+1950, 8+seconds+1994, the+proprietor+1996, book+of+shadows+blair+witch+2+2000, the+conspiracy+2012, the+other+side+of+the+mountain+1975, fuck+2005, chicken+run+2000, another+thin+man+1939, bachelor+in+paradise+1961, love+crazy+1941, back+to+school+1986, planet+of+the+apes+2001, on+the+town+1949, class+1983, 454 ms"
"2022-02-08T19:15:34.585824,138042,recommendation request 17645-team17.isri.cmu.edu:8082, status 200, result: american+virgin+2000, eyewitness+1981, switchback+1997, nothing+but+trouble+1991, rollerball+1975, last+holiday+2006, p.s.+2004, scorpio+1973, crossroads+2002, son+of+the+mask+2005, in+too+deep+1999, paparazzi+2004, wake+of+death+2004, topper+1937, mobsters+1991, the+women+2008, above+the+law+1988, the+man+who+knew+too+much+1956, bingo+1991, firestarter+1984, 488 ms"
"2022-02-08T19:15:35.457802,262478,recommendation request 17645-team17.isri.cmu.edu:8082, status 200, result: shampoo+1975, rollerball+1975, p.s.+2004, frenzy+1972, dont+move+2004, vision+quest+1985, a+family+thing+1996, nims+island+2008, forrest+gump+1994, random+hearts+1999, love+story+1970, planet+of+the+apes+2001, beyond+the+sea+2004, desk+set+1957, out+to+sea+1997, junebug+2005, shes+having+a+baby+1988, texasville+1990, hook+1991, my+one+and+only+2009, 416 ms"
"2022-02-08T19:15:35.480930,289567,recommendation request 17645-team17.isri.cmu.edu:8082, status 200, result: eyewitness+1981, rollerball+1975, the+amazing+spider-man+2012, the+golden+voyage+of+sinbad+1973, an+amazing+couple+2002, the+brothers+mcmullen+1995, birdy+1984, z+1969, masterminds+1997, harem+1985, planet+of+the+apes+2001, dry+cleaning+1997, full+speed+1996, junebug+2005, side+out+1990, eight+men+out+1988, juno+2007, my+one+and+only+2009, today+you+die+2005, divergent+2014, 434 ms"
"2022-02-08T19:15:35.484204,29676,recommendation request 17645-team17.isri.cmu.edu:8082, status 200, result: the+perfect+score+2004, mickeys+once+upon+a+christmas+1999, top+secret+1984, six+pack+1982, a+goofy+movie+1995, p.s.+2004, mackennas+gold+1969, a+family+thing+1996, freaky+friday+1976, gumby+the+movie+1995, harry+and+tonto+1974, phoenix+1998, the+longest+yard+1974, winnie+the+pooh+2011, return+to+the+blue+lagoon+1991, ali+2001, the+emperors+new+groove+2000, ratatouille+2007, trouble+in+paradise+1932, romeo+is+bleeding+1993, 420 ms"
"2022-02-08T19:15:35.483119,144210,recommendation request 17645-team17.isri.cmu.edu:8082, status 200, result: the+perfect+score+2004, wreck-it+ralph+2012, curdled+1996, rollerball+1975, the+amazing+spider-man+2012, last+holiday+2006, a+goofy+movie+1995, crossroads+2002, the+aristocats+1970, american+gangster+2007, without+a+paddle+2004, freaky+friday+1976, prince+of+persia+the+sands+of+time+2010, spy+kids+3-d+game+over+2003, johnny+english+2003, the+island+1980, the+longest+yard+1974, cars+2+2011, the+hitch-hiker+1953, mobsters+1991, 435 ms"
"2022-02-08T19:15:36.380787,65240,recommendation request 17645-team17.isri.cmu.edu:8082, status 200, result: switchback+1997, punchline+1988, city+slickers+1991, notting+hill+1999, a+goofy+movie+1995, p.s.+2004, courage+under+fire+1996, barbarosa+1982, maze+2000, a+time+to+kill+1996, freaky+friday+1976, forrest+gump+1994, bad+girls+1994, moving+1988, love+story+1970, the+yakuza+1974, the+brothers+2001, my+beautiful+laundrette+1985, winnie+the+pooh+2011, free+willy+3+the+rescue+1997, 345 ms"
"2022-02-08T19:15:36.489869,142892,recommendation request 17645-team17.isri.cmu.edu:8082, status 200, result: chasers+1994, bill+cosby+himself+1983, double+jeopardy+1999, h.o.t.s.+1979, below+2002, frenzy+1972, primal+fear+1996, sorority+row+2009, a.c.o.d.+2013, never+again+2002, the+last+minute+2001, gaslight+1940, domestic+disturbance+2001, putzel+2012, six+shooter+2004, blow+out+1981, beautiful+2000, in+the+soup+1992, zodiac+2007, juice+1992, 468 ms"
"2022-02-08T19:15:36.489612,27348,recommendation request 17645-team17.isri.cmu.edu:8082, status 200, result: curdled+1996, cry+freedom+1987, coldblooded+1995, sleepers+1996, frenzy+1972, true+crime+1996, forrest+gump+1994, the+beverly+hillbillies+1993, dumb+and+dumber+to+2014, love+story+1970, the+letter+1940, phoenix+1998, the+yakuza+1974, the+client+1994, shes+having+a+baby+1988, the+hitch-hiker+1953, mobsters+1991, dark+passage+1947, spasmo+1974, hall+pass+2011, 445 ms"
"2022-02-08T19:15:37.332760,39580,recommendation request 17645-team17.isri.cmu.edu:8082, status 200, result: serenity+2005, switchback+1997, rollerball+1975, suburban+commando+1991, being+human+1994, oh_+god+1977, now_+voyager+1942, airport+77+1977, p.s.+2004, frenzy+1972, hollow+man+2000, enough+2002, that+was+then...+this+is+now+1985, light+it+up+1999, the+andromeda+strain+1971, psycho+1998, lionheart+1990, sudden+death+1995, renegades+1989, running+scared+1986, 268 ms"
"2022-02-08T19:15:37.403494,214387,recommendation request 17645-team17.isri.cmu.edu:8082, status 200, result: the+perfect+score+2004, eyewitness+1981, bon+cop+bad+cop+2006, six+pack+1982, lockout+2012, rambo+first+blood+part+ii+1985, code+of+silence+1985, a+time+to+kill+1996, a+family+thing+1996, vision+quest+1985, a+little+princess+1995, in+the+line+of+fire+1993, haywire+2011, harry+and+tonto+1974, the+witches+of+eastwick+1987, phoenix+1998, dead+reckoning+1947, the+yakuza+1974, serial+1980, the+hot+spot+1990, 337 ms"
"2022-02-08T19:15:37.437625,257149,recommendation request 17645-team17.isri.cmu.edu:8082, status 200, result: north+by+northwest+1959, american+virgin+2000, the+new+age+1994, rollerball+1975, coldblooded+1995, 8+seconds+1994, the+proprietor+1996, star+wars+episode+iii+-+revenge+of+the+sith+2005, a+time+to+kill+1996, lifeboat+1944, dumb+and+dumber+to+2014, hot+tub+time+machine+2010, the+letter+1940, planet+of+the+apes+2001, the+yakuza+1974, the+client+1994, hall+pass+2011, they+made+me+a+criminal+1939, divergent+2014, bring+it+on+again+2004, 354 ms"
"2022-02-08T19:15:38.412355,7147,recommendation request 17645-team17.isri.cmu.edu:8082, status 200, result: mary+poppins+1964, the+last+of+the+mohicans+1992, punchline+1988, city+slickers+1991, p.s.+2004, son+of+the+mask+2005, courage+under+fire+1996, barbarosa+1982, deep+rising+1998, maze+2000, the+addams+family+1991, vision+quest+1985, freaky+friday+1976, a+little+princess+1995, bad+girls+1994, the+witches+of+eastwick+1987, guilty+as+sin+1993, topper+1937, the+brothers+2001, for+keeps+1988, 312 ms"
"2022-02-08T19:15:39.426275,220709,recommendation request 17645-team17.isri.cmu.edu:8082, status 200, result: into+eternity+2010, arranged+2007, something+new+2006, wisegirls+2002, intersection+1994, the+conspiracy+2012, p.s.+2004, that+was+then...+this+is+now+1985, maze+2000, a+time+to+kill+1996, fuck+2005, emma+2009, big+trouble+2002, blood_+guts_+bullets+and+octane+1998, masterminds+1997, regarding+henry+1991, the+browning+version+1994, patriot+games+1992, the+brothers+2001, the+burbs+1989, 397 ms"
"2022-02-08T19:15:39.471797,241657,recommendation request 17645-team17.isri.cmu.edu:8082, status 200, result: shampoo+1975, cry+freedom+1987, the+snows+of+kilimanjaro+1952, p.s.+2004, loving+you+1957, the+other+side+of+the+mountain+1975, maze+2000, lethal+weapon+3+1992, dick+tracy+1990, random+hearts+1999, paparazzi+2004, the+yakuza+1974, this+property+is+condemned+1966, the+brothers+2001, gravity+2013, an+education+2009, crush+2001, the+women+2008, texasville+1990, bingo+1991, 457 ms"
"2022-02-08T19:15:39.544398,79441,recommendation request 17645-team17.isri.cmu.edu:8082, status 200, result: cry+freedom+1987, rollerball+1975, the+last+of+the+mohicans+1992, the+proprietor+1996, star+wars+episode+iii+-+revenge+of+the+sith+2005, the+dirty+dozen+next+mission+1985, 633+squadron+1964, z+1969, lifeboat+1944, guilty+as+sin+1993, planet+of+the+apes+2001, dead+presidents+1995, from+here+to+eternity+1953, richard+iii+1955, knockout+2000, u-571+2000, rescue+dawn+2006, patton+1970, cutthroat+island+1995, exodus+1960, 516 ms"
"2022-02-08T19:15:40.446967,83277,recommendation request 17645-team17.isri.cmu.edu:8082, status 200, result: cry+freedom+1987, six+pack+1982, the+snowman+1982, the+conspiracy+2012, red+dawn+1984, frenzy+1972, true+crime+1996, big+hero+6+2014, light+it+up+1999, a+family+thing+1996, harry+and+tonto+1974, masterminds+1997, malice+1993, armed+and+dangerous+1986, juice+1992, the+women+2008, his+girl+friday+1940, the+fan+1981, bingo+1991, spasmo+1974, 397 ms"
"2022-02-08T19:15:40.449954,228769,recommendation request 17645-team17.isri.cmu.edu:8082, status 200, result: battle+of+the+bulge+1965, saints+and+soldiers+2003, paisan+1946, the+war+1994, sink+the+bismarck+1960, romero+1989, hangmen+also+die+1943, flags+of+our+fathers+2006, midway+1976, the+bridge+1959, a+film+unfinished+2010, cromwell+1970, a+bridge+too+far+1977, empire+of+the+sun+1987, dad+1989, battle+of+britain+1969, all+quiet+on+the+western+front+1930, casualties+of+war+1989, hell+is+for+heroes+1962, patton+1970, 270 ms"
"2022-02-08T19:15:40.472984,251945,recommendation request 17645-team17.isri.cmu.edu:8082, status 200, result: the+family+man+2000, aquamarine+2006, the+house+of+yes+1997, the+lord+of+the+rings+the+two+towers+2002, p.s.+2004, walle+2008, big+hero+6+2014, never+again+2002, nims+island+2008, clockwatchers+1997, the+mighty+1998, cars+2+2011, junebug+2005, from+dusk+till+dawn+1996, little+voice+1998, hook+1991, 7+seconds+2005, extract+2009, my+one+and+only+2009, faithful+1996, 369 ms"
"2022-02-08T19:15:40.475649,56902,recommendation request 17645-team17.isri.cmu.edu:8082, status 200, result: about+last+night...+1986, six+pack+1982, the+longest+day+1962, lockout+2012, the+last+of+the+mohicans+1992, a+goofy+movie+1995, freaky+friday+1976, lifeboat+1944, grand+illusion+1937, haywire+2011, moving+1988, desk+set+1957, out+to+sea+1997, in+harms+way+1965, look+whos+talking+too+1990, the+truman+show+1998, conan+the+barbarian+1982, side+out+1990, the+fury+1978, a+knights+tale+2001, 344 ms"
"2022-02-08T19:15:41.414894,148168,recommendation request 17645-team17.isri.cmu.edu:8082, status 200, result: the+longest+day+1962, lockout+2012, the+proprietor+1996, the+conspiracy+2012, the+brother+from+another+planet+1984, light+it+up+1999, footloose+1984, lifeboat+1944, dick+tracy+1990, grand+illusion+1937, johnny+english+2003, paul+2011, haywire+2011, the+letter+1940, marooned+1969, my+fair+lady+1964, in+harms+way+1965, the+juror+1996, from+here+to+eternity+1953, ali+2001, 318 ms"
"2022-02-08T19:15:41.435124,260280,recommendation request 17645-team17.isri.cmu.edu:8082, status 200, result: shampoo+1975, eyewitness+1981, life+is+beautiful+1997, the+five+senses+1999, the+perfect+score+2004, mary+poppins+1964, six+pack+1982, the+other+side+of+the+mountain+1975, the+addams+family+1991, a+time+to+kill+1996, freaky+friday+1976, random+hearts+1999, the+yakuza+1974, patriot+games+1992, the+mighty+1998, the+longest+yard+1974, modesty+blaise+1966, changing+lanes+2002, juice+1992, the+incredible+hulk+2008, 332 ms"
"2022-02-08T19:15:41.451892,31958,recommendation request 17645-team17.isri.cmu.edu:8082, status 200, result: american+virgin+2000, shampoo+1975, drop+zone+1994, bill+cosby+himself+1983, the+westerner+1940, forces+of+nature+1999, barbarosa+1982, code+of+silence+1985, twentieth+century+1934, phoenix+1998, the+island+1980, the+saint+1997, beneath+the+planet+of+the+apes+1970, changing+lanes+2002, murphys+romance+1985, the+hot+spot+1990, geronimo+an+american+legend+1993, mighty+aphrodite+1995, scary+movie+5+2013, the+owl+and+the+pussycat+1970, 346 ms"
"2022-02-08T19:15:42.458142,219269,recommendation request 17645-team17.isri.cmu.edu:8082, status 200, result: black+beauty+1994, avalanche+1978, helen+of+troy+1956, shenandoah+1965, dead+bang+1989, captain+horatio+hornblower+r.n.+1951, beyond+the+poseidon+adventure+1979, airport+77+1977, to+have+and+have+not+1944, an+american+tail+1986, the+treasure+of+the+sierra+madre+1948, white+hunter+black+heart+1990, the+island+1980, the+cowboys+1972, mcq+1974, maverick+1994, executive+decision+1996, above+the+law+1988, rumble+fish+1983, airport+1975+1974, 384 ms"
"2022-02-08T19:15:42.516266,178418,recommendation request 17645-team17.isri.cmu.edu:8082, status 200, result: curdled+1996, the+wood+1999, the+lucky+ones+2008, code+of+silence+1985, fuck+2005, vision+quest+1985, a+little+princess+1995, birdy+1984, the+witches+of+eastwick+1987, the+letter+1940, guilty+as+sin+1993, harem+1985, phoenix+1998, junebug+2005, bottle+rocket+1996, the+hitch-hiker+1953, mobsters+1991, the+hot+spot+1990, ali+2001, outrage+2009, 406 ms"
"2022-02-08T19:15:43.676321,153805,recommendation request 17645-team17.isri.cmu.edu:8082, status 200, result: bambi+1942, andre+1994, the+hunchback+of+notre+dame+1996, frozen+2013, the+incredibles+2004, james+and+the+giant+peach+1996, mulan+1998, a+goofy+movie+1995, an+american+tail+1986, the+jungle+book+1967, planes+2013, aladdin+1992, the+fox+and+the+hound+1981, frozen+fever+2015, the+lion+king+1994, pocahontas+1995, teachers+pet+2004, iron+will+1994, a+bugs+life+1998, tom+and+huck+1995, 454 ms"
"2022-02-08T19:15:43.836166,133819,recommendation request 17645-team17.isri.cmu.edu:8082, status 200, result: rollerball+1975, bridget+joness+diary+2001, star+wars+episode+iii+-+revenge+of+the+sith+2005, a+goofy+movie+1995, father+of+the+bride+1991, harry+and+walter+go+to+new+york+1976, a+little+princess+1995, cabin+boy+1994, freaky+friday+1976, r100+2013, couples+retreat+2009, planet+of+the+apes+2001, shes+having+a+baby+1988, murphys+romance+1985, bridesmaids+2011, carefree+1938, the+emperors+new+groove+2000, bingo+1991, atonement+2007, ratatouille+2007, 618 ms"
"2022-02-08T19:15:43.835544,142992,recommendation request 17645-team17.isri.cmu.edu:8082, status 200, result: curdled+1996, cry+freedom+1987, dark+city+1950, intersection+1994, the+other+side+of+the+mountain+1975, the+world+unseen+2007, a+time+to+kill+1996, detective+story+1951, the+woman+2011, bad+girls+1994, the+verdict+1982, the+island+1980, the+yakuza+1974, the+client+1994, an+education+2009, junebug+2005, the+hitch-hiker+1953, mobsters+1991, island+2011, from+the+hip+1987, 525 ms"
"2022-02-08T19:15:43.863024,578,recommendation request 17645-team17.isri.cmu.edu:8082, status 200, result: the+avengers+1998, the+conspiracy+2012, childs+play+3+1991, true+crime+1996, barbarosa+1982, the+wash+2001, altered+2006, incognito+1997, the+hound+of+the+baskervilles+1978, psycho+1998, the+beverly+hillbillies+1993, a+shock+to+the+system+1990, masterminds+1997, jaws+3-d+1983, the+serpent+and+the+rainbow+1988, body+double+1984, the+brave+one+2007, hopscotch+1980, cry_wolf+2005, dinoshark+2010, 614 ms"
"2022-02-08T19:15:43.862699,118232,recommendation request 17645-team17.isri.cmu.edu:8082, status 200, result: the+cat+in+the+hat+2003, switchback+1997, ed+1996, notting+hill+1999, p.s.+2004, frenzy+1972, true+crime+1996, the+other+side+of+the+mountain+1975, maze+2000, a+time+to+kill+1996, the+brothers+mcmullen+1995, ice+castles+1978, the+yakuza+1974, the+brothers+2001, how+the+grinch+stole+christmas+2000, my+beautiful+laundrette+1985, the+triumph+of+love+2001, shes+having+a+baby+1988, crush+2001, from+here+to+eternity+1953, 640 ms"
"2022-02-08T19:15:43.869046,172320,recommendation request 17645-team17.isri.cmu.edu:8082, status 200, result: gleaming+the+cube+1989, cry+freedom+1987, top+secret+1984, jesus+christ+superstar+1973, election+2+2006, boarding+gate+2007, the+proprietor+1996, ip+man+2+2010, mutiny+on+the+bounty+1962, on+moonlight+bay+1951, 42nd+street+1933, moving+1988, grand+canyon+1991, the+verdict+1982, back+to+school+1986, beyond+the+sea+2004, junebug+2005, from+here+to+eternity+1953, the+women+2008, class+1983, 643 ms"
"2022-02-08T19:15:44.333590,149677,recommendation request 17645-team17.isri.cmu.edu:8082, status 200, result: narc+2002, drop+zone+1994, switchback+1997, suburban+commando+1991, the+last+of+the+mohicans+1992, ed+1996, major+league+ii+1994, how+i+won+the+war+1967, incognito+1997, without+a+paddle+2004, spy+kids+3-d+game+over+2003, four+brothers+2005, the+wizard+1989, quarantine+2008, jurassic+park+1993, changing+lanes+2002, juice+1992, mobsters+1991, sphere+1998, the+matrix+1999, 305 ms"
"2022-02-08T19:15:44.272641,235463,recommendation request 17645-team17.isri.cmu.edu:8082, status 200, result: barbershop+2002, the+last+of+the+mohicans+1992, the+longest+day+1962, casualties+of+war+1989, p.s.+2004, son+of+the+mask+2005, 633+squadron+1964, k-9+1989, never+again+2002, r.i.p.d.+2013, another+thin+man+1939, ghosts+of+girlfriends+past+2009, the+island+1980, topper+1937, mobsters+1991, battle+of+britain+1969, the+women+2008, get+over+it+2001, all+quiet+on+the+western+front+1930, babes+in+toyland+1934, 241 ms"
"2022-02-08T19:15:44.340795,40268,recommendation request 17645-team17.isri.cmu.edu:8082, status 200, result: american+virgin+2000, north+by+northwest+1959, dead+of+winter+1987, cazuza+time+doesnt+stop+2004, missing+1982, p.s.+2004, nothing+to+lose+1994, maze+2000, behind+the+sun+2001, gods+not+dead+2014, one+eight+seven+1997, the+brothers+2001, junebug+2005, saw+vi+2009, island+2011, crush+2001, my+one+and+only+2009, eating+raoul+1982, untitled+2009, spasmo+1974, 316 ms"
"2022-02-08T19:15:45.443565,268536,recommendation request 17645-team17.isri.cmu.edu:8082, status 200, result: the+cat+in+the+hat+2003, coldblooded+1995, lockout+2012, ed+1996, the+last+of+the+mohicans+1992, frenzy+1972, code+of+silence+1985, the+andromeda+strain+1971, haywire+2011, psycho+1998, dumb+and+dumber+to+2014, phoenix+1998, how+the+grinch+stole+christmas+2000, shes+having+a+baby+1988, the+hot+spot+1990, the+incredible+hulk+2008, hook+1991, a+knights+tale+2001, spasmo+1974, hall+pass+2011, 333 ms"
"2022-02-08T19:15:46.521820,107343,recommendation request 17645-team17.isri.cmu.edu:8082, status 200, result: gleaming+the+cube+1989, cry+freedom+1987, drop+zone+1994, forbidden+zone+1980, top+secret+1984, p.s.+2004, true+crime+1996, shaft+in+africa+1973, in+the+line+of+fire+1993, dick+tracy+1990, the+beverly+hillbillies+1993, grand+canyon+1991, the+verdict+1982, four+brothers+2005, coffy+1973, working+girl+1988, white+palace+1990, junebug+2005, changing+lanes+2002, from+here+to+eternity+1953, 460 ms"
"2022-02-08T19:15:47.371505,150439,recommendation request 17645-team17.isri.cmu.edu:8082, status 200, result: black+beauty+1994, cry+freedom+1987, rollerball+1975, 28+weeks+later+2007, star+wars+episode+iii+-+revenge+of+the+sith+2005, the+conspiracy+2012, the+other+side+of+the+mountain+1975, light+it+up+1999, altered+2006, a+little+princess+1995, the+island+1980, bully+2011, planet+of+the+apes+2001, ira++abby+2006, the+white+sheik+1952, white+palace+1990, conan+the+barbarian+1982, the+nuns+story+1959, made+of+honor+2008, dinoshark+2010, 266 ms"
"2022-02-08T19:15:47.352955,138068,recommendation request 17645-team17.isri.cmu.edu:8082, status 200, result: rollerball+1975, serpico+1973, finding+nemo+2003, the+bridge+1959, detective+story+1951, the+godfather+part+iii+1990, star+wars+1977, planet+of+the+apes+2001, shes+having+a+baby+1988, morocco+1930, battle+of+britain+1969, the+godfather+1972, all+quiet+on+the+western+front+1930, dugs+special+mission+2009, jennifer+eight+1992, ratatouille+2007, patton+1970, cars+2006, frankie+and+johnny+1991, divergent+2014, 344 ms"
"2022-02-08T19:15:47.464629,47614,recommendation request 17645-team17.isri.cmu.edu:8082, status 200, result: eyewitness+1981, intersection+1994, a+goofy+movie+1995, loving+you+1957, p.s.+2004, the+country+bears+2002, snow+dogs+2002, the+other+side+of+the+mountain+1975, gods+not+dead+2014, harry+and+tonto+1974, opportunity+knocks+1990, junebug+2005, the+truman+show+1998, the+incredible+hulk+2008, remember+the+night+1940, a+place+in+the+sun+1951, my+one+and+only+2009, today+you+die+2005, gung+ho+1986, underdog+2007, 356 ms"
"2022-02-08T19:15:47.458995,132226,recommendation request 17645-team17.isri.cmu.edu:8082, status 200, result: cry+freedom+1987, nothing+but+trouble+1991, bossa+nova+2000, ed+1996, leaving+normal+1992, doc+hollywood+1991, frenzy+1972, p.s.+2004, national+lampoons+van+wilder+2002, light+it+up+1999, maze+2000, the+way+2010, northfork+2003, the+woman+2011, casper+1995, guilty+as+sin+1993, a+patch+of+blue+1965, the+brothers+2001, the+mighty+1998, jurassic+park+1993, 409 ms"
"2022-02-08T19:15:48.408599,162966,recommendation request 17645-team17.isri.cmu.edu:8082, status 200, result: switchback+1997, barbershop+2002, p.s.+2004, true+crime+1996, the+brothers+mcmullen+1995, another+thin+man+1939, harry+and+tonto+1974, the+island+1980, lionheart+1990, the+wizard+1989, evil+dead+ii+1987, junebug+2005, murphys+romance+1985, the+juror+1996, made+of+honor+2008, my+one+and+only+2009, ruby++quentin+2003, airport+1975+1974, spirited+away+2001, orgy+of+the+dead+1965, 386 ms"
"2022-02-08T19:15:48.375647,33554,recommendation request 17645-team17.isri.cmu.edu:8082, status 200, result: attack+of+the+crab+monsters+1957, invasion+of+the+body+snatchers+1978, the+kindred+1987, carnosaur+2+1995, parasite+1982, not+of+this+earth+1988, them+1954, alligator+1980, terrorvision+1986, c.h.u.d.+1984, body+snatchers+1993, carnosaur+1993, the+giant+spider+invasion+1975, nightmares+1983, the+day+of+the+triffids+1962, alien+escape+1996, dinoshark+2010, blinky+2011, the+terror+within+1989, parts+the+clonus+horror+1979, 261 ms"
"2022-02-08T19:15:48.444137,65221,recommendation request 17645-team17.isri.cmu.edu:8082, status 200, result: shampoo+1975, bill+cosby+himself+1983, 8+seconds+1994, punchline+1988, p.s.+2004, moving+1988, big+bad+mama+1974, shes+having+a+baby+1988, crush+2001, the+women+2008, millions+2005, beyond+therapy+1987, leprechaun+2+1994, his+girl+friday+1940, eating+raoul+1982, hot+to+trot+1988, meatballs+4+1992, clerks+1994, leap+of+faith+1992, the+big+chill+1983, 427 ms"
"2022-02-08T19:15:48.502818,74145,recommendation request 17645-team17.isri.cmu.edu:8082, status 200, result: dead+of+winter+1987, cry+freedom+1987, rollerball+1975, what+doesnt+kill+you+2008, paths+of+glory+1957, star+wars+episode+iii+-+revenge+of+the+sith+2005, frenzy+1972, a+time+to+kill+1996, a+family+thing+1996, forrest+gump+1994, the+great+escape+1963, planet+of+the+apes+2001, junebug+2005, shes+having+a+baby+1988, murphys+romance+1985, island+2011, from+here+to+eternity+1953, ali+2001, of+human+bondage+1934, my+one+and+only+2009, 437 ms"
"2022-02-08T19:15:48.455148,187859,recommendation request 17645-team17.isri.cmu.edu:8082, status 200, result: eyewitness+1981, gotcha+1985, 8+seconds+1994, off+limits+1988, suddenly+1954, p.s.+2004, son+of+the+mask+2005, gorky+park+1983, that+was+then...+this+is+now+1985, midnight+1939, code+of+silence+1985, once+bitten+1985, in+the+line+of+fire+1993, never+again+2002, the+falcon+and+the+snowman+1985, r.i.p.d.+2013, old+yeller+1957, ghosts+of+girlfriends+past+2009, titanic+1997, phoenix+1998, 440 ms"
"2022-02-08T19:15:48.511074,53426,recommendation request 17645-team17.isri.cmu.edu:8082, status 200, result: curdled+1996, drop+zone+1994, agnes+of+god+1985, the+conspiracy+2012, red+dawn+1984, prince+of+persia+the+sands+of+time+2010, psycho+1998, critters+1986, the+saint+1997, planet+of+the+apes+2001, the+hidden+1987, changing+lanes+2002, the+hitch-hiker+1953, the+living+daylights+1987, mobsters+1991, above+the+law+1988, blood+and+sand+1989, dinoshark+2010, come+see+the+paradise+1990, spasmo+1974, 457 ms"
"2022-02-08T19:15:49.533731,296264,recommendation request 17645-team17.isri.cmu.edu:8082, status 200, result: rollerball+1975, sleepers+1996, star+wars+episode+iii+-+revenge+of+the+sith+2005, cookie+1989, frenzy+1972, mallrats+1995, planet+of+the+apes+2001, the+client+1994, the+mighty+1998, happy_+texas+1999, high+sierra+1941, dugs+special+mission+2009, jennifer+eight+1992, ratatouille+2007, today+you+die+2005, they+made+me+a+criminal+1939, bulletproof+1996, cars+2006, boy+a+2007, divergent+2014, 486 ms"
"2022-02-08T19:15:49.591374,232428,recommendation request 17645-team17.isri.cmu.edu:8082, status 200, result: lockout+2012, p.s.+2004, red+dawn+1984, son+of+the+mask+2005, courage+under+fire+1996, frenzy+1972, true+crime+1996, maze+2000, haywire+2011, patriot+games+1992, topper+1937, the+brothers+2001, shes+having+a+baby+1988, juice+1992, island+2011, the+incredible+hulk+2008, the+living+daylights+1987, the+women+2008, crush+2001, breakdown+1997, 533 ms"
"2022-02-08T19:15:49.794639,70081,recommendation request 17645-team17.isri.cmu.edu:8082, status 200, result: curdled+1996, the+five+senses+1999, six+pack+1982, frogs+for+snakes+1998, raging+bull+1980, the+proprietor+1996, the+conspiracy+2012, family+plot+1976, two+hands+1999, shaft+in+africa+1973, nothing+to+lose+1994, a+family+thing+1996, detective+story+1951, z+1969, pitch+black+2000, harry+and+tonto+1974, macabre+1958, the+incredible+hulk+2008, the+nuns+story+1959, lilians+story+1996, 714 ms"
"2022-02-08T19:15:49.800107,215502,recommendation request 17645-team17.isri.cmu.edu:8082, status 200, result: the+nest+2002, rio+2+2014, what+doesnt+kill+you+2008, a+goofy+movie+1995, walle+2008, snow+dogs+2002, the+aristocats+1970, parker+2013, freaky+friday+1976, pitch+black+2000, johnny+english+2003, the+matrix+revolutions+2003, cars+2+2011, jurassic+park+1993, rush+hour+3+2007, eragon+2006, the+brave+one+2007, ice+age+dawn+of+the+dinosaurs+2009, breakfast+on+pluto+2005, terminator+2+judgment+day+1991, 740 ms"
"2022-02-08T19:15:49.882205,294746,recommendation request 17645-team17.isri.cmu.edu:8082, status 200, result: dead+of+winter+1987, rollerball+1975, barbershop+2002, courage+under+fire+1996, another+thin+man+1939, the+yakuza+1974, planet+of+the+apes+2001, beyond+the+sea+2004, desk+set+1957, out+to+sea+1997, warriors+of+heaven+and+earth+2003, island+2011, conan+the+barbarian+1982, 10th++wolf+2006, azumi+2003, return+to+me+2000, the+thin+man+goes+home+1945, dungeons++dragons+2000, the+hidden+fortress+1958, the+allnighter+1987, 761 ms"
"2022-02-08T19:15:49.886337,135005,recommendation request 17645-team17.isri.cmu.edu:8082, status 200, result: eyewitness+1981, mickeys+once+upon+a+christmas+1999, the+house+of+yes+1997, missing+1982, true+crime+1996, hollow+man+2000, mystery_+alaska+1999, sling+blade+1996, chicken+run+2000, one+eight+seven+1997, guilty+as+sin+1993, for+keeps+1988, the+mighty+1998, look+whos+talking+too+1990, island+2011, conan+the+barbarian+1982, the+juror+1996, ali+2001, today+you+die+2005, spasmo+1974, 788 ms"
"2022-02-08T19:15:49.943832,184283,recommendation request 17645-team17.isri.cmu.edu:8082, status 200, result: black+beauty+1994, arranged+2007, barbershop+2002, the+last+of+the+mohicans+1992, american+ninja+1985, lethal+weapon+3+1992, in+the+line+of+fire+1993, dick+tracy+1990, big+trouble+2002, another+thin+man+1939, blood_+guts_+bullets+and+octane+1998, dead+reckoning+1947, masterminds+1997, malice+1993, sweet+nothing+1995, cherrybomb+2009, island+2011, above+the+law+1988, absolute+power+1997, spasmo+1974, 852 ms"
"2022-02-08T19:15:49.943723,185381,recommendation request 17645-team17.isri.cmu.edu:8082, status 200, result: drop+zone+1994, rollerball+1975, ed+1996, p.s.+2004, show+boat+1951, maze+2000, lethal+weapon+3+1992, dick+tracy+1990, casper+1995, topper+1937, on+the+town+1949, jurassic+park+1993, changing+lanes+2002, crush+2001, island+2011, side+out+1990, of+human+bondage+1934, hook+1991, bulletproof+1996, underdog+2007, 862 ms"
"2022-02-08T19:15:50.371833,156769,recommendation request 17645-team17.isri.cmu.edu:8082, status 200, result: out+of+sight+1998, curdled+1996, drop+zone+1994, mister+roberts+1955, the+phantom+1996, family+plot+1976, sling+blade+1996, frenzy+1972, the+sting+1973, p.s.+2004, that+was+then...+this+is+now+1985, k-9+1989, east+of+eden+1955, without+a+paddle+2004, uncommon+valor+1983, made+in+u.s.a+1966, northfork+2003, star+wars+1977, company+man+2000, flight+of+the+intruder+1991, 287 ms"
"2022-02-08T19:15:50.492046,187020,recommendation request 17645-team17.isri.cmu.edu:8082, status 200, result: cry+freedom+1987, bill+cosby+himself+1983, rollerball+1975, jesus+christ+superstar+1973, stick+it+2006, ed+1996, the+watch+2012, barbarosa+1982, a+family+thing+1996, fuck+2005, flash+of+genius+2008, casper+1995, mousehunt+1997, the+island+1980, albatross+2011, the+mighty+1998, jurassic+park+1993, unaccompanied+minors+2006, ernest+in+the+army+1998, hook+1991, 446 ms"
"2022-02-08T19:15:51.401504,149003,recommendation request 17645-team17.isri.cmu.edu:8082, status 200, result: wreck-it+ralph+2012, cry+freedom+1987, arranged+2007, leaving+normal+1992, a+goofy+movie+1995, shaft+in+africa+1973, warriors+2002, birdy+1984, pompeii+2014, even+the+rain+2010, holy+motors+2012, sanjuro+1962, beneath+the+planet+of+the+apes+1970, beyond+the+sea+2004, junebug+2005, my+one+and+only+2009, escape+from+the+planet+of+the+apes+1971, melvin+and+howard+1980, my+life+in+pink+1997, the+allnighter+1987, 300 ms"
"2022-02-08T19:15:52.415079,291033,recommendation request 17645-team17.isri.cmu.edu:8082, status 200, result: drop+zone+1994, switchback+1997, about+last+night...+1986, frenzy+1972, p.s.+2004, birdy+1984, pompeii+2014, nighthawks+1981, the+island+1980, lionheart+1990, the+39+steps+2008, juice+1992, look+whos+talking+too+1990, m.+butterfly+1993, side+out+1990, 7+seconds+2005, carefree+1938, the+fan+1981, jennifer+eight+1992, airport+1975+1974, 281 ms"
"2022-02-08T19:15:52.469099,217687,recommendation request 17645-team17.isri.cmu.edu:8082, status 200, result: north+by+northwest+1959, drop+zone+1994, rollerball+1975, without+a+paddle+2004, the+beverly+hillbillies+1993, wake+of+death+2004, planet+of+the+apes+2001, the+yakuza+1974, desk+set+1957, changing+lanes+2002, from+beyond+1986, island+2011, above+the+law+1988, hopscotch+1980, dinoshark+2010, they+made+me+a+criminal+1939, little+murders+1971, the+professional+1981, project+s+1993, unfaithfully+yours+1984, 312 ms"
"2022-02-08T19:15:52.495770,259076,recommendation request 17645-team17.isri.cmu.edu:8082, status 200, result: shampoo+1975, robot+stories+2003, the+house+of+yes+1997, 8+seconds+1994, p.s.+2004, mutiny+on+the+bounty+1962, the+other+side+of+the+mountain+1975, maze+2000, northfork+2003, the+brothers+mcmullen+1995, random+hearts+1999, wake+of+death+2004, a+patch+of+blue+1965, the+brothers+2001, the+comancheros+1961, the+mighty+1998, another+earth+2011, junebug+2005, crush+2001, the+living+daylights+1987, 305 ms"
"2022-02-08T19:15:52.545266,299075,recommendation request 17645-team17.isri.cmu.edu:8082, status 200, result: north+by+northwest+1959, dead+of+winter+1987, the+living+dead+girl+1982, the+train+1964, maze+2000, 633+squadron+1964, dead+of+night+1945, the+return+of+the+living+dead+1985, masterminds+1997, the+matrix+revolutions+2003, crush+2001, exodus+1960, back+to+the+future+part+ii+1989, d.a.r.y.l.+1985, star+trek+ii+the+wrath+of+khan+1982, mumford+1999, the+three+musketeers+1948, species+1995, the+january+man+1989, brainstorm+1983, 361 ms"
"2022-02-08T19:15:53.454223,153030,recommendation request 17645-team17.isri.cmu.edu:8082, status 200, result: cry+freedom+1987, rollerball+1975, p.s.+2004, maze+2000, a+family+thing+1996, paul+2011, the+island+1980, the+brothers+2001, bad+company+1972, battle+for+terra+2007, junebug+2005, bottle+rocket+1996, crush+2001, conan+the+barbarian+1982, ali+2001, island+2011, my+one+and+only+2009, untitled+2009, rumble+fish+1983, airport+1975+1974, 355 ms"
"2022-02-08T19:15:53.471179,163006,recommendation request 17645-team17.isri.cmu.edu:8082, status 200, result: eyewitness+1981, cry+freedom+1987, paths+of+glory+1957, the+amazing+spider-man+2012, the+golden+voyage+of+sinbad+1973, how+i+won+the+war+1967, lethal+weapon+3+1992, birdy+1984, prince+of+persia+the+sands+of+time+2010, inception+2010, the+beverly+hillbillies+1993, masterminds+1997, the+island+1980, wake+of+death+2004, desk+set+1957, kull+the+conqueror+1997, shes+having+a+baby+1988, juice+1992, the+matrix+1999, conan+the+barbarian+1982, 358 ms"
"2022-02-08T19:15:53.471220,8149,recommendation request 17645-team17.isri.cmu.edu:8082, status 200, result: rollerball+1975, six+pack+1982, dreamgirls+2006, the+house+of+yes+1997, around+the+bend+2004, thank+you+for+smoking+2005, albatross+2011, in+this+world+2002, the+matrix+revolutions+2003, junebug+2005, people+like+us+2012, from+here+to+eternity+1953, ali+2001, the+brave+one+2007, juno+2007, my+one+and+only+2009, dugs+special+mission+2009, ratatouille+2007, the+house+on+carroll+street+1988, down+in+the+delta+1998, 354 ms"
"2022-02-08T19:15:54.498869,7038,recommendation request 17645-team17.isri.cmu.edu:8082, status 200, result: shampoo+1975, cry+freedom+1987, love+jones+1997, doc+hollywood+1991, true+crime+1996, the+other+side+of+the+mountain+1975, incognito+1997, the+pompatus+of+love+1996, northfork+2003, the+hound+of+the+baskervilles+1978, big+jake+1971, the+yakuza+1974, the+client+1994, gravity+2013, another+earth+2011, white+palace+1990, the+mighty+1998, junebug+2005, body+double+1984, the+women+2008, 429 ms"
"2022-02-08T19:15:54.515676,123649,recommendation request 17645-team17.isri.cmu.edu:8082, status 200, result: eyewitness+1981, drop+zone+1994, six+pack+1982, a+goofy+movie+1995, frenzy+1972, true+crime+1996, p.s.+2004, maze+2000, a+family+thing+1996, without+a+paddle+2004, freaky+friday+1976, moving+1988, harry+and+tonto+1974, wake+of+death+2004, the+brothers+2001, changing+lanes+2002, shes+having+a+baby+1988, free+willy+3+the+rescue+1997, crush+2001, the+incredible+hulk+2008, 437 ms"
"2022-02-08T19:15:54.545011,256301,recommendation request 17645-team17.isri.cmu.edu:8082, status 200, result: black+beauty+1994, cry+freedom+1987, drop+zone+1994, the+five+senses+1999, the+dresser+1983, election+2+2006, boarding+gate+2007, the+proprietor+1996, raging+bull+1980, viva+zapata+1952, ip+man+2+2010, the+verdict+1982, four+brothers+2005, the+devils+1971, albatross+2011, the+incredible+hulk+2008, jersey+boys+2014, six+weeks+1982, come+see+the+paradise+1990, down+in+the+delta+1998, 473 ms"
"2022-02-08T19:15:55.440127,150077,recommendation request 17645-team17.isri.cmu.edu:8082, status 200, result: can-can+1960, titanic+1953, white+heat+1949, the+petrified+forest+1936, mildred+pierce+1945, key+largo+1948, running+on+empty+1988, five+times+two+2004, american+gigolo+1980, the+international+2009, true+crime+1999, affinity+2008, beyond+the+clouds+1995, i+am+a+fugitive+from+a+chain+gang+1932, gilda+1946, the+letter+1940, to+catch+a+thief+1955, the+other+man+2008, congo+1995, zodiac+2007, 398 ms"
"2022-02-08T19:15:55.485193,93812,recommendation request 17645-team17.isri.cmu.edu:8082, status 200, result: north+by+northwest+1959, the+perfect+score+2004, eyewitness+1981, rollerball+1975, courage+under+fire+1996, hot+tub+time+machine+2010, murder_+my+sweet+1944, planet+of+the+apes+2001, the+yakuza+1974, gravity+2013, junebug+2005, the+game+1997, island+2011, from+here+to+eternity+1953, ali+2001, the+fury+1978, of+human+bondage+1934, my+one+and+only+2009, beverly+hills+cop+iii+1994, spasmo+1974, 429 ms"
"2022-02-08T19:15:55.527897,301727,recommendation request 17645-team17.isri.cmu.edu:8082, status 200, result: forbidden+zone+1980, p.s.+2004, dont+move+2004, all+the+mornings+of+the+world+1991, maze+2000, detective+story+1951, the+godfather+part+iii+1990, get+out+your+handkerchiefs+1978, dead+reckoning+1947, the+matrix+revolutions+2003, full+speed+1996, crush+2001, side+out+1990, an+american+carol+2008, jennifer+eight+1992, stardust+memories+1980, spasmo+1974, patton+1970, holiday+1938, project+s+1993, 446 ms"
"2022-02-08T19:15:55.527824,135382,recommendation request 17645-team17.isri.cmu.edu:8082, status 200, result: punchline+1988, a+goofy+movie+1995, p.s.+2004, maze+2000, fuck+2005, the+brothers+mcmullen+1995, nims+island+2008, gumby+the+movie+1995, the+letter+1940, the+brothers+2001, time+bandits+1981, the+serpent+and+the+rainbow+1988, crush+2001, hook+1991, 7+seconds+2005, juno+2007, leprechaun+2+1994, bingo+1991, eating+raoul+1982, what+would+jesus+buy+2007, 436 ms"
"2022-02-08T19:15:56.575650,108428,recommendation request 17645-team17.isri.cmu.edu:8082, status 200, result: about+last+night...+1986, barbershop+2002, p.s.+2004, barbarosa+1982, maze+2000, macgruber+2010, the+wash+2001, show+boat+1951, freaky+friday+1976, nims+island+2008, father+of+the+bride+1991, another+thin+man+1939, bachelor+in+paradise+1961, the+brothers+2001, topper+1937, on+the+town+1949, surfer_+dude+2008, crush+2001, heartbreakers+2001, side+out+1990, 515 ms"
"2022-02-08T19:15:56.576050,243036,recommendation request 17645-team17.isri.cmu.edu:8082, status 200, result: the+nest+2002, what+doesnt+kill+you+2008, dark+city+1950, dreamgirls+2006, intersection+1994, cazuza+time+doesnt+stop+2004, a+goofy+movie+1995, loving+you+1957, nothing+to+lose+1994, behind+the+sun+2001, parker+2013, freaky+friday+1976, bellflower+2011, johnny+english+2003, silver+city+2004, the+blue+max+1966, planet+of+the+apes+2001, beneath+the+planet+of+the+apes+1970, junebug+2005, rush+hour+3+2007, 524 ms"
"2022-02-08T19:15:56.615846,214822,recommendation request 17645-team17.isri.cmu.edu:8082, status 200, result: shampoo+1975, dark+city+1950, intersection+1994, picture+perfect+1997, p.s.+2004, maze+2000, bean+1997, birdy+1984, casper+1995, for+keeps+1988, jurassic+park+1993, desk+set+1957, crush+2001, island+2011, hook+1991, unfaithfully+yours+1984, back+to+the+future+part+ii+1989, blue+chips+1994, boy+a+2007, l.i.e.+2001, 540 ms"
"2022-02-08T19:15:56.623288,77559,recommendation request 17645-team17.isri.cmu.edu:8082, status 200, result: the+five+senses+1999, 8+seconds+1994, the+proprietor+1996, frenzy+1972, true+crime+1996, light+it+up+1999, in+the+line+of+fire+1993, detective+story+1951, northfork+2003, guilty+as+sin+1993, big+bad+mama+1974, another+earth+2011, beyond+the+sea+2004, the+mighty+1998, island+2011, the+juror+1996, above+the+law+1988, 7+seconds+2005, jennifer+eight+1992, they+made+me+a+criminal+1939, 553 ms"
"2022-02-08T19:15:56.635662,105509,recommendation request 17645-team17.isri.cmu.edu:8082, status 200, result: sullivans+travels+1941, nothing+but+trouble+1991, definitely_+maybe+2008, the+gauntlet+1977, 8+seconds+1994, the+house+of+yes+1997, last+holiday+2006, barbarosa+1982, maze+2000, lethal+weapon+3+1992, a+time+to+kill+1996, without+a+paddle+2004, the+wash+2001, inception+2010, national+lampoons+vacation+1983, where+the+heart+is+2000, the+matrix+revolutions+2003, music+and+lyrics+2007, junebug+2005, waiting+to+exhale+1995, 560 ms"
"2022-02-08T19:15:57.440907,240127,recommendation request 17645-team17.isri.cmu.edu:8082, status 200, result: wreck-it+ralph+2012, mickeys+once+upon+a+christmas+1999, bossa+nova+2000, the+snowman+1982, doc+hollywood+1991, the+lucky+ones+2008, a+goofy+movie+1995, crossroads+2002, p.s.+2004, the+country+bears+2002, snow+dogs+2002, big+hero+6+2014, the+aristocats+1970, gumby+the+movie+1995, moving+1988, my+fair+lady+1964, cars+2+2011, crush+2001, the+emperors+new+groove+2000, dugs+special+mission+2009, 389 ms"
"2022-02-08T19:15:57.315716,56274,recommendation request 17645-team17.isri.cmu.edu:8082, status 200, result: jubilee+1978, dead+of+winter+1987, eyewitness+1981, the+parent+trap+1998, rollerball+1975, ed+1996, prison+1988, battlestar+galactica+the+plan+2009, p.s.+2004, courage+under+fire+1996, the+hound+of+the+baskervilles+1978, detective+story+1951, the+woman+2011, chronicle+2012, in+too+deep+1999, nighthawks+1981, the+master+of+disguise+2002, mousehunt+1997, the+island+1980, babylon+5+the+legend+of+the+rangers+-+to+live+and+die+in+starlight+2002, 264 ms"
"2022-02-08T19:15:58.527023,22762,recommendation request 17645-team17.isri.cmu.edu:8082, status 200, result: the+five+senses+1999, about+last+night...+1986, the+house+of+yes+1997, dark+alibi+1946, 8+seconds+1994, the+proprietor+1996, frenzy+1972, missing+1982, the+official+story+1985, sling+blade+1996, the+other+side+of+the+mountain+1975, birdy+1984, phoenix+1998, the+mighty+1998, an+education+2009, junebug+2005, look+whos+talking+too+1990, island+2011, side+out+1990, remember+the+night+1940, 416 ms"
"2022-02-08T19:15:58.673547,162373,recommendation request 17645-team17.isri.cmu.edu:8082, status 200, result: smokin+aces+2006, the+lost+world+jurassic+park+1997, rollerball+1975, back+to+the+future+part+iii+1990, definitely_+maybe+2008, undercover+brother+2002, the+last+starfighter+1984, small+soldiers+1998, airborne+1993, the+poseidon+adventure+1972, e.t.+the+extra-terrestrial+1982, dick+tracy+1990, the+pumaman+1980, captain+ron+1992, the+abyss+1989, planet+of+the+apes+1968, johnny+english+2003, star+wars+1977, paul+2011, back+to+the+future+1985, 491 ms"
"2022-02-08T19:15:58.729121,28935,recommendation request 17645-team17.isri.cmu.edu:8082, status 200, result: cry+freedom+1987, the+five+senses+1999, the+proprietor+1996, rain+man+1988, true+crime+1996, a+family+thing+1996, z+1969, lifeboat+1944, dick+tracy+1990, johnny+english+2003, paul+2011, bad+girls+1994, the+verdict+1982, phoenix+1998, planet+of+the+apes+2001, albatross+2011, warriors+of+heaven+and+earth+2003, the+juror+1996, island+2011, of+human+bondage+1934, 612 ms"
"2022-02-08T19:15:58.741147,235558,recommendation request 17645-team17.isri.cmu.edu:8082, status 200, result: gleaming+the+cube+1989, mickeys+once+upon+a+christmas+1999, a+goofy+movie+1995, courage+under+fire+1996, the+aristocats+1970, lifeboat+1944, 42nd+street+1933, on+moonlight+bay+1951, casper+1995, moving+1988, grand+canyon+1991, phoenix+1998, another+earth+2011, beyond+the+sea+2004, jurassic+park+1993, the+hot+spot+1990, from+here+to+eternity+1953, ali+2001, scarface+1932, mobsters+1991, 591 ms"
"2022-02-08T19:15:58.789102,50577,recommendation request 17645-team17.isri.cmu.edu:8082, status 200, result: american+virgin+2000, black+beauty+1994, punchline+1988, missing+1982, streets+of+fire+1984, snow+dogs+2002, the+andromeda+strain+1971, the+aristocats+1970, a+little+princess+1995, the+social+network+2010, lionheart+1990, shes+having+a+baby+1988, juice+1992, sherlock+holmes+in+washington+1943, mobsters+1991, his+girl+friday+1940, an+american+carol+2008, u-571+2000, the+allnighter+1987, american+splendor+2003, 627 ms"
"2022-02-08T19:15:58.801397,32115,recommendation request 17645-team17.isri.cmu.edu:8082, status 200, result: show+boat+1951, a+christmas+carol+2009, lethal+weapon+3+1992, northfork+2003, moving+1988, bachelor+in+paradise+1961, love+crazy+1941, the+yakuza+1974, gravity+2013, another+earth+2011, the+matrix+revolutions+2003, on+the+town+1949, shes+having+a+baby+1988, above+the+law+1988, jennifer+eight+1992, lassie+2005, hot+to+trot+1988, sucker+punch+2011, fire+down+below+1997, the+barkleys+of+broadway+1949, 658 ms"
"2022-02-08T19:15:58.808114,153868,recommendation request 17645-team17.isri.cmu.edu:8082, status 200, result: raging+bull+1980, paths+of+glory+1957, loving+you+1957, warriors+2002, the+other+side+of+the+mountain+1975, gods+not+dead+2014, in+the+line+of+fire+1993, a+family+thing+1996, ice+castles+1978, casper+1995, even+the+rain+2010, holy+motors+2012, the+great+escape+1963, serial+1980, murphys+romance+1985, from+here+to+eternity+1953, ali+2001, the+incredible+hulk+2008, hook+1991, eight+men+out+1988, 654 ms"
"2022-02-08T19:15:59.845922,98997,recommendation request 17645-team17.isri.cmu.edu:8082, status 200, result: the+dresser+1983, playing+the+victim+2006, mystery_+alaska+1999, the+other+side+of+the+mountain+1975, detective+story+1951, the+godfather+part+iii+1990, nighthawks+1981, 4+2005, silver+city+2004, the+yakuza+1974, albatross+2011, gravity+2013, junebug+2005, an+education+2009, the+game+1997, island+2011, the+barber+of+siberia+1998, six+weeks+1982, of+human+bondage+1934, my+one+and+only+2009, 554 ms"
"2022-02-08T19:15:59.892257,188641,recommendation request 17645-team17.isri.cmu.edu:8082, status 200, result: shampoo+1975, eyewitness+1981, drop+zone+1994, love+jones+1997, red+dawn+1984, shaft+in+africa+1973, without+a+paddle+2004, the+pompatus+of+love+1996, birdy+1984, wake+of+death+2004, planet+of+the+apes+2001, desk+set+1957, changing+lanes+2002, shes+having+a+baby+1988, the+living+daylights+1987, the+women+2008, above+the+law+1988, hopscotch+1980, today+you+die+2005, the+professional+1981, 611 ms"
"2022-02-08T19:16:00.361397,87373,recommendation request 17645-team17.isri.cmu.edu:8082, status 200, result: cry+freedom+1987, rollerball+1975, the+five+senses+1999, lockout+2012, ed+1996, the+conspiracy+2012, childs+play+3+1991, lethal+weapon+3+1992, dick+tracy+1990, casper+1995, psycho+1998, haywire+2011, apocalypto+2006, the+saint+1997, planet+of+the+apes+2001, gone+in+sixty+seconds+2000, jaws+3-d+1983, jurassic+park+1993, the+serpent+and+the+rainbow+1988, hook+1991, 283 ms"
"2022-02-08T19:16:00.597974,86710,recommendation request 17645-team17.isri.cmu.edu:8082, status 200, result: love+and+death+1975, black+sheep+1996, p.s.+2004, that+was+then...+this+is+now+1985, the+other+side+of+the+mountain+1975, maze+2000, a+family+thing+1996, emma+2009, 21+2008, striptease+1996, dead+reckoning+1947, malice+1993, only+you+1994, the+big+heat+1953, sonny+2002, dedication+2007, crush+2001, help+1965, carefree+1938, baby+boy+2001, 509 ms"
"2022-02-08T19:16:00.865551,15201,recommendation request 17645-team17.isri.cmu.edu:8082, status 200, result: the+three+brothers+1995, all+about+my+mother+1999, robot+stories+2003, p.s.+2004, fly+me+to+the+moon+2012, the+other+side+of+the+mountain+1975, the+closet+2001, northfork+2003, the+mighty+1998, running+scared+1986, changing+lanes+2002, island+2011, last+night+1998, flowers+in+the+attic+1987, they+made+me+a+criminal+1939, bulletproof+1996, fire+down+below+1997, get+real+1998, the+allnighter+1987, rocky+1976, 745 ms"
"2022-02-08T19:16:00.865491,150144,recommendation request 17645-team17.isri.cmu.edu:8082, status 200, result: north+by+northwest+1959, the+five+senses+1999, the+dresser+1983, p.s.+2004, the+other+side+of+the+mountain+1975, maze+2000, a+family+thing+1996, the+next+karate+kid+1994, hot+tub+time+machine+2010, the+letter+1940, where+the+heart+is+2000, albatross+2011, the+brothers+2001, waiting+to+exhale+1995, crush+2001, the+juror+1996, ali+2001, ever+after+a+cinderella+story+1998, six+weeks+1982, untitled+2009, 762 ms"
"2022-02-08T19:16:00.865572,198920,recommendation request 17645-team17.isri.cmu.edu:8082, status 200, result: the+nest+2002, eyewitness+1981, rollerball+1975, the+avengers+1998, nothing+but+trouble+1991, the+gauntlet+1977, lethal+weapon+3+1992, incognito+1997, parker+2013, in+too+deep+1999, masterminds+1997, phoenix+1998, analyze+that+2002, shes+having+a+baby+1988, the+hot+spot+1990, the+brave+one+2007, above+the+law+1988, 7+seconds+2005, dark+passage+1947, the+adventures+of+ford+fairlane+1990, 761 ms"
"2022-02-08T19:16:00.868188,294683,recommendation request 17645-team17.isri.cmu.edu:8082, status 200, result: rollerball+1975, 23+1998, return+of+the+fly+1959, billabong+odyssey+2003, missing+1982, carnosaur+2+1995, the+dancemaker+1998, z+1969, blackfish+2013, planet+of+the+apes+2001, the+matrix+revolutions+2003, shes+having+a+baby+1988, more+than+a+game+2008, mobsters+1991, conan+the+barbarian+1982, the+brave+one+2007, dinoshark+2010, escape+from+the+planet+of+the+apes+1971, the+fly+ii+1989, dungeons++dragons+2000, 753 ms"
"2022-02-08T19:16:00.887566,48603,recommendation request 17645-team17.isri.cmu.edu:8082, status 200, result: rollerball+1975, arranged+2007, raging+bull+1980, the+snowman+1982, star+wars+episode+iii+-+revenge+of+the+sith+2005, ivans+childhood+1962, a+family+thing+1996, chronicle+2012, grand+illusion+1937, the+island+1980, planet+of+the+apes+2001, the+yakuza+1974, the+client+1994, sanjuro+1962, jurassic+park+1993, junebug+2005, serial+1980, island+2011, the+fury+1978, eight+men+out+1988, 761 ms"
"2022-02-08T19:16:00.904,261211,recommendation request 17645-team17.isri.cmu.edu:8082, status 200, result: wreck-it+ralph+2012, arranged+2007, top+secret+1984, melody+time+1948, notting+hill+1999, p.s.+2004, a+goofy+movie+1995, son+of+the+mask+2005, maze+2000, forrest+gump+1994, love+story+1970, phoenix+1998, saludos+amigos+1942, the+brothers+2001, topper+1937, my+beautiful+laundrette+1985, running+scared+1986, changing+lanes+2002, shes+having+a+baby+1988, crush+2001, 794 ms"
"2022-02-08T19:16:01.315427,47161,recommendation request 17645-team17.isri.cmu.edu:8082, status 200, result: rocky+ii+1979, made+for+each+other+1939, the+best+man+1964, cat+people+1982, angelas+ashes+1999, that+was+then...+this+is+now+1985, a+family+thing+1996, white+dog+1982, igby+goes+down+2002, interiors+1978, psycho+1998, halloween+ii+1981, being+there+1979, albatross+2011, as+above_+so+below+2014, rocky+iii+1982, psycho+iii+1986, the+fan+1981, the+guardian+1990, the+mummys+tomb+1942, 268 ms"
"2022-02-08T19:16:01.414993,99178,recommendation request 17645-team17.isri.cmu.edu:8082, status 200, result: the+signal+2007, the+terror+1963, the+ambulance+1989, halloween+resurrection+2002, the+prophecy+1995, the+conspiracy+2012, below+2002, anaconda+3+offspring+2008, rogue+2007, bones+2001, mirage+1995, hell+ride+2008, black+christmas+2006, bio+slime+2010, equilibrium+2002, halloween+h20+1998, pulse+2006, the+crazies+1973, 1408+2007, phantoms+1998, 330 ms"
"2022-02-08T19:16:01.427527,237335,recommendation request 17645-team17.isri.cmu.edu:8082, status 200, result: the+cat+in+the+hat+2003, the+boy+who+could+fly+1986, top+secret+1984, the+last+of+the+mohicans+1992, ed+1996, p.s.+2004, the+other+side+of+the+mountain+1975, snow+dogs+2002, the+aristocats+1970, maze+2000, freaky+friday+1976, a+little+princess+1995, the+brothers+2001, for+keeps+1988, how+the+grinch+stole+christmas+2000, crush+2001, from+here+to+eternity+1953, side+out+1990, hook+1991, untitled+2009, 369 ms"
"2022-02-08T19:16:01.474409,98547,recommendation request 17645-team17.isri.cmu.edu:8082, status 200, result: eyewitness+1981, a+goofy+movie+1995, a+christmas+carol+2009, vision+quest+1985, freaky+friday+1976, a+little+princess+1995, the+witches+of+eastwick+1987, patriot+games+1992, winnie+the+pooh+2011, shes+having+a+baby+1988, juice+1992, breakdown+1997, hopscotch+1980, the+emperors+new+groove+2000, today+you+die+2005, ratatouille+2007, chicken+little+2005, shrek+the+third+2007, fire+down+below+1997, beyond+the+poseidon+adventure+1979, 412 ms"
"2022-02-08T19:16:02.336407,35514,recommendation request 17645-team17.isri.cmu.edu:8082, status 200, result: shampoo+1975, eyewitness+1981, intersection+1994, the+red+shoes+1948, loving+you+1957, the+other+side+of+the+mountain+1975, lethal+weapon+3+1992, vision+quest+1985, dick+tracy+1990, random+hearts+1999, the+verdict+1982, wuthering+heights+1970, texasville+1990, a+place+in+the+sun+1951, the+arrival+1996, bulletproof+1996, the+desert+rats+1953, fire+down+below+1997, get+real+1998, blue+chips+1994, 291 ms"
"2022-02-08T19:16:02.368585,304329,recommendation request 17645-team17.isri.cmu.edu:8082, status 400, result: movie 1 not found, 323 ms"
"2022-02-08T19:16:02.357238,52624,recommendation request 17645-team17.isri.cmu.edu:8082, status 200, result: eyewitness+1981, rollerball+1975, 8+seconds+1994, red+dawn+1984, a+goofy+movie+1995, once+bitten+1985, freaky+friday+1976, gravity+2013, modesty+blaise+1966, the+living+daylights+1987, m.+butterfly+1993, quartet+1981, above+the+law+1988, hopscotch+1980, the+emperors+new+groove+2000, ratatouille+2007, shrek+the+third+2007, beyond+the+poseidon+adventure+1979, divergent+2014, l.i.e.+2001, 294 ms"
"2022-02-08T19:16:03.469092,229385,recommendation request 17645-team17.isri.cmu.edu:8082, status 200, result: eyewitness+1981, rollerball+1975, the+last+of+the+mohicans+1992, sling+blade+1996, p.s.+2004, northfork+2003, moving+1988, the+yakuza+1974, planet+of+the+apes+2001, patriot+games+1992, for+keeps+1988, the+mighty+1998, free+willy+3+the+rescue+1997, hogfather+2006, juice+1992, from+here+to+eternity+1953, side+out+1990, breakdown+1997, 10th++wolf+2006, hopscotch+1980, 389 ms"
"2022-02-08T19:16:03.478535,247574,recommendation request 17645-team17.isri.cmu.edu:8082, status 200, result: cry+freedom+1987, rollerball+1975, the+longest+day+1962, the+snowman+1982, double+team+1997, star+wars+episode+iii+-+revenge+of+the+sith+2005, changeling+2008, big+hero+6+2014, lethal+weapon+3+1992, lifeboat+1944, inception+2010, grand+illusion+1937, moving+1988, the+island+1980, analyze+that+2002, planet+of+the+apes+2001, shes+having+a+baby+1988, in+harms+way+1965, the+matrix+1999, above+the+law+1988, 321 ms"
"2022-02-08T19:16:03.477001,49695,recommendation request 17645-team17.isri.cmu.edu:8082, status 200, result: eyewitness+1981, curdled+1996, rollerball+1975, cry+freedom+1987, a+goofy+movie+1995, rambo+first+blood+part+ii+1985, freaky+friday+1976, the+letter+1940, guilty+as+sin+1993, planet+of+the+apes+2001, winnie+the+pooh+2011, the+hitch-hiker+1953, mobsters+1991, hopscotch+1980, the+emperors+new+groove+2000, today+you+die+2005, ratatouille+2007, shrek+the+third+2007, no+mercy+1986, beyond+the+poseidon+adventure+1979, 402 ms"
"2022-02-08T19:16:03.515997,186027,recommendation request 17645-team17.isri.cmu.edu:8082, status 200, result: drop+zone+1994, rollerball+1975, top+secret+1984, ed+1996, the+addams+family+1991, gods+not+dead+2014, detective+story+1951, frozen+2007, a+little+princess+1995, made+in+u.s.a+1966, casper+1995, trail+of+the+pink+panther+1982, curse+of+the+pink+panther+1983, four+brothers+2005, planet+of+the+apes+2001, opportunity+knocks+1990, jurassic+park+1993, crush+2001, the+skin+game+1931, hook+1991, 439 ms"
"2022-02-08T19:16:04.330469,75314,recommendation request 17645-team17.isri.cmu.edu:8082, status 200, result: the+mysterians+1957, mutant+action+1993, rollerball+1975, ghost+in+the+shell+2+innocence+2004, the+dresser+1983, lucky+them+2013, blue+crush+2002, aakrosh+2010, patlabor+the+movie+1989, a+moment+to+remember+2004, that+was+then...+this+is+now+1985, lethal+weapon+3+1992, a+bittersweet+life+2005, 9+2005, albatross+2011, the+boys+are+back+2009, the+bow+2005, painted+fire+2002, bedevilled+2010, breath+2007, 248 ms"
"2022-02-08T19:16:04.483662,244795,recommendation request 17645-team17.isri.cmu.edu:8082, status 200, result: rollerball+1975, the+gauntlet+1977, 8+seconds+1994, my+man+godfrey+1957, ed+1996, star+wars+episode+iii+-+revenge+of+the+sith+2005, all+the+mornings+of+the+world+1991, thank+you+for+smoking+2005, the+brothers+mcmullen+1995, strangers+with+candy+2006, masterminds+1997, coffy+1973, planet+of+the+apes+2001, lady+chatterley+2006, opportunity+knocks+1990, a+man+and+a+woman+1966, full+speed+1996, junebug+2005, live+nude+girls+unite+2000, above+the+law+1988, 380 ms"
"2022-02-08T19:16:04.479964,112718,recommendation request 17645-team17.isri.cmu.edu:8082, status 200, result: american+virgin+2000, edmond+2005, p.s.+2004, the+other+side+of+the+mountain+1975, maze+2000, light+it+up+1999, fuck+2005, nine+queens+2000, the+brothers+mcmullen+1995, chicken+run+2000, one+eight+seven+1997, couples+retreat+2009, malice+1993, the+brothers+2001, an+education+2009, crush+2001, outrage+2009, juno+2007, a+price+above+rubies+1998, shrek+the+third+2007, 344 ms"
"2022-02-08T19:16:05.418448,255850,recommendation request 17645-team17.isri.cmu.edu:8082, status 200, result: drop+zone+1994, switchback+1997, the+snowman+1982, the+warriors+way+2010, snow+dogs+2002, freaky+friday+1976, nims+island+2008, chronicle+2012, the+beverly+hillbillies+1993, phoenix+1998, full+speed+1996, desk+set+1957, junebug+2005, conan+the+barbarian+1982, the+women+2008, quartet+1981, the+fury+1978, hook+1991, predator+1987, my+one+and+only+2009, 327 ms"
"2022-02-08T19:16:05.500059,3221,recommendation request 17645-team17.isri.cmu.edu:8082, status 200, result: eyewitness+1981, the+five+senses+1999, angst+1983, criminal+law+1988, the+gauntlet+1977, raging+bull+1980, punchline+1988, sling+blade+1996, the+way+2010, the+social+network+2010, the+yakuza+1974, the+client+1994, the+mighty+1998, junebug+2005, the+brave+one+2007, four+minutes+2006, his+girl+friday+1940, my+one+and+only+2009, today+you+die+2005, jennifer+eight+1992, 357 ms"
"2022-02-08T19:16:05.532511,74187,recommendation request 17645-team17.isri.cmu.edu:8082, status 200, result: the+house+of+yes+1997, the+last+of+the+mohicans+1992, the+proprietor+1996, ed+1996, 8+seconds+1994, 633+squadron+1964, a+family+thing+1996, casper+1995, phoenix+1998, the+yakuza+1974, gravity+2013, the+mighty+1998, jurassic+park+1993, serial+1980, the+game+1997, from+the+hip+1987, hook+1991, escape+from+the+planet+of+the+apes+1971, spasmo+1974, romeo+is+bleeding+1993, 375 ms"
"2022-02-08T19:16:05.530592,38541,recommendation request 17645-team17.isri.cmu.edu:8082, status 200, result: arranged+2007, stick+it+2006, p.s.+2004, son+of+the+mask+2005, code+of+silence+1985, father+of+the+bride+1991, nims+island+2008, cabin+boy+1994, big+trouble+2002, splash+1984, moving+1988, blood_+guts_+bullets+and+octane+1998, masterminds+1997, phoenix+1998, harem+1985, analyze+that+2002, topper+1937, the+yakuza+1974, the+client+1994, the+hot+spot+1990, 377 ms"
"2022-02-08T19:16:06.309046,43990,recommendation request 17645-team17.isri.cmu.edu:8082, status 200, result: eyewitness+1981, barbershop+2002, ed+1996, the+conspiracy+2012, true+crime+1996, casper+1995, another+thin+man+1939, macabre+1958, beneath+the+planet+of+the+apes+1970, jurassic+park+1993, the+juror+1996, conan+the+barbarian+1982, hook+1991, today+you+die+2005, escape+from+the+planet+of+the+apes+1971, dungeons++dragons+2000, babes+in+toyland+1934, they+made+me+a+criminal+1939, old+gringo+1989, the+allnighter+1987, 267 ms"
"2022-02-08T19:16:06.400768,164184,recommendation request 17645-team17.isri.cmu.edu:8082, status 200, result: eyewitness+1981, six+pack+1982, the+last+of+the+mohicans+1992, p.s.+2004, son+of+the+mask+2005, the+other+side+of+the+mountain+1975, a+family+thing+1996, birdy+1984, ice+castles+1978, harry+and+tonto+1974, love+story+1970, harem+1985, topper+1937, for+keeps+1988, winnie+the+pooh+2011, shes+having+a+baby+1988, from+here+to+eternity+1953, ali+2001, the+women+2008, side+out+1990, 349 ms"
"2022-02-08T19:16:06.419395,638,recommendation request 17645-team17.isri.cmu.edu:8082, status 200, result: the+gauntlet+1977, childs+play+3+1991, american+ninja+1985, dont+move+2004, a+goofy+movie+1995, deep+rising+1998, snow+dogs+2002, in+the+line+of+fire+1993, forrest+gump+1994, phoenix+1998, dead+reckoning+1947, cars+2+2011, shes+having+a+baby+1988, the+juror+1996, side+out+1990, dinoshark+2010, dugs+special+mission+2009, ratatouille+2007, the+mummys+hand+1940, chicken+little+2005, 345 ms"
"2022-02-08T19:16:07.417491,146267,recommendation request 17645-team17.isri.cmu.edu:8082, status 200, result: the+last+of+the+mohicans+1992, the+longest+day+1962, red+dawn+1984, p.s.+2004, deep+rising+1998, 633+squadron+1964, maze+2000, father+of+the+bride+1991, birdy+1984, splash+1984, guilty+as+sin+1993, harem+1985, the+yakuza+1974, the+brothers+2001, mobsters+1991, the+incredible+hulk+2008, the+living+daylights+1987, crush+2001, above+the+law+1988, eight+men+out+1988, 396 ms"
"2022-02-08T19:16:07.400161,127203,recommendation request 17645-team17.isri.cmu.edu:8082, status 200, result: arranged+2007, the+house+of+yes+1997, the+conspiracy+2012, the+brother+from+another+planet+1984, p.s.+2004, frenzy+1972, true+crime+1996, maze+2000, light+it+up+1999, the+company+men+2010, where+the+heart+is+2000, albatross+2011, the+mighty+1998, junebug+2005, waiting+to+exhale+1995, crush+2001, mobsters+1991, ever+after+a+cinderella+story+1998, from+the+hip+1987, eight+men+out+1988, 388 ms"
"2022-02-08T19:16:07.448477,171991,recommendation request 17645-team17.isri.cmu.edu:8082, status 200, result: cry+freedom+1987, murder+by+numbers+2002, airport+77+1977, billy+jack+1971, uncommon+valor+1983, striptease+1996, the+letter+1940, the+island+1980, coffy+1973, patriot+games+1992, flight+of+the+intruder+1991, changing+lanes+2002, sonny+2002, juice+1992, warriors+of+heaven+and+earth+2003, double+take+2001, the+roaring+twenties+1939, the+general+died+at+dawn+1936, azumi+2003, green+dragon+2001, 430 ms"
"2022-02-08T19:16:08.297852,255504,recommendation request 17645-team17.isri.cmu.edu:8082, status 200, result: barbershop+2002, mary+poppins+1964, the+house+of+yes+1997, last+holiday+2006, think+like+a+man+too+2014, notting+hill+1999, p.s.+2004, maze+2000, freaky+friday+1976, forrest+gump+1994, another+thin+man+1939, a+shock+to+the+system+1990, where+the+heart+is+2000, the+brothers+2001, my+beautiful+laundrette+1985, the+mighty+1998, shes+having+a+baby+1988, surfer_+dude+2008, have+rocket_+will+travel+1959, crush+2001, 191 ms"
"2022-02-08T19:16:09.400856,253366,recommendation request 17645-team17.isri.cmu.edu:8082, status 200, result: eyewitness+1981, die+hard+1988, live+free+or+die+hard+2007, triple+cross+1966, rapid+fire+1992, die+hard+2+1990, fatherland+1994, they+call+me+bruce+1982, firestorm+1998, die+fighting+2014, derailed+2002, true+lies+1994, takedown+2000, enigma+1983, hopscotch+1980, commando+1985, today+you+die+2005, volcano+1997, mirage+1995, hard+to+kill+1990, 317 ms"
"2022-02-08T19:16:09.537847,255946,recommendation request 17645-team17.isri.cmu.edu:8082, status 200, result: the+perfect+score+2004, bon+cop+bad+cop+2006, robot+stories+2003, courage+under+fire+1996, lethal+weapon+3+1992, a+time+to+kill+1996, the+virgin+suicides+1999, pitch+black+2000, the+yakuza+1974, for+keeps+1988, changing+lanes+2002, shes+having+a+baby+1988, island+2011, the+matrix+1999, the+incredible+hulk+2008, blind+fury+1989, last+night+1998, indestructible+man+1956, they+made+me+a+criminal+1939, fire+down+below+1997, 470 ms"
"2022-02-08T19:16:09.651477,82212,recommendation request 17645-team17.isri.cmu.edu:8082, status 200, result: eyewitness+1981, the+parent+trap+1998, rollerball+1975, the+house+of+yes+1997, p.s.+2004, barbarosa+1982, snow+dogs+2002, maze+2000, macgruber+2010, the+wash+2001, freaky+friday+1976, once+bitten+1985, gods+not+dead+2014, ice+castles+1978, planet+of+the+apes+2001, the+brothers+2001, the+mighty+1998, surfer_+dude+2008, crush+2001, from+here+to+eternity+1953, 575 ms"
"2022-02-08T19:16:09.709717,79640,recommendation request 17645-team17.isri.cmu.edu:8082, status 200, result: lockout+2012, desert+blue+1999, p.s.+2004, courage+under+fire+1996, the+other+side+of+the+mountain+1975, maze+2000, haywire+2011, your+friends++neighbors+1998, the+brothers+2001, for+keeps+1988, the+truman+show+1998, shes+having+a+baby+1988, junebug+2005, island+2011, m.+butterfly+1993, crush+2001, the+nuns+story+1959, remember+the+night+1940, untitled+2009, my+one+and+only+2009, 611 ms"
"2022-02-08T19:16:09.713351,248368,recommendation request 17645-team17.isri.cmu.edu:8082, status 200, result: drop+zone+1994, rollerball+1975, the+avengers+1998, 8+seconds+1994, incognito+1997, without+a+paddle+2004, detective+story+1951, dick+tracy+1990, inception+2010, wake+of+death+2004, analyze+that+2002, a+man+and+a+woman+1966, the+matrix+revolutions+2003, changing+lanes+2002, island+2011, the+brave+one+2007, quartet+1981, above+the+law+1988, hopscotch+1980, jennifer+eight+1992, 632 ms"
"2022-02-08T19:16:09.733584,36883,recommendation request 17645-team17.isri.cmu.edu:8082, status 200, result: the+cat+in+the+hat+2003, the+house+of+yes+1997, ed+1996, my+man+godfrey+1957, a+goofy+movie+1995, snow+dogs+2002, dick+tracy+1990, apocalypto+2006, the+saint+1997, gone+in+sixty+seconds+2000, how+the+grinch+stole+christmas+2000, the+mighty+1998, cars+2+2011, junebug+2005, shes+having+a+baby+1988, jurassic+park+1993, conan+the+barbarian+1982, remember+the+night+1940, from+the+hip+1987, hook+1991, 647 ms"
"2022-02-08T19:16:09.734922,268648,recommendation request 17645-team17.isri.cmu.edu:8082, status 200, result: rollerball+1975, lockout+2012, oh_+god+1977, the+proprietor+1996, the+brother+from+another+planet+1984, missing+1982, p.s.+2004, mystery_+alaska+1999, light+it+up+1999, z+1969, chronicle+2012, haywire+2011, moving+1988, one+eight+seven+1997, guilty+as+sin+1993, planet+of+the+apes+2001, marooned+1969, the+matrix+revolutions+2003, another+earth+2011, island+2011, 593 ms"
"2022-02-08T19:16:10.366934,23709,recommendation request 17645-team17.isri.cmu.edu:8082, status 200, result: cry+freedom+1987, rollerball+1975, top+secret+1984, criminal+law+1988, star+wars+episode+iii+-+revenge+of+the+sith+2005, notting+hill+1999, missing+1982, p.s.+2004, frenzy+1972, mystery_+alaska+1999, the+other+side+of+the+mountain+1975, the+addams+family+1991, maze+2000, true+crime+1996, a+little+princess+1995, one+eight+seven+1997, guilty+as+sin+1993, planet+of+the+apes+2001, the+brothers+2001, my+beautiful+laundrette+1985, 252 ms"
"2022-02-08T19:16:10.356011,229417,recommendation request 17645-team17.isri.cmu.edu:8082, status 200, result: curdled+1996, cry+freedom+1987, red+dawn+1984, p.s.+2004, rambo+first+blood+part+ii+1985, maze+2000, vision+quest+1985, a+little+princess+1995, the+witches+of+eastwick+1987, guilty+as+sin+1993, patriot+games+1992, the+brothers+2001, the+hitch-hiker+1953, juice+1992, the+living+daylights+1987, crush+2001, mobsters+1991, breakdown+1997, above+the+law+1988, untitled+2009, 302 ms"
"2022-02-08T19:16:10.400975,89339,recommendation request 17645-team17.isri.cmu.edu:8082, status 200, result: american+virgin+2000, the+high+and+the+mighty+1954, p.s.+2004, missing+1982, father+of+the+bride+1991, nims+island+2008, a+little+princess+1995, cabin+boy+1994, birdy+1984, harem+1985, island+2011, class+1983, hook+1991, above+the+law+1988, bingo+1991, spasmo+1974, they+made+me+a+criminal+1939, benji+1974, dead+bang+1989, get+real+1998, 307 ms"
"2022-02-08T19:16:11.361728,66296,recommendation request 17645-team17.isri.cmu.edu:8082, status 200, result: rocky+ii+1979, star+trek+into+darkness+2013, made+for+each+other+1939, drop+zone+1994, the+best+man+1964, raging+bull+1980, star+trek+v+the+final+frontier+1989, rambo+iii+1988, once+around+1991, the+sting+1973, that+was+then...+this+is+now+1985, the+avengers+2012, star+trek+nemesis+2002, where+the+buffalo+roam+1980, a+family+thing+1996, star+trek+insurrection+1998, armageddon+1998, igby+goes+down+2002, interiors+1978, the+four+seasons+1981, 248 ms"
"2022-02-08T19:16:11.333711,184269,recommendation request 17645-team17.isri.cmu.edu:8082, status 200, result: replicant+2001, black+beauty+1994, the+living+dead+girl+1982, night+of+the+living+dead+1990, serenity+2005, mad+max+beyond+thunderdome+1985, robocop+3+1993, the+evil+dead+1981, star+trek+nemesis+2002, silent+night_+deadly+night+1984, night+of+the+living+dead+3d+2007, city+of+the+living+dead+1980, star+trek+insurrection+1998, thumbelina+1994, a+little+princess+1995, mad+max+1979, dead+of+night+1945, the+return+of+the+living+dead+1985, the+abyss+1989, fright+night+part+2+1988, 247 ms"
"2022-02-08T19:16:11.404547,158832,recommendation request 17645-team17.isri.cmu.edu:8082, status 200, result: american+virgin+2000, bill+cosby+himself+1983, edmond+2005, rollerball+1975, barbershop+2002, lockout+2012, light+it+up+1999, once+bitten+1985, premium+rush+2012, fast++furious+6+2013, nighthawks+1981, another+thin+man+1939, taxi+2004, planet+of+the+apes+2001, serial+1980, scary+movie+5+2013, beyond+therapy+1987, 7+seconds+2005, above+the+law+1988, private+lives+1931, 292 ms"
"2022-02-08T19:16:11.449980,35100,recommendation request 17645-team17.isri.cmu.edu:8082, status 200, result: bill+cosby+himself+1983, rollerball+1975, the+longest+day+1962, the+gauntlet+1977, detective+story+1951, lifeboat+1944, grand+illusion+1937, ice+castles+1978, the+island+1980, planet+of+the+apes+2001, the+wizard+1989, in+harms+way+1965, island+2011, the+juror+1996, from+here+to+eternity+1953, scary+movie+5+2013, the+women+2008, the+brave+one+2007, beyond+therapy+1987, above+the+law+1988, 306 ms"
"2022-02-08T19:16:12.242605,2085,recommendation request 17645-team17.isri.cmu.edu:8082, status 200, result: eyewitness+1981, cry+freedom+1987, curdled+1996, the+conspiracy+2012, p.s.+2004, son+of+the+mask+2005, that+was+then...+this+is+now+1985, never+again+2002, the+hound+of+the+baskervilles+1978, r.i.p.d.+2013, ghosts+of+girlfriends+past+2009, derailed+2002, the+burbs+1989, a+beautiful+mind+2001, topper+1937, the+women+2008, get+over+it+2001, hopscotch+1980, today+you+die+2005, live+free+or+die+hard+2007, 160 ms"
"2022-02-08T19:16:12.477886,46581,recommendation request 17645-team17.isri.cmu.edu:8082, status 200, result: eyewitness+1981, cry+freedom+1987, drop+zone+1994, rollerball+1975, barbarosa+1982, without+a+paddle+2004, inception+2010, chronicle+2012, pitch+black+2000, planet+of+the+apes+2001, opportunity+knocks+1990, changing+lanes+2002, island+2011, today+you+die+2005, spasmo+1974, bulletproof+1996, beyond+the+poseidon+adventure+1979, blame+it+on+the+bellboy+1992, bring+it+on+again+2004, divergent+2014, 359 ms"
"2022-02-08T19:16:12.496757,18645,recommendation request 17645-team17.isri.cmu.edu:8082, status 200, result: eyewitness+1981, cry+freedom+1987, mary+poppins+1964, a+goofy+movie+1995, frenzy+1972, true+crime+1996, p.s.+2004, maze+2000, the+addams+family+1991, vision+quest+1985, freaky+friday+1976, a+little+princess+1995, the+witches+of+eastwick+1987, patriot+games+1992, the+brothers+2001, winnie+the+pooh+2011, juice+1992, crush+2001, breakdown+1997, hopscotch+1980, 383 ms"
"2022-02-08T19:16:13.540364,213785,recommendation request 17645-team17.isri.cmu.edu:8082, status 200, result: eyewitness+1981, the+five+senses+1999, 8+seconds+1994, the+proprietor+1996, the+conspiracy+2012, childs+play+3+1991, ed+1996, lethal+weapon+3+1992, inception+2010, casper+1995, psycho+1998, wake+of+death+2004, jaws+3-d+1983, macabre+1958, winnie+the+pooh+2011, jurassic+park+1993, the+serpent+and+the+rainbow+1988, junebug+2005, the+matrix+1999, conan+the+barbarian+1982, 471 ms"
"2022-02-08T19:16:13.575940,122152,recommendation request 17645-team17.isri.cmu.edu:8082, status 200, result: gleaming+the+cube+1989, the+cat+in+the+hat+2003, ed+1996, prison+1988, p.s.+2004, frenzy+1972, lethal+weapon+3+1992, the+hound+of+the+baskervilles+1978, father+of+the+bride+1991, dick+tracy+1990, grand+canyon+1991, the+verdict+1982, big+bad+mama+1974, topper+1937, how+the+grinch+stole+christmas+2000, juice+1992, island+2011, from+here+to+eternity+1953, ali+2001, hook+1991, 497 ms"
"2022-02-08T19:16:13.633894,128249,recommendation request 17645-team17.isri.cmu.edu:8082, status 200, result: cry+freedom+1987, the+new+age+1994, the+last+of+the+mohicans+1992, the+longest+day+1962, the+proprietor+1996, the+snowman+1982, solomon+kane+2009, 633+squadron+1964, a+time+to+kill+1996, vision+quest+1985, a+little+princess+1995, casper+1995, the+witches+of+eastwick+1987, the+yakuza+1974, the+client+1994, the+incredible+hulk+2008, from+here+to+eternity+1953, conan+the+barbarian+1982, hook+1991, they+made+me+a+criminal+1939, 531 ms"
"2022-02-08T19:16:13.633918,40566,recommendation request 17645-team17.isri.cmu.edu:8082, status 200, result: cry+freedom+1987, barbershop+2002, cazuza+time+doesnt+stop+2004, nothing+to+lose+1994, behind+the+sun+2001, jungle+fever+1991, detective+story+1951, gumby+the+movie+1995, another+thin+man+1939, the+brood+1979, the+yakuza+1974, 9+2005, shivers+1975, gravity+2013, planet+of+the+apes+2001, the+game+1997, island+2011, lifted+2006, above+the+law+1988, made+of+honor+2008, 541 ms"
"2022-02-08T19:16:13.638986,133760,recommendation request 17645-team17.isri.cmu.edu:8082, status 200, result: drop+zone+1994, the+five+senses+1999, the+longest+day+1962, raging+bull+1980, the+conspiracy+2012, childs+play+3+1991, lifeboat+1944, grand+illusion+1937, tap+1989, psycho+1998, the+yakuza+1974, jaws+3-d+1983, gravity+2013, beyond+the+sea+2004, the+serpent+and+the+rainbow+1988, desk+set+1957, out+to+sea+1997, the+game+1997, juice+1992, in+harms+way+1965, 539 ms"
"2022-02-08T19:16:14.557622,63999,recommendation request 17645-team17.isri.cmu.edu:8082, status 200, result: edmond+2005, arranged+2007, broken+embraces+2009, the+first+time+2012, suburban+commando+1991, foodfight+2012, the+conspiracy+2012, frenzy+1972, p.s.+2004, light+it+up+1999, maze+2000, brimstone++treacle+1982, masterminds+1997, sanjuro+1962, an+education+2009, junebug+2005, juice+1992, crush+2001, saw+iii+2006, hopscotch+1980, 424 ms"
"2022-02-08T19:16:14.557583,292808,recommendation request 17645-team17.isri.cmu.edu:8082, status 200, result: top+secret+1984, six+pack+1982, p.s.+2004, the+other+side+of+the+mountain+1975, a+time+to+kill+1996, vision+quest+1985, freaky+friday+1976, a+little+princess+1995, the+witches+of+eastwick+1987, the+yakuza+1974, winnie+the+pooh+2011, shes+having+a+baby+1988, the+incredible+hulk+2008, ratatouille+2007, trouble+in+paradise+1932, they+made+me+a+criminal+1939, patton+1970, get+real+1998, back+to+the+future+part+ii+1989, rocky+1976, 458 ms"
"2022-02-08T19:16:14.579722,223874,recommendation request 17645-team17.isri.cmu.edu:8082, status 200, result: cry+freedom+1987, arranged+2007, rollerball+1975, top+secret+1984, frenzy+1972, the+other+side+of+the+mountain+1975, a+time+to+kill+1996, incognito+1997, ice+castles+1978, big+trouble+2002, blood_+guts_+bullets+and+octane+1998, masterminds+1997, the+letter+1940, phoenix+1998, the+yakuza+1974, planet+of+the+apes+2001, from+here+to+eternity+1953, ali+2001, the+incredible+hulk+2008, the+loves+of+carmen+1948, 524 ms"
"2022-02-08T19:16:14.589606,111136,recommendation request 17645-team17.isri.cmu.edu:8082, status 200, result: our+song+2000, my+life+without+me+2003, frenzy+1972, lethal+weapon+3+1992, phoenix+1998, malice+1993, junebug+2005, bottle+rocket+1996, island+2011, conan+the+barbarian+1982, from+here+to+eternity+1953, ali+2001, the+tree+of+life+2011, my+one+and+only+2009, the+adventures+of+ford+fairlane+1990, romeo+is+bleeding+1993, dungeons++dragons+2000, they+made+me+a+criminal+1939, holiday+1938, the+survivors+1983, 552 ms"
"2022-02-08T19:16:15.664089,127760,recommendation request 17645-team17.isri.cmu.edu:8082, status 200, result: shampoo+1975, scenes+from+the+class+struggle+in+beverly+hills+1989, 8+seconds+1994, nine+lives+2005, strayed+2003, p.s.+2004, a+goofy+movie+1995, maze+2000, just+go+with+it+2011, thank+you+for+smoking+2005, emma+2009, twentieth+century+1934, the+brothers+mcmullen+1995, random+hearts+1999, clockwatchers+1997, only+you+1994, away+from+her+2006, full+speed+1996, junebug+2005, dedication+2007, 602 ms"
"2022-02-08T19:16:15.668367,275064,recommendation request 17645-team17.isri.cmu.edu:8082, status 200, result: shampoo+1975, curdled+1996, eyewitness+1981, rollerball+1975, dark+city+1950, intersection+1994, the+golden+voyage+of+sinbad+1973, star+wars+episode+iii+-+revenge+of+the+sith+2005, american+ninja+1985, p.s.+2004, maze+2000, nims+island+2008, critters+1986, the+letter+1940, the+island+1980, planet+of+the+apes+2001, kull+the+conqueror+1997, the+hitch-hiker+1953, mobsters+1991, island+2011, 600 ms"
"2022-02-08T19:16:15.664489,88730,recommendation request 17645-team17.isri.cmu.edu:8082, status 200, result: curdled+1996, nothing+but+trouble+1991, the+last+of+the+mohicans+1992, the+proprietor+1996, family+plot+1976, frenzy+1972, nothing+to+lose+1994, 633+squadron+1964, in+too+deep+1999, critters+1986, national+lampoons+vacation+1983, back+to+school+1986, the+yakuza+1974, company+man+2000, the+client+1994, gravity+2013, another+earth+2011, beyond+the+sea+2004, the+game+1997, juice+1992, 610 ms"
"2022-02-08T19:16:15.668404,170420,recommendation request 17645-team17.isri.cmu.edu:8082, status 200, result: shampoo+1975, oh_+god+1977, ed+1996, punchline+1988, p.s.+2004, streets+of+fire+1984, casper+1995, moving+1988, harry+and+tonto+1974, where+the+heart+is+2000, topper+1937, jurassic+park+1993, junebug+2005, waiting+to+exhale+1995, crush+2001, class+1983, ever+after+a+cinderella+story+1998, help+1965, hook+1991, from+the+hip+1987, 618 ms"
"2022-02-08T19:16:16.350170,155247,recommendation request 17645-team17.isri.cmu.edu:8082, status 200, result: the+perfect+score+2004, frenzy+1972, true+crime+1996, p.s.+2004, maze+2000, lethal+weapon+3+1992, inception+2010, dick+tracy+1990, sex+and+the+city+2008, apocalypto+2006, the+saint+1997, gone+in+sixty+seconds+2000, the+brothers+2001, gravity+2013, the+longest+yard+1974, the+matrix+revolutions+2003, bottle+rocket+1996, the+matrix+1999, island+2011, ali+2001, 246 ms"
"2022-02-08T19:16:16.364202,300417,recommendation request 17645-team17.isri.cmu.edu:8082, status 200, result: the+parent+trap+1998, rollerball+1975, six+pack+1982, the+dresser+1983, star+wars+episode+iii+-+revenge+of+the+sith+2005, p.s.+2004, red+dawn+1984, the+other+side+of+the+mountain+1975, snow+dogs+2002, 633+squadron+1964, a+family+thing+1996, freaky+friday+1976, nims+island+2008, lifeboat+1944, grand+illusion+1937, z+1969, heavens+gate+1980, harry+and+tonto+1974, planet+of+the+apes+2001, this+property+is+condemned+1966, 263 ms"
"2022-02-08T19:16:17.439141,181965,recommendation request 17645-team17.isri.cmu.edu:8082, status 200, result: the+five+senses+1999, top+secret+1984, robot+stories+2003, rollerball+1975, my+man+godfrey+1957, raging+bull+1980, ed+1996, the+conspiracy+2012, star+wars+episode+iii+-+revenge+of+the+sith+2005, p.s.+2004, missing+1982, mystery_+alaska+1999, the+other+side+of+the+mountain+1975, the+addams+family+1991, maze+2000, a+little+princess+1995, masterminds+1997, one+eight+seven+1997, guilty+as+sin+1993, the+brothers+2001, 371 ms"
"2022-02-08T19:16:17.438966,237263,recommendation request 17645-team17.isri.cmu.edu:8082, status 200, result: rollerball+1975, the+conspiracy+2012, mr.+smith+goes+to+washington+1939, detective+story+1951, the+company+men+2010, the+island+1980, planet+of+the+apes+2001, albatross+2011, the+living+daylights+1987, six+weeks+1982, eight+men+out+1988, carefree+1938, hopscotch+1980, jennifer+eight+1992, the+mummys+hand+1940, the+fly+ii+1989, down+in+the+delta+1998, the+idolmaker+1980, the+allnighter+1987, beyond+the+poseidon+adventure+1979, 382 ms"
"2022-02-08T19:16:17.446900,209433,recommendation request 17645-team17.isri.cmu.edu:8082, status 200, result: home+page+1998, shampoo+1975, raging+bull+1980, ed+1996, punchline+1988, think+like+a+man+too+2014, a+family+thing+1996, fuck+2005, birdy+1984, pompeii+2014, bachelor+in+paradise+1961, love+crazy+1941, company+man+2000, albatross+2011, on+the+town+1949, junebug+2005, juice+1992, outrage+2009, my+one+and+only+2009, my+girl+1991, 371 ms"
"2022-02-08T19:16:18.430386,162856,recommendation request 17645-team17.isri.cmu.edu:8082, status 200, result: american+virgin+2000, remember+me+2010, the+five+senses+1999, barbershop+2002, punchline+1988, raging+bull+1980, doc+hollywood+1991, rain+man+1988, a+family+thing+1996, another+thin+man+1939, the+letter+1940, albatross+2011, shes+having+a+baby+1988, island+2011, remember+the+night+1940, eating+raoul+1982, an+american+werewolf+in+paris+1997, down+in+the+delta+1998, american+splendor+2003, beyond+the+poseidon+adventure+1979, 339 ms"
"2022-02-08T19:16:18.489600,52560,recommendation request 17645-team17.isri.cmu.edu:8082, status 200, result: american+virgin+2000, mickeys+once+upon+a+christmas+1999, dark+city+1950, the+conspiracy+2012, courage+under+fire+1996, lethal+weapon+3+1992, edward+scissorhands+1990, the+andromeda+strain+1971, dick+tracy+1990, the+flying+saucer+1950, gumby+the+movie+1995, the+rage+carrie+2+1999, the+verdict+1982, apocalypto+2006, silver+city+2004, macabre+1958, conan+the+barbarian+1982, x+the+unknown+1956, ratatouille+2007, dungeons++dragons+2000, 375 ms"
"2022-02-08T19:16:18.494074,265058,recommendation request 17645-team17.isri.cmu.edu:8082, status 200, result: the+family+man+2000, the+cat+in+the+hat+2003, leave+it+to+beaver+1997, dial+m+for+murder+1954, ed+1996, off+limits+1988, ghost+dad+1990, p.s.+2004, in+the+line+of+fire+1993, forrest+gump+1994, e.t.+the+extra-terrestrial+1982, babe+pig+in+the+city+1998, love+story+1970, dead+reckoning+1947, the+yakuza+1974, how+the+grinch+stole+christmas+2000, heartbeeps+1981, the+losers+2010, shes+having+a+baby+1988, rat+2001, 271 ms"
"2022-02-08T19:16:19.238298,113199,recommendation request 17645-team17.isri.cmu.edu:8082, status 200, result: american+virgin+2000, drop+zone+1994, kissing+a+fool+1998, the+phantom+1996, housesitter+1992, once+around+1991, the+avengers+2012, never+again+2002, without+a+paddle+2004, uncommon+valor+1983, airborne+1993, the+four+seasons+1981, star+wars+1977, american+pie+2+2001, return+of+the+jedi+1983, flight+of+the+intruder+1991, heartbeeps+1981, send+me+no+flowers+1964, american+wedding+2003, changing+lanes+2002, 194 ms"
"2022-02-08T19:16:19.397711,86109,recommendation request 17645-team17.isri.cmu.edu:8082, status 200, result: the+perfect+score+2004, bon+cop+bad+cop+2006, switchback+1997, arranged+2007, the+snowman+1982, a+goofy+movie+1995, deep+rising+1998, big+hero+6+2014, incognito+1997, apocalypto+2006, masterminds+1997, the+letter+1940, phoenix+1998, gone+in+sixty+seconds+2000, the+longest+yard+1974, veronica+guerin+2003, juice+1992, 7+seconds+2005, the+man+who+knew+too+much+1956, dinoshark+2010, 338 ms"
"2022-02-08T19:16:19.397567,134417,recommendation request 17645-team17.isri.cmu.edu:8082, status 200, result: the+last+of+the+mohicans+1992, true+crime+1996, courage+under+fire+1996, walle+2008, 633+squadron+1964, the+bridge+at+remagen+1969, edward+scissorhands+1990, big+hero+6+2014, light+it+up+1999, z+1969, the+verdict+1982, malice+1993, platoon+1986, cars+2+2011, junebug+2005, kull+the+conqueror+1997, serial+1980, some+days+are+better+than+others+2011, conan+the+barbarian+1982, saw+vi+2009, 327 ms"
"2022-02-08T19:16:19.429385,121598,recommendation request 17645-team17.isri.cmu.edu:8082, status 200, result: the+five+senses+1999, the+house+of+yes+1997, raging+bull+1980, rain+man+1988, the+other+side+of+the+mountain+1975, a+family+thing+1996, fuck+2005, detective+story+1951, the+godfather+part+iii+1990, moving+1988, harem+1985, sanjuro+1962, the+mighty+1998, junebug+2005, remember+the+night+1940, from+the+hip+1987, outrage+2009, my+one+and+only+2009, jennifer+eight+1992, the+hidden+fortress+1958, 376 ms"
"2022-02-08T19:16:20.441494,160964,recommendation request 17645-team17.isri.cmu.edu:8082, status 200, result: eyewitness+1981, cry+freedom+1987, rollerball+1975, six+pack+1982, 8+seconds+1994, once+bitten+1985, the+letter+1940, guilty+as+sin+1993, patriot+games+1992, changing+lanes+2002, juice+1992, mobsters+1991, m.+butterfly+1993, quartet+1981, hopscotch+1980, dark+passage+1947, today+you+die+2005, fire+down+below+1997, divergent+2014, l.i.e.+2001, 343 ms"
"2022-02-08T19:16:20.452240,183827,recommendation request 17645-team17.isri.cmu.edu:8082, status 200, result: the+house+of+yes+1997, 8+seconds+1994, the+conspiracy+2012, the+aristocats+1970, nims+island+2008, the+alamo+1960, casper+1995, a+patch+of+blue+1965, macabre+1958, the+mighty+1998, desk+set+1957, out+to+sea+1997, the+incredible+hulk+2008, romeo+and+juliet+1936, from+the+hip+1987, above+the+law+1988, the+emperors+new+groove+2000, h.m.+pulham_+esq.+1941, bingo+1991, gone+with+the+wind+1939, 355 ms"
"2022-02-08T19:16:20.568086,230751,recommendation request 17645-team17.isri.cmu.edu:8082, status 200, result: the+nest+2002, the+five+senses+1999, what+doesnt+kill+you+2008, the+golden+voyage+of+sinbad+1973, cazuza+time+doesnt+stop+2004, p.s.+2004, nothing+to+lose+1994, maze+2000, parker+2013, wintersleepers+1997, behind+the+sun+2001, johnny+english+2003, bad+girls+1994, the+brothers+2001, beyond+the+sea+2004, rush+hour+3+2007, mobsters+1991, crush+2001, side+out+1990, dark+passage+1947, 456 ms"
"2022-02-08T19:16:20.592935,37496,recommendation request 17645-team17.isri.cmu.edu:8082, status 200, result: the+perfect+score+2004, eyewitness+1981, curdled+1996, bon+cop+bad+cop+2006, a+goofy+movie+1995, frenzy+1972, true+crime+1996, p.s.+2004, vision+quest+1985, freaky+friday+1976, a+little+princess+1995, the+witches+of+eastwick+1987, guilty+as+sin+1993, winnie+the+pooh+2011, the+hitch-hiker+1953, mobsters+1991, hopscotch+1980, the+emperors+new+groove+2000, today+you+die+2005, ratatouille+2007, 450 ms"
"2022-02-08T19:16:20.633250,52255,recommendation request 17645-team17.isri.cmu.edu:8082, status 200, result: n+1998, rollerball+1975, the+avengers+1998, i+hate+valentines+day+2009, incognito+1997, the+lost+weekend+1945, z+1969, inception+2010, the+virgin+suicides+1999, casper+1995, steel+1997, phoenix+1998, analyze+that+2002, albatross+2011, jurassic+park+1993, battle+for+terra+2007, mobsters+1991, the+brave+one+2007, conan+the+barbarian+1982, the+women+2008, 496 ms"
"2022-02-08T19:16:21.481299,252177,recommendation request 17645-team17.isri.cmu.edu:8082, status 200, result: cry+freedom+1987, rollerball+1975, top+secret+1984, drop+zone+1994, my+man+godfrey+1957, ed+1996, barbarosa+1982, the+addams+family+1991, a+christmas+carol+2009, in+the+line+of+fire+1993, without+a+paddle+2004, a+little+princess+1995, a+shock+to+the+system+1990, dead+reckoning+1947, lionheart+1990, wake+of+death+2004, malice+1993, planet+of+the+apes+2001, changing+lanes+2002, the+juror+1996, 385 ms"
"2022-02-08T19:16:21.506022,255865,recommendation request 17645-team17.isri.cmu.edu:8082, status 200, result: eyewitness+1981, whisper+of+the+heart+1995, the+five+senses+1999, 8+seconds+1994, p.s.+2004, courage+under+fire+1996, maze+2000, the+dancemaker+1998, sex+and+the+city+2008, gumby+the+movie+1995, bully+2011, joy+ride+2001, the+brothers+2001, the+client+1994, junebug+2005, american+psycho+2+all+american+girl+2002, crush+2001, island+2011, my+one+and+only+2009, ratatouille+2007, 415 ms"
"2022-02-08T19:16:21.510804,288734,recommendation request 17645-team17.isri.cmu.edu:8082, status 200, result: robot+stories+2003, dark+alibi+1946, paths+of+glory+1957, frenzy+1972, how+i+won+the+war+1967, the+other+side+of+the+mountain+1975, rising+sun+1993, birdy+1984, in+too+deep+1999, phoenix+1998, the+yakuza+1974, albatross+2011, fabled+2002, painted+fire+2002, king+and+the+clown+2005, island+2011, days+of+glory+1944, last+night+1998, six+weeks+1982, spasmo+1974, 417 ms"
"2022-02-08T19:16:22.425979,244672,recommendation request 17645-team17.isri.cmu.edu:8082, status 200, result: p.s.+2004, sling+blade+1996, nothing+to+lose+1994, maze+2000, lethal+weapon+3+1992, birdy+1984, ice+castles+1978, pompeii+2014, harem+1985, dead+presidents+1995, albatross+2011, the+mighty+1998, juice+1992, crush+2001, eight+men+out+1988, singham+2011, knockout+2000, down+in+the+delta+1998, no+mercy+1986, seven+alone+1974, 353 ms"
"2022-02-08T19:16:22.392303,126848,recommendation request 17645-team17.isri.cmu.edu:8082, status 200, result: curdled+1996, the+five+senses+1999, viva+zapata+1952, raging+bull+1980, frenzy+1972, brimstone++treacle+1982, a+time+to+kill+1996, the+godfather+part+iii+1990, the+devils+1971, the+yakuza+1974, the+client+1994, fabled+2002, painted+fire+2002, jurassic+park+1993, the+hitch-hiker+1953, king+and+the+clown+2005, mobsters+1991, jersey+boys+2014, juice+1992, silent+house+2011, 326 ms"
"2022-02-08T19:16:23.369065,107877,recommendation request 17645-team17.isri.cmu.edu:8082, status 200, result: shampoo+1975, intersection+1994, spirit+stallion+of+the+cimarron+2002, twentieth+century+1934, dick+tracy+1990, moving+1988, harry+and+tonto+1974, apocalypto+2006, phoenix+1998, masterminds+1997, the+saint+1997, planet+of+the+apes+2001, gone+in+sixty+seconds+2000, junebug+2005, serial+1980, shes+having+a+baby+1988, murphys+romance+1985, the+hot+spot+1990, the+truman+show+1998, the+owl+and+the+pussycat+1970, 339 ms"
"2022-02-08T19:16:23.422369,140420,recommendation request 17645-team17.isri.cmu.edu:8082, status 200, result: suburban+commando+1991, 8+seconds+1994, ed+1996, the+conspiracy+2012, the+punisher+1989, cookie+1989, the+other+side+of+the+mountain+1975, light+it+up+1999, paintball+2009, albatross+2011, macabre+1958, the+mighty+1998, ernest+in+the+army+1998, happy_+texas+1999, the+women+2008, six+weeks+1982, breakdown+1997, romeo+and+juliet+1936, the+fan+1981, mr.+jealousy+1997, 383 ms"
"2022-02-08T19:16:23.515663,308233,recommendation request 17645-team17.isri.cmu.edu:8082, status 200, result: north+by+northwest+1959, n+1998, curdled+1996, cry+freedom+1987, dead+of+winter+1987, jesus+christ+superstar+1973, the+gauntlet+1977, boarding+gate+2007, last+holiday+2006, missing+1982, detective+story+1951, birdy+1984, johnny+english+2003, the+yakuza+1974, the+longest+yard+1974, the+game+1997, the+hitch-hiker+1953, island+2011, mobsters+1991, eye+of+the+beholder+1999, 460 ms"
"2022-02-08T19:16:23.528559,170599,recommendation request 17645-team17.isri.cmu.edu:8082, status 200, result: curdled+1996, rollerball+1975, top+secret+1984, 8+seconds+1994, the+proprietor+1996, the+conspiracy+2012, star+wars+episode+iii+-+revenge+of+the+sith+2005, altered+2006, lifeboat+1944, grand+illusion+1937, in+too+deep+1999, critters+1986, planet+of+the+apes+2001, the+hidden+1987, the+matrix+revolutions+2003, mercenary+for+justice+2006, the+hitch-hiker+1953, mobsters+1991, the+brave+one+2007, 7+seconds+2005, 476 ms"
"2022-02-08T19:16:23.541155,286216,recommendation request 17645-team17.isri.cmu.edu:8082, status 200, result: eyewitness+1981, rollerball+1975, the+snowman+1982, nims+island+2008, casper+1995, c.h.o.m.p.s.+1979, the+island+1980, the+yakuza+1974, big+bad+mama+1974, gravity+2013, the+mighty+1998, jurassic+park+1993, kull+the+conqueror+1997, the+game+1997, bingo+1991, today+you+die+2005, shrek+the+third+2007, old+gringo+1989, fire+down+below+1997, contagion+2011, 465 ms"
"2022-02-08T19:16:24.362846,80634,recommendation request 17645-team17.isri.cmu.edu:8082, status 200, result: shampoo+1975, the+glimmer+man+1996, the+bounty+1984, the+dresser+1983, punchline+1988, the+high+and+the+mighty+1954, easy+come_+easy+go+1967, a+time+to+kill+1996, freaky+friday+1976, written+on+the+wind+1956, paul+2011, footloose+1984, lifeboat+1944, the+verdict+1982, albatross+2011, the+matrix+revolutions+2003, junebug+2005, the+brave+one+2007, six+weeks+1982, his+girl+friday+1940, 345 ms"
"2022-02-08T19:16:24.359786,224330,recommendation request 17645-team17.isri.cmu.edu:8082, status 200, result: curdled+1996, nothing+but+trouble+1991, the+proprietor+1996, the+brother+from+another+planet+1984, frenzy+1972, how+i+won+the+war+1967, under+siege+1992, the+andromeda+strain+1971, lifeboat+1944, pitch+black+2000, psycho+1998, the+yakuza+1974, gravity+2013, platoon+1986, junebug+2005, free+willy+3+the+rescue+1997, in+harms+way+1965, the+game+1997, the+hitch-hiker+1953, mobsters+1991, 333 ms"
"2022-02-08T19:16:25.258051,266519,recommendation request 17645-team17.isri.cmu.edu:8082, status 200, result: angels+with+dirty+faces+1938, back+to+the+future+part+iii+1990, robot+stories+2003, p.s.+2004, that+was+then...+this+is+now+1985, northfork+2003, casper+1995, the+sixth+man+1997, r.i.p.d.+2013, two+deaths+1995, lets+do+it+again+1975, balto+1995, jurassic+park+1993, rocky+iii+1982, from+here+to+eternity+1953, last+night+1998, hook+1991, richard+iii+1955, patton+1970, mr.+destiny+1990, 198 ms"
"2022-02-08T19:16:25.417905,135388,recommendation request 17645-team17.isri.cmu.edu:8082, status 200, result: drop+zone+1994, rollerball+1975, melody+time+1948, a+goofy+movie+1995, the+aristocats+1970, a+christmas+carol+2009, without+a+paddle+2004, freaky+friday+1976, vision+quest+1985, a+little+princess+1995, the+witches+of+eastwick+1987, wake+of+death+2004, saludos+amigos+1942, planet+of+the+apes+2001, changing+lanes+2002, shes+having+a+baby+1988, the+incredible+hulk+2008, hopscotch+1980, the+emperors+new+groove+2000, ratatouille+2007, 355 ms"
"2022-02-08T19:16:26.435483,32116,recommendation request 17645-team17.isri.cmu.edu:8082, status 200, result: north+by+northwest+1959, down+periscope+1996, curdled+1996, rhinestone+1984, the+proprietor+1996, stargate+the+ark+of+truth+2008, circus+2000, dont+move+2004, how+i+won+the+war+1967, that+was+then...+this+is+now+1985, cq+2001, lifeboat+1944, the+lookout+2007, the+beverly+hillbillies+1993, hot+tub+time+machine+2010, bulworth+1998, platoon+1986, s.w.a.t.+2003, children+of+the+damned+1964, in+harms+way+1965, 349 ms"
"2022-02-08T19:16:27.326478,124527,recommendation request 17645-team17.isri.cmu.edu:8082, status 200, result: black+beauty+1994, el+topo+1970, raging+bull+1980, notting+hill+1999, p.s.+2004, barbarosa+1982, maze+2000, a+family+thing+1996, footloose+1984, bad+girls+1994, the+alamo+1960, masterminds+1997, the+brothers+2001, albatross+2011, my+beautiful+laundrette+1985, the+truman+show+1998, junebug+2005, shes+having+a+baby+1988, crush+2001, mobsters+1991, 288 ms"
"2022-02-08T19:16:27.544077,277444,recommendation request 17645-team17.isri.cmu.edu:8082, status 200, result: cry+freedom+1987, rollerball+1975, bossa+nova+2000, the+dresser+1983, ed+1996, the+other+side+of+the+mountain+1975, the+way+2010, detective+story+1951, casper+1995, bad+girls+1994, the+verdict+1982, the+island+1980, albatross+2011, jurassic+park+1993, white+palace+1990, kull+the+conqueror+1997, six+weeks+1982, millions+2005, hook+1991, three+fugitives+1989, 483 ms"
"2022-02-08T19:16:27.565828,22486,recommendation request 17645-team17.isri.cmu.edu:8082, status 200, result: shampoo+1975, six+pack+1982, stick+it+2006, picture+perfect+1997, punchline+1988, doc+hollywood+1991, maze+2000, cabin+boy+1994, johnny+english+2003, moving+1988, junebug+2005, american+psycho+2+all+american+girl+2002, crush+2001, some+days+are+better+than+others+2011, his+girl+friday+1940, my+one+and+only+2009, rushmore+1998, hot+to+trot+1988, the+allnighter+1987, get+real+1998, 460 ms"
"2022-02-08T19:16:27.576257,41791,recommendation request 17645-team17.isri.cmu.edu:8082, status 200, result: the+conspiracy+2012, changeling+2008, altered+2006, inception+2010, the+social+network+2010, nighthawks+1981, dead+reckoning+1947, wake+of+death+2004, 9+2005, the+saint+1997, macabre+1958, the+serpent+and+the+rainbow+1988, the+fury+1978, 7+seconds+2005, dinoshark+2010, the+art+of+war+2000, inseminoid+1981, ratatouille+2007, phantoms+1998, sucker+punch+2011, 518 ms"
"2022-02-08T19:16:27.585539,156210,recommendation request 17645-team17.isri.cmu.edu:8082, status 200, result: life+is+beautiful+1997, the+five+senses+1999, last+holiday+2006, a+goofy+movie+1995, p.s.+2004, barbarosa+1982, maze+2000, lethal+weapon+3+1992, the+brothers+mcmullen+1995, dick+tracy+1990, money+train+1995, the+brothers+2001, the+matrix+revolutions+2003, the+serpent+and+the+rainbow+1988, crush+2001, the+brave+one+2007, tough+guys+1986, from+the+hip+1987, hopscotch+1980, juno+2007, 509 ms"
"2022-02-08T19:16:28.464970,117181,recommendation request 17645-team17.isri.cmu.edu:8082, status 200, result: cry+freedom+1987, rollerball+1975, drop+zone+1994, the+gauntlet+1977, dont+move+2004, the+other+side+of+the+mountain+1975, a+time+to+kill+1996, without+a+paddle+2004, birdy+1984, ice+castles+1978, harem+1985, planet+of+the+apes+2001, wake+of+death+2004, changing+lanes+2002, from+here+to+eternity+1953, ali+2001, side+out+1990, above+the+law+1988, eight+men+out+1988, hopscotch+1980, 402 ms"
"2022-02-08T19:16:28.468084,281069,recommendation request 17645-team17.isri.cmu.edu:8082, status 200, result: narc+2002, eyewitness+1981, drop+zone+1994, switchback+1997, the+snowman+1982, frenzy+1972, enough+2002, the+mummy+1999, that+was+then...+this+is+now+1985, jungle+fever+1991, without+a+paddle+2004, star+trek+insurrection+1998, bullet+1996, uncommon+valor+1983, do+the+right+thing+1989, derailed+2002, flight+of+the+intruder+1991, gravity+2013, 2010+moby+dick+2010, predator+2+1990, 384 ms"
"2022-02-08T19:16:28.465033,234812,recommendation request 17645-team17.isri.cmu.edu:8082, status 200, result: surf+ninjas+1993, suburban+commando+1991, finding+nemo+2003, baby+secret+of+the+lost+legend+1985, a+little+princess+1995, r.i.p.d.+2013, renegades+1989, gordy+1995, the+hanging+garden+1997, dugs+special+mission+2009, ratatouille+2007, atl+2006, cars+2006, benji+1974, d.a.r.y.l.+1985, virtuosity+1995, quest+for+camelot+1998, la+luna+2011, seven+alone+1974, atlantis_+the+lost+continent+1961, 346 ms"
"2022-02-08T19:16:28.473972,295262,recommendation request 17645-team17.isri.cmu.edu:8082, status 200, result: drop+zone+1994, rollerball+1975, switchback+1997, 28+weeks+later+2007, missing+1982, mystery_+alaska+1999, light+it+up+1999, the+andromeda+strain+1971, cheaper+by+the+dozen+2+2005, the+flying+saucer+1950, the+next+karate+kid+1994, one+eight+seven+1997, guilty+as+sin+1993, dead+reckoning+1947, the+yakuza+1974, four+brothers+2005, gravity+2013, wargames+1983, the+game+1997, island+2011, 412 ms"
"2022-02-08T19:16:28.514763,3705,recommendation request 17645-team17.isri.cmu.edu:8082, status 200, result: the+cat+in+the+hat+2003, the+avengers+1998, sleepers+1996, mary+poppins+1964, the+gauntlet+1977, ed+1996, major+league+ii+1994, p.s.+2004, frenzy+1972, true+crime+1996, light+it+up+1999, the+addams+family+1991, vision+quest+1985, freaky+friday+1976, a+little+princess+1995, casper+1995, babe+pig+in+the+city+1998, moving+1988, the+verdict+1982, the+witches+of+eastwick+1987, 425 ms"
"2022-02-08T19:16:29.493589,187567,recommendation request 17645-team17.isri.cmu.edu:8082, status 200, result: drop+zone+1994, cry+freedom+1987, without+a+paddle+2004, mallrats+1995, the+beverly+hillbillies+1993, the+saint+1997, wake+of+death+2004, desk+set+1957, changing+lanes+2002, from+here+to+eternity+1953, richard+iii+1955, hopscotch+1980, dugs+special+mission+2009, ratatouille+2007, little+murders+1971, patton+1970, the+professional+1981, cars+2006, unfaithfully+yours+1984, bring+it+on+again+2004, 461 ms"
"2022-02-08T19:16:29.577289,88832,recommendation request 17645-team17.isri.cmu.edu:8082, status 200, result: american+virgin+2000, sullivans+travels+1941, the+outlaw+josey+wales+1976, rollerball+1975, melody+time+1948, the+dresser+1983, last+holiday+2006, star+wars+episode+iii+-+revenge+of+the+sith+2005, doc+hollywood+1991, without+a+paddle+2004, detective+story+1951, pitch+black+2000, phoenix+1998, saludos+amigos+1942, planet+of+the+apes+2001, albatross+2011, unforgiven+1992, bottle+rocket+1996, ali+2001, six+weeks+1982, 430 ms"
"2022-02-08T19:16:29.669033,84239,recommendation request 17645-team17.isri.cmu.edu:8082, status 200, result: gleaming+the+cube+1989, eyewitness+1981, cry+freedom+1987, drop+zone+1994, robot+stories+2003, rio+bravo+1959, 8+seconds+1994, last+holiday+2006, frenzy+1972, true+crime+1996, the+other+side+of+the+mountain+1975, father+of+the+bride+1991, detective+story+1951, grand+canyon+1991, the+verdict+1982, serial+1980, last+night+1998, today+you+die+2005, jennifer+eight+1992, spasmo+1974, 640 ms"
"2022-02-08T19:16:29.680985,149377,recommendation request 17645-team17.isri.cmu.edu:8082, status 200, result: the+perfect+score+2004, rollerball+1975, star+wars+episode+iii+-+revenge+of+the+sith+2005, star+trek+nemesis+2002, star+trek+insurrection+1998, the+poseidon+adventure+1972, tarzan+1999, the+tigger+movie+2000, the+abyss+1989, planet+of+the+apes+1968, return+of+the+jedi+1983, planet+of+the+apes+2001, animal+crackers+1930, follow+me_+boys+1966, the+longest+yard+1974, independence+day+1996, were+no+angels+1989, pocahontas+1995, the+king+2005, iron+will+1994, 543 ms"
"2022-02-08T19:16:29.689776,133431,recommendation request 17645-team17.isri.cmu.edu:8082, status 200, result: mickeys+once+upon+a+christmas+1999, rollerball+1975, melody+time+1948, p.s.+2004, freaky+friday+1976, a+little+princess+1995, gumby+the+movie+1995, chicken+run+2000, the+island+1980, planet+of+the+apes+2001, albatross+2011, winnie+the+pooh+2011, island+2011, of+human+bondage+1934, ratatouille+2007, chicken+little+2005, lassie+2005, a+christmas+carol+1984, the+gnome-mobile+1967, the+hunchback+of+notre+dame+1996, 583 ms"
"2022-02-08T19:16:30.539383,187614,recommendation request 17645-team17.isri.cmu.edu:8082, status 200, result: love+jones+1997, p.s.+2004, maze+2000, forrest+gump+1994, bachelor+in+paradise+1961, love+story+1970, love+crazy+1941, national+lampoons+vacation+1983, the+horse+soldiers+1959, a+man+and+a+woman+1966, on+the+town+1949, the+comancheros+1961, shes+having+a+baby+1988, crush+2001, burnt+offerings+1976, side+out+1990, millions+2005, man+on+the+moon+1999, melvin+and+howard+1980, the+allnighter+1987, 442 ms"
"2022-02-08T19:16:30.534121,6755,recommendation request 17645-team17.isri.cmu.edu:8082, status 200, result: switchback+1997, mary+poppins+1964, punchline+1988, city+slickers+1991, frenzy+1972, true+crime+1996, courage+under+fire+1996, barbarosa+1982, the+addams+family+1991, detective+story+1951, freaky+friday+1976, birdy+1984, bad+girls+1994, harem+1985, patriot+games+1992, geronimo+an+american+legend+1993, island+2011, juice+1992, breakdown+1997, the+man+who+knew+too+much+1956, 450 ms"
"2022-02-08T19:16:30.561482,197975,recommendation request 17645-team17.isri.cmu.edu:8082, status 200, result: black+beauty+1994, cry+freedom+1987, rollerball+1975, the+avengers+1998, the+longest+day+1962, ed+1996, the+snowman+1982, star+wars+episode+iii+-+revenge+of+the+sith+2005, the+warriors+way+2010, lethal+weapon+3+1992, incognito+1997, lifeboat+1944, the+woman+2011, grand+illusion+1937, big+trouble+2002, the+beverly+hillbillies+1993, casper+1995, analyze+that+2002, planet+of+the+apes+2001, desk+set+1957, 466 ms"
"2022-02-08T19:16:30.577951,175386,recommendation request 17645-team17.isri.cmu.edu:8082, status 200, result: american+virgin+2000, shampoo+1975, stick+it+2006, devil+girl+from+mars+1954, notting+hill+1999, p.s.+2004, maze+2000, father+of+the+bride+1991, nims+island+2008, splash+1984, the+letter+1940, the+brothers+2001, my+beautiful+laundrette+1985, junebug+2005, serial+1980, crush+2001, m.+butterfly+1993, the+women+2008, north+1994, hook+1991, 476 ms"
"2022-02-08T19:16:31.348286,14980,recommendation request 17645-team17.isri.cmu.edu:8082, status 200, result: cry+freedom+1987, courage+under+fire+1996, the+other+side+of+the+mountain+1975, edward+scissorhands+1990, wintersleepers+1997, gumby+the+movie+1995, the+flight+of+dragons+1982, the+verdict+1982, back+to+school+1986, beyond+the+sea+2004, junebug+2005, white+palace+1990, conan+the+barbarian+1982, class+1983, side+out+1990, remember+the+night+1940, my+one+and+only+2009, ratatouille+2007, easy+money+1983, dungeons++dragons+2000, 312 ms"
"2022-02-08T19:16:31.341246,58611,recommendation request 17645-team17.isri.cmu.edu:8082, status 200, result: eyewitness+1981, drop+zone+1994, rollerball+1975, switchback+1997, robot+stories+2003, sleepers+1996, star+wars+episode+iii+-+revenge+of+the+sith+2005, p.s.+2004, without+a+paddle+2004, northfork+2003, chronicle+2012, phoenix+1998, wake+of+death+2004, planet+of+the+apes+2001, the+client+1994, the+saint+1997, desk+set+1957, out+to+sea+1997, changing+lanes+2002, island+2011, 320 ms"
"2022-02-08T19:16:31.473137,278643,recommendation request 17645-team17.isri.cmu.edu:8082, status 200, result: return+of+the+fly+1959, childs+play+3+1991, street+fighter+the+legend+of+chun-li+2009, carnosaur+2+1995, watchers+1988, first+blood+1982, pitch+black+2000, star+wars+1977, shopping+1994, planet+of+the+apes+2001, alien+escape+1996, dinoshark+2010, the+fly+ii+1989, house+of+frankenstein+1944, the+signal+2007, jaws+2+1978, virtuosity+1995, avatar+2009, phantasm+ii+1988, birdemic+shock+and+terror+2010, 418 ms"
"2022-02-08T19:16:32.543340,205088,recommendation request 17645-team17.isri.cmu.edu:8082, status 200, result: man+bites+dog+1992, rollerball+1975, the+conspiracy+2012, childs+play+3+1991, star+wars+episode+iii+-+revenge+of+the+sith+2005, a+goofy+movie+1995, a+moment+to+remember+2004, snow+dogs+2002, dick+tracy+1990, psycho+1998, apocalypto+2006, lenfer+1994, steel+1997, a+shock+to+the+system+1990, the+saint+1997, planet+of+the+apes+2001, gone+in+sixty+seconds+2000, jaws+3-d+1983, painted+fire+2002, cars+2+2011, 479 ms"
"2022-02-08T19:16:32.557826,240428,recommendation request 17645-team17.isri.cmu.edu:8082, status 200, result: shampoo+1975, six+pack+1982, ed+1996, punchline+1988, p.s.+2004, changeling+2008, snow+dogs+2002, the+aristocats+1970, macgruber+2010, a+family+thing+1996, stealing+harvard+2002, the+company+men+2010, the+social+network+2010, mousehunt+1997, dead+reckoning+1947, albatross+2011, unaccompanied+minors+2006, ernest+in+the+army+1998, bridesmaids+2011, above+the+law+1988, 493 ms"
"2022-02-08T19:16:32.916496,305552,recommendation request 17645-team17.isri.cmu.edu:8082, status 200, result: narc+2002, rumble+in+the+bronx+1995, drop+zone+1994, rollerball+1975, billy+bathgate+1991, switchback+1997, who+am+i+1998, star+wars+episode+iii+-+revenge+of+the+sith+2005, p.s.+2004, running+out+of+time+1999, rush+hour+1998, maze+2000, premium+rush+2012, star+trek+insurrection+1998, armageddon+1998, dick+tracy+1990, a+better+tomorrow+ii+1987, without+a+paddle+2004, uncommon+valor+1983, emma+2009, 837 ms"
"2022-02-08T19:16:33.474463,2079,recommendation request 17645-team17.isri.cmu.edu:8082, status 200, result: black+beauty+1994, helen+of+troy+1956, jumanji+1995, a+little+princess+1995, dark+victory+1939, the+10th+kingdom+2000, noah+2014, love+affair+1994, inkheart+2008, harry+potter+and+the+deathly+hallows+part+2+2011, harry+potter+and+the+prisoner+of+azkaban+2004, excalibur+1981, last+night+1998, the+sheltering+sky+1990, dogfight+1991, into+the+west+1992, little+monsters+1989, the+postman+1997, her+2013, beyond+the+poseidon+adventure+1979, 446 ms"
"2022-02-08T19:16:33.499551,291975,recommendation request 17645-team17.isri.cmu.edu:8082, status 200, result: bill+cosby+himself+1983, the+house+of+yes+1997, p.s.+2004, pajama+party+1964, the+other+side+of+the+mountain+1975, maze+2000, analyze+this+1999, johnny+english+2003, ice+castles+1978, casper+1995, moving+1988, a+patch+of+blue+1965, the+mighty+1998, the+matrix+revolutions+2003, crush+2001, from+here+to+eternity+1953, ali+2001, the+incredible+hulk+2008, the+brave+one+2007, romeo+and+juliet+1936, 472 ms"
"2022-02-08T19:16:33.548661,309289,recommendation request 17645-team17.isri.cmu.edu:8082, status 200, result: the+cat+in+the+hat+2003, bill+cosby+himself+1983, my+man+godfrey+1957, ed+1996, 8+seconds+1994, the+conspiracy+2012, easy+come_+easy+go+1967, crossroads+2002, asylum+1972, inception+2010, casper+1995, the+next+karate+kid+1994, c.h.o.m.p.s.+1979, how+the+grinch+stole+christmas+2000, beneath+the+planet+of+the+apes+1970, the+matrix+revolutions+2003, junebug+2005, the+matrix+1999, bridesmaids+2011, beyond+therapy+1987, 523 ms"
"2022-02-08T19:16:33.626367,165389,recommendation request 17645-team17.isri.cmu.edu:8082, status 200, result: arranged+2007, the+avengers+1998, barbershop+2002, dreamgirls+2006, intersection+1994, loving+you+1957, barbarosa+1982, the+wash+2001, incognito+1997, another+thin+man+1939, the+letter+1940, phoenix+1998, the+island+1980, analyze+that+2002, albatross+2011, opportunity+knocks+1990, junebug+2005, people+like+us+2012, serial+1980, from+dusk+till+dawn+1996, 594 ms"
"2022-02-08T19:16:33.685428,40445,recommendation request 17645-team17.isri.cmu.edu:8082, status 200, result: the+cat+in+the+hat+2003, white+men+cant+jump+1992, mickeys+once+upon+a+christmas+1999, the+avengers+1998, the+last+of+the+mohicans+1992, the+gauntlet+1977, ed+1996, walle+2008, chicken+run+2000, the+beverly+hillbillies+1993, harry+and+tonto+1974, how+the+grinch+stole+christmas+2000, cars+2+2011, on+deadly+ground+1994, junebug+2005, from+here+to+eternity+1953, ali+2001, a+knights+tale+2001, above+the+law+1988, hook+1991, 634 ms"
"2022-02-08T19:16:33.697996,279550,recommendation request 17645-team17.isri.cmu.edu:8082, status 200, result: curdled+1996, family+plot+1976, missing+1982, crossroads+2002, mystery_+alaska+1999, the+country+bears+2002, snow+dogs+2002, the+dance+of+reality+2013, big+hero+6+2014, courage+under+fire+1996, edward+scissorhands+1990, the+verdict+1982, one+eight+seven+1997, guilty+as+sin+1993, company+man+2000, hackers+1995, the+comancheros+1961, the+truman+show+1998, junebug+2005, juice+1992, 647 ms"
"2022-02-08T19:16:33.717333,309328,recommendation request 17645-team17.isri.cmu.edu:8082, status 200, result: black+beauty+1994, shampoo+1975, the+five+senses+1999, the+last+of+the+mohicans+1992, the+longest+day+1962, punchline+1988, 633+squadron+1964, the+bridge+at+remagen+1969, light+it+up+1999, a+little+princess+1995, lifeboat+1944, grand+illusion+1937, pitch+black+2000, a+shock+to+the+system+1990, guilty+as+sin+1993, platoon+1986, junebug+2005, in+harms+way+1965, island+2011, some+days+are+better+than+others+2011, 685 ms"
"2022-02-08T19:16:34.435560,121593,recommendation request 17645-team17.isri.cmu.edu:8082, status 200, result: shampoo+1975, drop+zone+1994, mary+poppins+1964, p.s.+2004, red+dawn+1984, maze+2000, lethal+weapon+3+1992, the+addams+family+1991, without+a+paddle+2004, freaky+friday+1976, the+saint+1997, the+yakuza+1974, the+brothers+2001, patriot+games+1992, changing+lanes+2002, warriors+of+heaven+and+earth+2003, crush+2001, conan+the+barbarian+1982, the+matrix+1999, 10th++wolf+2006, 251 ms"
"2022-02-08T19:16:34.461992,34940,recommendation request 17645-team17.isri.cmu.edu:8082, status 200, result: dead+of+winter+1987, rollerball+1975, soylent+green+1973, star+trek+v+the+final+frontier+1989, shattered+1991, star+wars+episode+iii+-+revenge+of+the+sith+2005, star+trek+nemesis+2002, star+trek+insurrection+1998, the+poseidon+adventure+1972, the+pumaman+1980, the+abyss+1989, planet+of+the+apes+1968, desperate+hours+1990, iron+man+3+2013, return+of+the+jedi+1983, planet+of+the+apes+2001, blow-up+1966, independence+day+1996, masquerade+1988, superman+ii+1980, 374 ms"
"2022-02-08T19:16:34.461937,228861,recommendation request 17645-team17.isri.cmu.edu:8082, status 200, result: narc+2002, black+beauty+1994, curdled+1996, drop+zone+1994, switchback+1997, dark+city+1950, viva+zapata+1952, frenzy+1972, true+crime+1996, walle+2008, big+hero+6+2014, without+a+paddle+2004, detective+story+1951, a+little+princess+1995, cars+2+2011, changing+lanes+2002, the+hitch-hiker+1953, mobsters+1991, the+fury+1978, bloodsport+ii+1996, 272 ms"
"2022-02-08T19:16:34.524954,9062,recommendation request 17645-team17.isri.cmu.edu:8082, status 200, result: taps+1981, i+wake+up+screaming+1941, blaze+1989, six+pack+1982, fat+albert+2004, the+doctor+1991, niagara+1953, enough+2002, light+it+up+1999, that+was+then...+this+is+now+1985, a+family+thing+1996, cheaper+by+the+dozen+1950, he+got+game+1998, the+verdict+1982, heidi+1937, harry+and+tonto+1974, bulworth+1998, beyond+the+sea+2004, kahaani+2012, because+of+winn-dixie+2005, 445 ms"
"2022-02-08T19:16:35.456234,86732,recommendation request 17645-team17.isri.cmu.edu:8082, status 200, result: the+cat+in+the+hat+2003, ed+1996, the+errand+boy+1961, red+dawn+1984, little+secrets+2001, one+little+indian+1973, snow+dogs+2002, the+aristocats+1970, light+it+up+1999, vision+quest+1985, the+verdict+1982, the+witches+of+eastwick+1987, guilty+as+sin+1993, how+the+grinch+stole+christmas+2000, ernest+in+the+army+1998, the+living+daylights+1987, hook+1991, above+the+law+1988, bingo+1991, back+to+the+future+part+ii+1989, 340 ms"
"2022-02-08T19:16:35.605328,99600,recommendation request 17645-team17.isri.cmu.edu:8082, status 200, result: dead+of+winter+1987, curdled+1996, the+five+senses+1999, intersection+1994, raging+bull+1980, p.s.+2004, loving+you+1957, forrest+gump+1994, love+story+1970, the+poughkeepsie+tapes+2007, opportunity+knocks+1990, the+truman+show+1998, serial+1980, shes+having+a+baby+1988, the+hitch-hiker+1953, mobsters+1991, conan+the+barbarian+1982, remember+the+night+1940, a+place+in+the+sun+1951, the+thin+man+goes+home+1945, 463 ms"
"2022-02-08T19:16:35.715301,194549,recommendation request 17645-team17.isri.cmu.edu:8082, status 200, result: drop+zone+1994, switchback+1997, dark+city+1950, warriors+2002, the+other+side+of+the+mountain+1975, light+it+up+1999, barbarosa+1982, a+time+to+kill+1996, a+family+thing+1996, the+wash+2001, harry+and+tonto+1974, even+the+rain+2010, holy+motors+2012, the+saint+1997, junebug+2005, changing+lanes+2002, the+brave+one+2007, texasville+1990, the+fan+1981, high+sierra+1941, 546 ms"
"2022-02-08T19:16:35.788437,198183,recommendation request 17645-team17.isri.cmu.edu:8082, status 200, result: sullivans+travels+1941, the+pride+and+the+passion+1957, the+five+senses+1999, rollerball+1975, the+last+of+the+mohicans+1992, raging+bull+1980, last+holiday+2006, p.s.+2004, the+other+side+of+the+mountain+1975, maze+2000, without+a+paddle+2004, footloose+1984, sex+and+the+city+2008, the+great+escape+1963, planet+of+the+apes+2001, the+brothers+2001, crush+2001, the+incredible+hulk+2008, mobsters+1991, the+eagle+has+landed+1976, 621 ms"
"2022-02-08T19:16:35.791147,42190,recommendation request 17645-team17.isri.cmu.edu:8082, status 200, result: drop+zone+1994, rollerball+1975, mary+poppins+1964, a+goofy+movie+1995, the+other+side+of+the+mountain+1975, show+boat+1951, freaky+friday+1976, detective+story+1951, the+godfather+part+iii+1990, the+saint+1997, planet+of+the+apes+2001, desk+set+1957, changing+lanes+2002, out+to+sea+1997, have+rocket_+will+travel+1959, the+three+stooges+in+orbit+1962, hook+1991, bingo+1991, dugs+special+mission+2009, ratatouille+2007, 639 ms"
"2022-02-08T19:16:35.790880,303991,recommendation request 17645-team17.isri.cmu.edu:8082, status 200, result: eyewitness+1981, red+dawn+1984, frenzy+1972, true+crime+1996, a+time+to+kill+1996, vision+quest+1985, a+little+princess+1995, the+witches+of+eastwick+1987, guilty+as+sin+1993, the+yakuza+1974, winnie+the+pooh+2011, shes+having+a+baby+1988, the+living+daylights+1987, the+incredible+hulk+2008, above+the+law+1988, hopscotch+1980, today+you+die+2005, ratatouille+2007, spasmo+1974, they+made+me+a+criminal+1939, 618 ms"
"2022-02-08T19:16:36.412046,256278,recommendation request 17645-team17.isri.cmu.edu:8082, status 200, result: narc+2002, drop+zone+1994, rollerball+1975, switchback+1997, and+now...+ladies+and+gentlemen...+2002, dark+city+1950, the+last+of+the+mohicans+1992, the+longest+day+1962, 8+seconds+1994, bill+cosby+himself+1983, p.s.+2004, maze+2000, 633+squadron+1964, without+a+paddle+2004, planet+of+the+apes+2001, the+brothers+2001, changing+lanes+2002, crush+2001, three+fugitives+1989, beyond+therapy+1987, 402 ms"
"2022-02-08T19:16:36.555093,26602,recommendation request 17645-team17.isri.cmu.edu:8082, status 200, result: arranged+2007, mickeys+once+upon+a+christmas+1999, rio+bravo+1959, the+longest+day+1962, paths+of+glory+1957, the+bridge+at+remagen+1969, 633+squadron+1964, lifeboat+1944, z+1969, grand+illusion+1937, chicken+run+2000, heavens+gate+1980, iris+2001, one+eight+seven+1997, the+blue+max+1966, the+devils+1971, big+jake+1971, xxx+2002, in+harms+way+1965, the+women+2008, 511 ms"
"2022-02-08T19:16:36.588964,245025,recommendation request 17645-team17.isri.cmu.edu:8082, status 200, result: bill+cosby+himself+1983, barbershop+2002, the+proprietor+1996, light+it+up+1999, splash+1984, another+thin+man+1939, the+verdict+1982, the+old+dark+house+1932, stonewall+1995, marooned+1969, another+earth+2011, beyond+the+sea+2004, the+truman+show+1998, junebug+2005, rat+2001, ali+2001, the+nuns+story+1959, remember+the+night+1940, beyond+therapy+1987, firestarter+1984, 556 ms"
"2022-02-08T19:16:36.653391,239779,recommendation request 17645-team17.isri.cmu.edu:8082, status 200, result: and+now...+ladies+and+gentlemen...+2002, man+of+the+year+2006, frenzy+1972, p.s.+2004, maze+2000, z+1969, lifeboat+1944, the+brothers+mcmullen+1995, gumby+the+movie+1995, the+great+escape+1963, harem+1985, the+yakuza+1974, the+brothers+2001, the+client+1994, running+scared+1986, beyond+the+sea+2004, changing+lanes+2002, island+2011, mobsters+1991, crush+2001, 601 ms"
"2022-02-08T19:16:36.647558,188520,recommendation request 17645-team17.isri.cmu.edu:8082, status 200, result: cry+freedom+1987, mickeys+once+upon+a+christmas+1999, the+five+senses+1999, barbershop+2002, raging+bull+1980, missing+1982, a+goofy+movie+1995, mystery_+alaska+1999, the+other+side+of+the+mountain+1975, freaky+friday+1976, chicken+run+2000, another+thin+man+1939, one+eight+seven+1997, guilty+as+sin+1993, the+matrix+revolutions+2003, white+palace+1990, island+2011, the+incredible+hulk+2008, the+brave+one+2007, the+emperors+new+groove+2000, 584 ms"
"2022-02-08T19:16:36.653902,50467,recommendation request 17645-team17.isri.cmu.edu:8082, status 200, result: sullivans+travels+1941, the+dresser+1983, last+holiday+2006, dont+move+2004, p.s.+2004, maze+2000, without+a+paddle+2004, strangers+with+candy+2006, the+letter+1940, where+the+heart+is+2000, albatross+2011, the+brothers+2001, waiting+to+exhale+1995, crush+2001, ever+after+a+cinderella+story+1998, six+weeks+1982, side+out+1990, hook+1991, great+expectations+1946, carefree+1938, 597 ms"
"2022-02-08T19:16:37.393990,35138,recommendation request 17645-team17.isri.cmu.edu:8082, status 200, result: von+ryans+express+1965, in+a+lonely+place+1950, dial+m+for+murder+1954, in+the+mouth+of+madness+1994, the+longest+day+1962, frenzy+1972, true+crime+1996, flags+of+our+fathers+2006, king+of+hearts+1966, the+last+minute+2001, the+bridge+1959, the+sign+of+four+2001, see+no+evil+1971, lifeboat+1944, cromwell+1970, grand+illusion+1937, gaslight+1940, domestic+disturbance+2001, in+the+line+of+fire+1993, murder+by+death+1976, 299 ms"
"2022-02-08T19:16:37.531753,283022,recommendation request 17645-team17.isri.cmu.edu:8082, status 200, result: the+longest+day+1962, p.s.+2004, the+other+side+of+the+mountain+1975, maze+2000, strait-jacket+1964, brimstone++treacle+1982, pretty+baby+1978, lifeboat+1944, grand+illusion+1937, harry+and+tonto+1974, the+verdict+1982, 9+2005, an+education+2009, shes+having+a+baby+1988, in+harms+way+1965, look+whos+talking+too+1990, crush+2001, junebug+2005, m.+butterfly+1993, the+women+2008, 435 ms"
"2022-02-08T19:16:37.580183,111062,recommendation request 17645-team17.isri.cmu.edu:8082, status 200, result: the+cat+in+the+hat+2003, top+secret+1984, barbershop+2002, my+man+godfrey+1957, ed+1996, family+plot+1976, p.s.+2004, the+addams+family+1991, a+family+thing+1996, a+little+princess+1995, another+thin+man+1939, a+shock+to+the+system+1990, opportunity+knocks+1990, how+the+grinch+stole+christmas+2000, desk+set+1957, out+to+sea+1997, time+bandits+1981, the+juror+1996, ali+2001, north+1994, 463 ms"
"2022-02-08T19:16:37.664069,212221,recommendation request 17645-team17.isri.cmu.edu:8082, status 200, result: n+1998, curdled+1996, all+about+my+mother+1999, sling+blade+1996, an+amazing+couple+2002, the+world+unseen+2007, a+family+thing+1996, albatross+2011, the+mighty+1998, in+this+world+2002, the+hitch-hiker+1953, les+destines+sentimentales+2000, mighty+aphrodite+1995, mobsters+1991, the+women+2008, quartet+1981, voyage+to+the+beginning+of+the+world+1997, from+the+hip+1987, a+royal+affair+2012, dark+passage+1947, 502 ms"
"2022-02-08T19:16:37.663494,44777,recommendation request 17645-team17.isri.cmu.edu:8082, status 200, result: eyewitness+1981, curdled+1996, lockout+2012, a+goofy+movie+1995, vision+quest+1985, freaky+friday+1976, a+little+princess+1995, haywire+2011, the+witches+of+eastwick+1987, guilty+as+sin+1993, patriot+games+1992, winnie+the+pooh+2011, the+hitch-hiker+1953, juice+1992, mobsters+1991, breakdown+1997, hopscotch+1980, the+emperors+new+groove+2000, today+you+die+2005, ratatouille+2007, 555 ms"
"2022-02-08T19:16:37.703423,34076,recommendation request 17645-team17.isri.cmu.edu:8082, status 200, result: out+of+sight+1998, nothing+but+trouble+1991, barbershop+2002, the+longest+day+1962, the+conspiracy+2012, childs+play+3+1991, family+plot+1976, p.s.+2004, frenzy+1972, doc+hollywood+1991, the+other+side+of+the+mountain+1975, maze+2000, national+lampoons+van+wilder+2002, lifeboat+1944, made+in+u.s.a+1966, grand+illusion+1937, ice+castles+1978, psycho+1998, another+thin+man+1939, masterminds+1997, 489 ms"
"2022-02-08T19:16:38.337179,298143,recommendation request 17645-team17.isri.cmu.edu:8082, status 200, result: wreck-it+ralph+2012, bossa+nova+2000, 8+seconds+1994, rancho+deluxe+1975, a+goofy+movie+1995, barbarosa+1982, the+aristocats+1970, the+way+2010, footloose+1984, forrest+gump+1994, moving+1988, lightning+jack+1994, dead+reckoning+1947, working+girl+1988, full+speed+1996, the+life+and+death+of+colonel+blimp+1943, cars+2+2011, shes+having+a+baby+1988, island+2011, conan+the+barbarian+1982, 245 ms"
"2022-02-08T19:16:38.445113,157293,recommendation request 17645-team17.isri.cmu.edu:8082, status 200, result: the+perfect+score+2004, the+glimmer+man+1996, eyewitness+1981, arranged+2007, bon+cop+bad+cop+2006, the+last+of+the+mohicans+1992, the+next+three+days+2010, p.s.+2004, under+siege+1992, the+other+side+of+the+mountain+1975, a+time+to+kill+1996, incognito+1997, freaky+friday+1976, the+letter+1940, phoenix+1998, masterminds+1997, patriot+games+1992, for+keeps+1988, on+deadly+ground+1994, juice+1992, 394 ms"
"2022-02-08T19:16:39.385269,59363,recommendation request 17645-team17.isri.cmu.edu:8082, status 200, result: drop+zone+1994, nothing+but+trouble+1991, about+last+night...+1986, the+last+of+the+mohicans+1992, dances+with+wolves+1990, doc+hollywood+1991, p.s.+2004, national+lampoons+van+wilder+2002, maze+2000, light+it+up+1999, return+to+snowy+river+1988, the+brothers+mcmullen+1995, the+saint+1997, the+brothers+2001, crush+2001, the+incredible+hulk+2008, side+out+1990, taking+chance+2009, juno+2007, patton+1970, 327 ms"
"2022-02-08T19:16:39.402210,166584,recommendation request 17645-team17.isri.cmu.edu:8082, status 200, result: dead+of+winter+1987, raging+bull+1980, missing+1982, sling+blade+1996, p.s.+2004, mystery_+alaska+1999, true+crime+1996, strait-jacket+1964, brimstone++treacle+1982, frenzy+1972, a+family+thing+1996, pretty+baby+1978, northfork+2003, fulltime+killer+2001, one+eight+seven+1997, guilty+as+sin+1993, albatross+2011, the+mighty+1998, shes+having+a+baby+1988, hogfather+2006, 343 ms"
"2022-02-08T19:16:40.433173,114588,recommendation request 17645-team17.isri.cmu.edu:8082, status 200, result: cry+freedom+1987, nothing+but+trouble+1991, oh_+god+1977, p.s.+2004, crossroads+2002, spirit+stallion+of+the+cimarron+2002, nims+island+2008, casper+1995, fulltime+killer+2001, in+too+deep+1999, the+island+1980, the+yakuza+1974, juice+1992, the+incredible+hulk+2008, scarface+1932, hook+1991, rumble+fish+1983, airport+1975+1974, chicken+little+2005, shrek+the+third+2007, 298 ms"
"2022-02-08T19:16:40.495099,22775,recommendation request 17645-team17.isri.cmu.edu:8082, status 200, result: gleaming+the+cube+1989, ed+1996, the+proprietor+1996, sling+blade+1996, the+dance+of+reality+2013, a+family+thing+1996, detective+story+1951, a+little+princess+1995, the+brothers+mcmullen+1995, casper+1995, grand+canyon+1991, the+verdict+1982, the+mighty+1998, beyond+the+sea+2004, hogfather+2006, the+incredible+hulk+2008, hook+1991, rock+n+roll+high+school+1979, the+allnighter+1987, back+to+the+future+part+ii+1989, 392 ms"
"2022-02-08T19:16:41.457004,125236,recommendation request 17645-team17.isri.cmu.edu:8082, status 200, result: curdled+1996, mickeys+once+upon+a+christmas+1999, true+crime+1996, courage+under+fire+1996, edward+scissorhands+1990, code+of+silence+1985, chicken+run+2000, the+verdict+1982, phoenix+1998, sanjuro+1962, the+matrix+revolutions+2003, junebug+2005, the+hitch-hiker+1953, island+2011, from+here+to+eternity+1953, ali+2001, the+brave+one+2007, mobsters+1991, the+hot+spot+1990, my+one+and+only+2009, 308 ms"
"2022-02-08T19:16:41.555667,77992,recommendation request 17645-team17.isri.cmu.edu:8082, status 200, result: drop+zone+1994, rollerball+1975, top+secret+1984, star+wars+episode+iii+-+revenge+of+the+sith+2005, crossroads+2002, the+country+bears+2002, the+addams+family+1991, snow+dogs+2002, big+hero+6+2014, without+a+paddle+2004, detective+story+1951, a+little+princess+1995, moving+1988, phoenix+1998, wake+of+death+2004, planet+of+the+apes+2001, the+mighty+1998, changing+lanes+2002, free+willy+3+the+rescue+1997, hopscotch+1980, 351 ms"
"2022-02-08T19:16:41.568216,165120,recommendation request 17645-team17.isri.cmu.edu:8082, status 200, result: the+five+senses+1999, melody+time+1948, 8+seconds+1994, the+proprietor+1996, welcome+to+collinwood+2002, the+other+side+of+the+mountain+1975, one+little+indian+1973, a+christmas+carol+2009, the+aristocats+1970, maze+2000, splash+1984, the+beverly+hillbillies+1993, moving+1988, saludos+amigos+1942, the+matrix+revolutions+2003, an+education+2009, sweet+liberty+1986, crush+2001, the+brave+one+2007, chicken+little+2005, 398 ms"
"2022-02-08T19:16:41.585506,63292,recommendation request 17645-team17.isri.cmu.edu:8082, status 200, result: remember+me+2010, american+virgin+2000, mickeys+once+upon+a+christmas+1999, man+of+the+year+2006, bill+cosby+himself+1983, my+man+godfrey+1957, punchline+1988, ed+1996, the+snowman+1982, dead+of+night+1945, the+changeling+1980, gumby+the+movie+1995, 9+2005, albatross+2011, eragon+2006, bridesmaids+2011, remember+the+night+1940, drillbit+taylor+2008, beyond+therapy+1987, my+girl+1991, 487 ms"
"2022-02-08T19:16:42.452230,270703,recommendation request 17645-team17.isri.cmu.edu:8082, status 200, result: cry+freedom+1987, man+of+the+year+2006, the+darkest+hour+2011, the+conspiracy+2012, the+other+side+of+the+mountain+1975, prince+of+persia+the+sands+of+time+2010, phoenix+1998, macabre+1958, winnie+the+pooh+2011, white+palace+1990, the+serpent+and+the+rainbow+1988, the+incredible+hulk+2008, bridesmaids+2011, bingo+1991, ratatouille+2007, romeo+is+bleeding+1993, get+real+1998, unfaithfully+yours+1984, back+to+the+future+part+ii+1989, apollo+13+1995, 441 ms"
"2022-02-08T19:16:42.480401,295286,recommendation request 17645-team17.isri.cmu.edu:8082, status 200, result: short+circuit+1986, top+secret+1984, the+longest+day+1962, the+brother+from+another+planet+1984, missing+1982, mystery_+alaska+1999, the+addams+family+1991, freaky+friday+1976, a+little+princess+1995, father+of+the+bride+1991, lifeboat+1944, grand+illusion+1937, one+eight+seven+1997, guilty+as+sin+1993, serial+1980, in+harms+way+1965, island+2011, conan+the+barbarian+1982, ratatouille+2007, breakfast+on+pluto+2005, 449 ms"
"2022-02-08T19:16:42.575159,224559,recommendation request 17645-team17.isri.cmu.edu:8082, status 200, result: the+nest+2002, rollerball+1975, melody+time+1948, foodfight+2012, childs+play+3+1991, a+goofy+movie+1995, true+crime+1996, spirit+stallion+of+the+cimarron+2002, the+aristocats+1970, inception+2010, chicken+run+2000, moving+1988, steel+1997, saludos+amigos+1942, were+back+a+dinosaurs+story+1993, skinwalkers+2006, mercenary+for+justice+2006, the+truman+show+1998, the+juror+1996, conan+the+barbarian+1982, 529 ms"
"2022-02-08T19:16:42.639071,153996,recommendation request 17645-team17.isri.cmu.edu:8082, status 200, result: black+beauty+1994, wreck-it+ralph+2012, the+glimmer+man+1996, arranged+2007, a+goofy+movie+1995, courage+under+fire+1996, the+other+side+of+the+mountain+1975, big+trouble+2002, the+man+without+a+face+1993, moving+1988, blood_+guts_+bullets+and+octane+1998, masterminds+1997, the+yakuza+1974, sanjuro+1962, gravity+2013, an+education+2009, the+truman+show+1998, the+game+1997, free+willy+3+the+rescue+1997, island+2011, 588 ms"
"2022-02-08T19:16:42.670432,236533,recommendation request 17645-team17.isri.cmu.edu:8082, status 200, result: shampoo+1975, curdled+1996, black+beauty+1994, six+pack+1982, the+gauntlet+1977, notting+hill+1999, p.s.+2004, frenzy+1972, true+crime+1996, maze+2000, a+time+to+kill+1996, father+of+the+bride+1991, splash+1984, the+letter+1940, the+island+1980, the+brothers+2001, my+beautiful+laundrette+1985, the+hitch-hiker+1953, crush+2001, the+incredible+hulk+2008, 551 ms"
"2022-02-08T19:16:42.677410,288068,recommendation request 17645-team17.isri.cmu.edu:8082, status 200, result: eyewitness+1981, cry+freedom+1987, missing+1982, p.s.+2004, mystery_+alaska+1999, walle+2008, the+other+side+of+the+mountain+1975, lethal+weapon+3+1992, gods+not+dead+2014, father+of+the+bride+1991, dick+tracy+1990, ice+castles+1978, one+man+band+2005, one+eight+seven+1997, the+island+1980, guilty+as+sin+1993, topper+1937, island+2011, from+here+to+eternity+1953, ali+2001, 558 ms"
"2022-02-08T19:16:43.465539,242086,recommendation request 17645-team17.isri.cmu.edu:8082, status 200, result: black+beauty+1994, bill+cosby+himself+1983, top+secret+1984, forbidden+zone+1980, barbershop+2002, my+man+godfrey+1957, p.s.+2004, the+addams+family+1991, maze+2000, footloose+1984, a+little+princess+1995, another+thin+man+1939, the+brothers+2001, were+back+a+dinosaurs+story+1993, junebug+2005, crush+2001, the+women+2008, beyond+therapy+1987, from+the+hip+1987, an+american+carol+2008, 432 ms"
"2022-02-08T19:16:43.551417,24427,recommendation request 17645-team17.isri.cmu.edu:8082, status 200, result: the+perfect+score+2004, curdled+1996, cry+freedom+1987, arranged+2007, bon+cop+bad+cop+2006, lockout+2012, punchline+1988, city+slickers+1991, frenzy+1972, true+crime+1996, courage+under+fire+1996, barbarosa+1982, incognito+1997, bad+girls+1994, haywire+2011, the+letter+1940, phoenix+1998, the+hitch-hiker+1953, geronimo+an+american+legend+1993, island+2011, 519 ms"
"2022-02-08T19:16:43.618635,83479,recommendation request 17645-team17.isri.cmu.edu:8082, status 200, result: short+circuit+1986, arranged+2007, rollerball+1975, about+last+night...+1986, the+house+of+yes+1997, the+brother+from+another+planet+1984, p.s.+2004, frenzy+1972, maze+2000, nims+island+2008, the+brothers+mcmullen+1995, spy+kids+3-d+game+over+2003, the+mighty+1998, juice+1992, crush+2001, side+out+1990, from+the+hip+1987, hook+1991, above+the+law+1988, juno+2007, 564 ms"
"2022-02-08T19:16:43.680662,106645,recommendation request 17645-team17.isri.cmu.edu:8082, status 200, result: about+last+night...+1986, p.s.+2004, true+crime+1996, missing+1982, paul+2011, lenfer+1994, one+eight+seven+1997, phoenix+1998, planet+of+the+apes+2001, full+speed+1996, look+whos+talking+too+1990, island+2011, conan+the+barbarian+1982, side+out+1990, an+affair+of+love+1999, dungeons++dragons+2000, they+made+me+a+criminal+1939, my+life+in+pink+1997, the+allnighter+1987, dopamine+2003, 602 ms"
"2022-02-08T19:16:43.702330,59486,recommendation request 17645-team17.isri.cmu.edu:8082, status 200, result: shampoo+1975, rollerball+1975, star+wars+episode+iii+-+revenge+of+the+sith+2005, p.s.+2004, american+psycho+2000, the+other+side+of+the+mountain+1975, splash+1984, wake+of+death+2004, planet+of+the+apes+2001, bad+company+1972, beneath+the+planet+of+the+apes+1970, the+living+daylights+1987, the+incredible+hulk+2008, hopscotch+1980, jennifer+eight+1992, the+professional+1981, get+real+1998, back+to+the+future+part+ii+1989, rocky+1976, beyond+the+poseidon+adventure+1979, 614 ms"
"2022-02-08T19:16:43.705628,235728,recommendation request 17645-team17.isri.cmu.edu:8082, status 200, result: replicant+2001, curdled+1996, arranged+2007, nothing+but+trouble+1991, rollerball+1975, oh_+god+1977, star+wars+episode+iii+-+revenge+of+the+sith+2005, frenzy+1972, true+crime+1996, mystery_+alaska+1999, incognito+1997, the+letter+1940, phoenix+1998, guilty+as+sin+1993, albatross+2011, the+hitch-hiker+1953, juice+1992, mobsters+1991, from+here+to+eternity+1953, the+fan+1981, 622 ms"
"2022-02-08T19:16:43.874130,121146,recommendation request 17645-team17.isri.cmu.edu:8082, status 0, result: java.net.ConnectException: connection timed out: 17645-team17.isri.cmu.edu/128.2.205.118:8082, 803 ms"
"2022-02-08T19:16:44.420326,238451,recommendation request 17645-team17.isri.cmu.edu:8082, status 200, result: cry+freedom+1987, rollerball+1975, suburban+commando+1991, robot+stories+2003, p.s.+2004, maze+2000, jungle+fever+1991, light+it+up+1999, flashdance+1983, detective+story+1951, forrest+gump+1994, the+virgin+suicides+1999, harry+and+tonto+1974, c.h.o.m.p.s.+1979, planet+of+the+apes+2001, the+brothers+2001, for+keeps+1988, junebug+2005, shes+having+a+baby+1988, crush+2001, 386 ms"
"2022-02-08T19:16:44.634456,292985,recommendation request 17645-team17.isri.cmu.edu:8082, status 200, result: whisper+of+the+heart+1995, the+westerner+1940, the+brother+from+another+planet+1984, cookie+1989, barbarosa+1982, the+aristocats+1970, vision+quest+1985, a+little+princess+1995, tap+1989, critters+1986, the+witches+of+eastwick+1987, junebug+2005, juice+1992, the+women+2008, above+the+law+1988, hook+1991, the+fan+1981, my+one+and+only+2009, bingo+1991, spirited+away+2001, 571 ms"
"2022-02-08T19:16:44.679255,217496,recommendation request 17645-team17.isri.cmu.edu:8082, status 200, result: eyewitness+1981, rollerball+1975, six+pack+1982, my+man+godfrey+1957, ed+1996, the+errand+boy+1961, p.s.+2004, son+of+the+mask+2005, the+aristocats+1970, a+family+thing+1996, freaky+friday+1976, cabin+boy+1994, harry+and+tonto+1974, planet+of+the+apes+2001, topper+1937, patriot+games+1992, desk+set+1957, out+to+sea+1997, juice+1992, the+women+2008, 627 ms"
"2022-02-08T19:16:44.695800,93287,recommendation request 17645-team17.isri.cmu.edu:8082, status 200, result: cry+freedom+1987, 8+seconds+1994, leaving+normal+1992, desert+blue+1999, p.s.+2004, the+wash+2001, father+of+the+bride+1991, nims+island+2008, your+friends++neighbors+1998, the+letter+1940, bully+2011, serial+1980, junebug+2005, juice+1992, island+2011, the+women+2008, hook+1991, my+one+and+only+2009, spasmo+1974, they+made+me+a+criminal+1939, 593 ms"
"2022-02-08T19:16:44.695866,177600,recommendation request 17645-team17.isri.cmu.edu:8082, status 200, result: top+secret+1984, the+last+of+the+mohicans+1992, last+holiday+2006, p.s.+2004, how+i+won+the+war+1967, crossroads+2002, shaft+in+africa+1973, the+addams+family+1991, lethal+weapon+3+1992, maze+2000, without+a+paddle+2004, analyze+this+1999, a+little+princess+1995, light+it+up+1999, the+andromeda+strain+1971, johnny+english+2003, the+flying+saucer+1950, the+rage+carrie+2+1999, moving+1988, the+verdict+1982, 594 ms"
"2022-02-08T19:16:44.695847,259284,recommendation request 17645-team17.isri.cmu.edu:8082, status 200, result: shampoo+1975, top+secret+1984, six+pack+1982, p.s.+2004, the+other+side+of+the+mountain+1975, maze+2000, the+addams+family+1991, a+family+thing+1996, a+little+princess+1995, splash+1984, harry+and+tonto+1974, the+island+1980, the+brothers+2001, mobsters+1991, crush+2001, dark+passage+1947, untitled+2009, dugs+special+mission+2009, ratatouille+2007, bulletproof+1996, 594 ms"
"2022-02-08T19:16:45.423172,175377,recommendation request 17645-team17.isri.cmu.edu:8082, status 200, result: eyewitness+1981, die+hard+1988, gotcha+1985, die+hard+with+a+vengeance+1995, rapid+fire+1992, body+of+lies+2008, firestorm+1998, keyhole+2011, the+peacekeeper+1998, babys+day+out+1994, the+abyss+1989, the+truth+about+charlie+2002, titanic+1997, the+young+lions+1958, modesty+blaise+1966, the+hunted+1995, hopscotch+1980, volcano+1997, takedown+2000, they+call+me+bruce+1982, 325 ms"
"2022-02-08T19:16:46.360616,82172,recommendation request 17645-team17.isri.cmu.edu:8082, status 200, result: chasers+1994, we+were+soldiers+2002, sleepers+1996, the+replacements+2000, the+last+of+the+mohicans+1992, the+longest+day+1962, the+late+show+1977, major+league+ii+1994, midway+1976, 633+squadron+1964, the+big+sleep+1946, big+bully+1996, henry+v+1944, cromwell+1970, disorderlies+1987, affinity+2008, moving+1988, chill+factor+1999, freejack+1992, the+letter+1940, 317 ms"
"2022-02-08T19:16:46.586067,12875,recommendation request 17645-team17.isri.cmu.edu:8082, status 200, result: eyewitness+1981, curdled+1996, rio+bravo+1959, the+conspiracy+2012, true+crime+1996, the+other+side+of+the+mountain+1975, brimstone++treacle+1982, dead+of+night+1945, harry+and+tonto+1974, the+letter+1940, big+jake+1971, macabre+1958, junebug+2005, the+hitch-hiker+1953, mobsters+1991, three+amigos+1986, dark+passage+1947, my+one+and+only+2009, today+you+die+2005, they+made+me+a+criminal+1939, 543 ms"
"2022-02-08T19:16:46.591841,82481,recommendation request 17645-team17.isri.cmu.edu:8082, status 200, result: drop+zone+1994, the+avengers+1998, barbershop+2002, the+dresser+1983, the+last+of+the+mohicans+1992, the+proprietor+1996, p.s.+2004, scorpio+1973, 633+squadron+1964, maze+2000, incognito+1997, gods+not+dead+2014, lifeboat+1944, the+brothers+mcmullen+1995, another+thin+man+1939, the+great+escape+1963, four+brothers+2005, analyze+that+2002, the+brothers+2001, albatross+2011, 535 ms"
"2022-02-08T19:16:46.615615,34602,recommendation request 17645-team17.isri.cmu.edu:8082, status 200, result: curdled+1996, robot+stories+2003, melody+time+1948, the+house+of+yes+1997, mary+poppins+1964, the+addams+family+1991, the+aristocats+1970, freaky+friday+1976, the+virgin+suicides+1999, saludos+amigos+1942, for+keeps+1988, the+mighty+1998, desk+set+1957, from+beyond+1986, junebug+2005, the+hitch-hiker+1953, have+rocket_+will+travel+1959, mobsters+1991, last+night+1998, the+three+stooges+in+orbit+1962, 330 ms"
"2022-02-08T19:16:46.674147,149873,recommendation request 17645-team17.isri.cmu.edu:8082, status 200, result: the+parent+trap+1998, the+boy+who+could+fly+1986, p.s.+2004, crossroads+2002, the+country+bears+2002, snow+dogs+2002, the+aristocats+1970, big+hero+6+2014, maze+2000, freaky+friday+1976, a+little+princess+1995, sleeping+beauty+1959, gumby+the+movie+1995, where+the+heart+is+2000, winnie+the+pooh+2011, crush+2001, ever+after+a+cinderella+story+1998, hook+1991, the+emperors+new+groove+2000, bingo+1991, 565 ms"
"2022-02-08T19:16:47.418656,219688,recommendation request 17645-team17.isri.cmu.edu:8082, status 200, result: the+perfect+score+2004, bon+cop+bad+cop+2006, lockout+2012, the+snowman+1982, notting+hill+1999, p.s.+2004, courage+under+fire+1996, big+hero+6+2014, maze+2000, vision+quest+1985, a+little+princess+1995, haywire+2011, the+witches+of+eastwick+1987, the+yakuza+1974, the+brothers+2001, my+beautiful+laundrette+1985, bottle+rocket+1996, island+2011, crush+2001, ali+2001, 308 ms"
"2022-02-08T19:16:48.373922,16026,recommendation request 17645-team17.isri.cmu.edu:8082, status 200, result: the+cat+in+the+hat+2003, top+secret+1984, sleepers+1996, ed+1996, family+plot+1976, the+other+side+of+the+mountain+1975, the+addams+family+1991, father+of+the+bride+1991, a+little+princess+1995, cabin+boy+1994, detective+story+1951, fulltime+killer+2001, in+too+deep+1999, opportunity+knocks+1990, stonewall+1995, how+the+grinch+stole+christmas+2000, hackers+1995, serial+1980, look+whos+talking+too+1990, side+out+1990, 259 ms"
"2022-02-08T19:16:48.396505,139351,recommendation request 17645-team17.isri.cmu.edu:8082, status 200, result: rollerball+1975, the+errand+boy+1961, frenzy+1972, p.s.+2004, cookie+1989, altered+2006, maze+2000, cabin+boy+1994, pitch+black+2000, the+letter+1940, the+brothers+2001, island+2011, crush+2001, 7+seconds+2005, juno+2007, untitled+2009, spasmo+1974, they+made+me+a+criminal+1939, phantoms+1998, appointment+with+death+1988, 300 ms"
"2022-02-08T19:16:48.383102,76063,recommendation request 17645-team17.isri.cmu.edu:8082, status 200, result: i+saw+what+you+did+1965, the+tingler+1959, the+conspiracy+2012, below+2002, p.s.+2004, in+dreams+1999, that+was+then...+this+is+now+1985, the+stepfather+2009, asylum+1972, northfork+2003, star+trek+iii+the+search+for+spock+1984, dick+tracy+1990, apocalypto+2006, youre+next+2011, shopping+1994, the+saint+1997, love+field+1992, gone+in+sixty+seconds+2000, the+pact+2012, christine+1983, 297 ms"
"2022-02-08T19:16:48.452135,184308,recommendation request 17645-team17.isri.cmu.edu:8082, status 200, result: the+five+senses+1999, rollerball+1975, about+last+night...+1986, 8+seconds+1994, the+proprietor+1996, walle+2008, big+hero+6+2014, maze+2000, dick+tracy+1990, paul+2011, johnny+english+2003, one+man+band+2005, the+yakuza+1974, planet+of+the+apes+2001, cars+2+2011, on+deadly+ground+1994, jurassic+park+1993, crush+2001, the+women+2008, lifted+2006, 336 ms"
"2022-02-08T19:16:49.765452,33560,recommendation request 17645-team17.isri.cmu.edu:8082, status 400, result: movie 1 not found, 523 ms"
"2022-02-08T19:16:49.780044,291675,recommendation request 17645-team17.isri.cmu.edu:8082, status 200, result: gleaming+the+cube+1989, shower+1999, the+gauntlet+1977, doc+hollywood+1991, sling+blade+1996, p.s.+2004, missing+1982, freddy+got+fingered+2001, mystery_+alaska+1999, maze+2000, the+brothers+mcmullen+1995, moving+1988, grand+canyon+1991, the+verdict+1982, one+eight+seven+1997, guilty+as+sin+1993, the+yakuza+1974, the+mighty+1998, painted+fire+2002, beyond+the+sea+2004, 518 ms"
"2022-02-08T19:16:49.847450,224419,recommendation request 17645-team17.isri.cmu.edu:8082, status 200, result: cry+freedom+1987, rollerball+1975, bossa+nova+2000, star+wars+episode+iii+-+revenge+of+the+sith+2005, maze+2000, the+way+2010, father+of+the+bride+1991, cabin+boy+1994, masterminds+1997, planet+of+the+apes+2001, the+wizard+1989, money+train+1995, armed+and+dangerous+1986, desk+set+1957, out+to+sea+1997, the+truman+show+1998, serial+1980, crush+2001, white+palace+1990, ever+after+a+cinderella+story+1998, 550 ms"
"2022-02-08T19:16:49.906667,68024,recommendation request 17645-team17.isri.cmu.edu:8082, status 200, result: american+virgin+2000, the+nest+2002, cry+freedom+1987, what+doesnt+kill+you+2008, p.s.+2004, red+dawn+1984, around+the+bend+2004, maze+2000, parker+2013, northfork+2003, the+brothers+mcmullen+1995, johnny+english+2003, the+island+1980, the+brothers+2001, gravity+2013, the+matrix+revolutions+2003, another+earth+2011, rush+hour+3+2007, juice+1992, crush+2001, 610 ms"
"2022-02-08T19:16:49.906513,279366,recommendation request 17645-team17.isri.cmu.edu:8082, status 200, result: out+of+sight+1998, dead+of+winter+1987, the+last+of+the+mohicans+1992, punchline+1988, bustin+loose+1981, family+plot+1976, the+proprietor+1996, the+dirty+dozen+next+mission+1985, 633+squadron+1964, vision+quest+1985, a+little+princess+1995, casper+1995, the+witches+of+eastwick+1987, sanjuro+1962, jurassic+park+1993, from+here+to+eternity+1953, smokey+and+the+bandit+part+3+1983, ali+2001, hook+1991, the+thin+man+goes+home+1945, 608 ms"
"2022-02-08T19:16:50.248032,35608,recommendation request 17645-team17.isri.cmu.edu:8082, status 200, result: dead+bang+1989, beyond+the+poseidon+adventure+1979, proof+of+life+2000, the+high+and+the+mighty+1954, to+have+and+have+not+1944, enough+2002, the+unsuspected+1947, watch+on+the+rhine+1943, scarecrow+1973, boiling+point+1993, executive+decision+1996, limbo+1999, the+mosquito+coast+1986, the+negotiator+1998, descent+2007, above+the+law+1988, frisk+1996, high+sierra+1941, atl+2006, the+crush+1993, 166 ms"
"2022-02-08T19:16:50.440725,65499,recommendation request 17645-team17.isri.cmu.edu:8082, status 200, result: bill+cosby+himself+1983, american+pimp+1999, 8+seconds+1994, the+proprietor+1996, royal+deceit+1994, the+brother+from+another+planet+1984, how+i+won+the+war+1967, northfork+2003, lifeboat+1944, marooned+1969, another+earth+2011, the+matrix+revolutions+2003, junebug+2005, the+brave+one+2007, millions+2005, beyond+therapy+1987, my+one+and+only+2009, spasmo+1974, lassie+2005, the+yes+men+2003, 356 ms"
"2022-02-08T19:16:50.478017,263325,recommendation request 17645-team17.isri.cmu.edu:8082, status 200, result: eyewitness+1981, mickeys+once+upon+a+christmas+1999, intersection+1994, ed+1996, the+gauntlet+1977, p.s.+2004, the+evil+that+men+do+1984, the+hunted+2003, maze+2000, the+hound+of+the+baskervilles+1978, dont+tell+her+its+me+1990, chronicle+2012, chicken+run+2000, mousehunt+1997, the+brothers+2001, serial+1980, ready+to+rumble+2000, ernest+in+the+army+1998, island+2011, crush+2001, 399 ms"
"2022-02-08T19:16:50.531858,152751,recommendation request 17645-team17.isri.cmu.edu:8082, status 200, result: cry+freedom+1987, switchback+1997, lockout+2012, a+goofy+movie+1995, frenzy+1972, true+crime+1996, freaky+friday+1976, haywire+2011, phoenix+1998, patriot+games+1992, juice+1992, breakdown+1997, the+man+who+knew+too+much+1956, the+emperors+new+groove+2000, ratatouille+2007, spasmo+1974, romeo+is+bleeding+1993, they+made+me+a+criminal+1939, shrek+the+third+2007, patton+1970, 447 ms"
"2022-02-08T19:16:50.542950,262339,recommendation request 17645-team17.isri.cmu.edu:8082, status 200, result: shampoo+1975, rollerball+1975, punchline+1988, rancho+deluxe+1975, throw+momma+from+the+train+1987, cookie+1989, barbarosa+1982, the+wash+2001, macgruber+2010, moving+1988, lightning+jack+1994, the+island+1980, bad+company+1972, the+matrix+revolutions+2003, battle+for+terra+2007, junebug+2005, surfer_+dude+2008, the+brave+one+2007, king+kong+lives+1986, class+1983, 459 ms"
"2022-02-08T19:16:51.287287,182168,recommendation request 17645-team17.isri.cmu.edu:8082, status 200, result: rollerball+1975, suburban+commando+1991, the+gauntlet+1977, foodfight+2012, the+golden+voyage+of+sinbad+1973, light+it+up+1999, the+yakuza+1974, juice+1992, island+2011, dark+passage+1947, spasmo+1974, shrek+the+third+2007, maximum+risk+1996, captain+america+the+winter+soldier+2014, undertow+2004, tangled+ever+after+2012, flushed+away+2006, kung+fu+panda+2008, the+invincible+iron+man+2007, a+grand+day+out+1990, 177 ms"
"2022-02-08T19:16:51.577092,178981,recommendation request 17645-team17.isri.cmu.edu:8082, status 200, result: curdled+1996, about+last+night...+1986, much+ado+about+nothing+1993, intersection+1994, the+snowman+1982, notting+hill+1999, p.s.+2004, mutiny+on+the+bounty+1962, maze+2000, detective+story+1951, bean+1997, nims+island+2008, birdy+1984, oz+the+great+and+powerful+2013, albatross+2011, hunting+elephants+2013, an+education+2009, serial+1980, mighty+aphrodite+1995, crush+2001, 394 ms"
"2022-02-08T19:16:51.745420,198588,recommendation request 17645-team17.isri.cmu.edu:8082, status 200, result: dark+city+1950, missing+1982, mystery_+alaska+1999, courage+under+fire+1996, inception+2010, the+verdict+1982, one+eight+seven+1997, guilty+as+sin+1993, silver+city+2004, the+yakuza+1974, gravity+2013, the+matrix+revolutions+2003, the+game+1997, island+2011, the+matrix+1999, x+the+unknown+1956, dark+passage+1947, the+incredible+shrinking+man+1957, they+made+me+a+criminal+1939, the+faculty+1998, 530 ms"
"2022-02-08T19:16:51.745884,266683,recommendation request 17645-team17.isri.cmu.edu:8082, status 200, result: the+glimmer+man+1996, bill+cosby+himself+1983, p.s.+2004, under+siege+1992, analyze+this+1999, a+time+to+kill+1996, wildcats+1986, freaky+friday+1976, birdy+1984, moving+1988, the+yakuza+1974, winnie+the+pooh+2011, on+deadly+ground+1994, the+truman+show+1998, from+beyond+1986, shes+having+a+baby+1988, free+willy+3+the+rescue+1997, above+the+law+1988, beyond+therapy+1987, dinoshark+2010, 539 ms"
"2022-02-08T19:16:51.745486,54405,recommendation request 17645-team17.isri.cmu.edu:8082, status 200, result: eyewitness+1981, drop+zone+1994, switchback+1997, p.s.+2004, cookie+1989, the+other+side+of+the+mountain+1975, lethal+weapon+3+1992, without+a+paddle+2004, northfork+2003, dick+tracy+1990, inception+2010, love+story+1970, wake+of+death+2004, planet+of+the+apes+2001, desk+set+1957, changing+lanes+2002, out+to+sea+1997, oscar+and+lucinda+1997, ever+after+a+cinderella+story+1998, tank+girl+1995, 561 ms"
"2022-02-08T19:16:51.759868,178762,recommendation request 17645-team17.isri.cmu.edu:8082, status 200, result: black+beauty+1994, a+nightmare+on+elm+street+part+2+freddys+revenge+1985, top+secret+1984, free+birds+2013, robot+stories+2003, foodfight+2012, the+conspiracy+2012, childs+play+3+1991, changeling+2008, altered+2006, the+other+side+of+the+mountain+1975, macgruber+2010, the+aristocats+1970, sleeping+beauty+1959, inception+2010, spy+kids+3-d+game+over+2003, the+social+network+2010, the+next+karate+kid+1994, dead+reckoning+1947, winnie+the+pooh+2011, 542 ms"
"2022-02-08T19:16:52.347094,209117,recommendation request 17645-team17.isri.cmu.edu:8082, status 200, result: dead+of+winter+1987, the+perfect+score+2004, the+snowman+1982, p.s.+2004, a+family+thing+1996, nine+queens+2000, one+eight+seven+1997, big+bad+mama+1974, the+longest+yard+1974, the+mighty+1998, junebug+2005, millions+2005, made+of+honor+2008, my+one+and+only+2009, ruby++quentin+2003, the+thin+man+goes+home+1945, rescue+dawn+2006, the+naked+gun+2+the+smell+of+fear+1991, get+real+1998, happily+ever+after+2004, 309 ms"
"2022-02-08T19:16:53.348390,204327,recommendation request 17645-team17.isri.cmu.edu:8082, status 200, result: abandon+2002, cry+freedom+1987, taps+1981, nine+lives+2005, courage+under+fire+1996, the+other+side+of+the+mountain+1975, enough+2002, the+mother+2003, the+last+minute+2001, edward+scissorhands+1990, light+it+up+1999, that+was+then...+this+is+now+1985, the+verdict+1982, heidi+1937, marooned+1969, away+from+her+2006, white+palace+1990, gordy+1995, island+2011, because+of+winn-dixie+2005, 271 ms"
"2022-02-08T19:16:53.399643,72651,recommendation request 17645-team17.isri.cmu.edu:8082, status 200, result: cry+freedom+1987, robot+stories+2003, the+gauntlet+1977, the+other+side+of+the+mountain+1975, lethal+weapon+3+1992, the+woman+2011, dick+tracy+1990, lifeboat+1944, the+yakuza+1974, the+reader+2008, on+deadly+ground+1994, white+palace+1990, shes+having+a+baby+1988, conan+the+barbarian+1982, fail+safe+2000, last+night+1998, above+the+law+1988, ratatouille+2007, airport+1975+1974, jonah+hex+2010, 285 ms"
"2022-02-08T19:16:53.388020,270788,recommendation request 17645-team17.isri.cmu.edu:8082, status 200, result: robot+stories+2003, 28+weeks+later+2007, the+conspiracy+2012, cazuza+time+doesnt+stop+2004, royal+deceit+1994, true+crime+1996, nothing+to+lose+1994, altered+2006, behind+the+sun+2001, lethal+weapon+3+1992, northfork+2003, inception+2010, wake+of+death+2004, another+earth+2011, the+juror+1996, the+matrix+1999, the+brave+one+2007, last+night+1998, dinoshark+2010, lassie+2005, 313 ms"
"2022-02-08T19:16:54.424047,279494,recommendation request 17645-team17.isri.cmu.edu:8082, status 200, result: replicant+2001, serenity+2005, white+heat+1949, key+largo+1948, mad+max+beyond+thunderdome+1985, robocop+3+1993, running+out+of+time+1999, star+trek+nemesis+2002, a+time+to+kill+1996, star+trek+insurrection+1998, infernal+affairs+ii+2003, mad+max+1979, the+abyss+1989, the+replacement+killers+1998, a+perfect+world+1993, shopping+1994, breakout+1975, the+roaring+twenties+1939, elsewhere+2009, night+nurse+1931, 341 ms"
"2022-02-08T19:16:54.485302,155659,recommendation request 17645-team17.isri.cmu.edu:8082, status 200, result: cry+freedom+1987, stick+it+2006, dark+alibi+1946, bustin+loose+1981, the+conspiracy+2012, prison+1988, devil+girl+from+mars+1954, frenzy+1972, the+house+of+yes+1997, sling+blade+1996, crossroads+2002, light+it+up+1999, the+hound+of+the+baskervilles+1978, z+1969, the+woman+2011, the+island+1980, macabre+1958, the+mighty+1998, jurassic+park+1993, choose+2011, 411 ms"
"2022-02-08T19:16:54.485279,42901,recommendation request 17645-team17.isri.cmu.edu:8082, status 200, result: eyewitness+1981, angst+1983, criminal+law+1988, intersection+1994, nothing+to+lose+1994, shottas+2002, code+of+silence+1985, the+matrix+revolutions+2003, the+brave+one+2007, four+minutes+2006, 7+seconds+2005, made+of+honor+2008, singham+2011, ruby++quentin+2003, rushmore+1998, the+program+1993, edge+of+tomorrow+2014, happily+ever+after+2004, blue+chips+1994, the+wall+2012, 405 ms"
"2022-02-08T19:16:54.500586,238013,recommendation request 17645-team17.isri.cmu.edu:8082, status 200, result: rollerball+1975, switchback+1997, dreamgirls+2006, intersection+1994, ed+1996, p.s.+2004, loving+you+1957, maze+2000, the+aristocats+1970, a+family+thing+1996, bellflower+2011, casper+1995, planet+of+the+apes+2001, the+brothers+2001, jurassic+park+1993, crush+2001, hook+1991, the+man+who+knew+too+much+1956, a+place+in+the+sun+1951, untitled+2009, 417 ms"
"2022-02-08T19:16:54.520211,95685,recommendation request 17645-team17.isri.cmu.edu:8082, status 200, result: lady+jane+1986, eyewitness+1981, barbershop+2002, broken+embraces+2009, sleepers+1996, intersection+1994, dances+with+wolves+1990, missing+1982, light+it+up+1999, forrest+gump+1994, casper+1995, another+thin+man+1939, love+story+1970, harem+1985, the+yakuza+1974, gravity+2013, jurassic+park+1993, the+game+1997, juice+1992, hook+1991, 404 ms"
"2022-02-08T19:16:55.567498,109680,recommendation request 17645-team17.isri.cmu.edu:8082, status 200, result: drop+zone+1994, intersection+1994, p.s.+2004, maze+2000, kiss+the+girls+1997, the+pompatus+of+love+1996, ice+castles+1978, the+saint+1997, albatross+2011, stonewall+1995, junebug+2005, the+truman+show+1998, island+2011, from+here+to+eternity+1953, ali+2001, crush+2001, redbelt+2008, remember+the+night+1940, my+one+and+only+2009, spasmo+1974, 475 ms"
"2022-02-08T19:16:55.580136,38566,recommendation request 17645-team17.isri.cmu.edu:8082, status 200, result: boogie+nights+1997, on+the+waterfront+1954, taking+sides+2001, backbeat+1994, 8+seconds+1994, the+proprietor+1996, tattooed+life+1965, the+eel+1997, the+brave+1997, that+was+then...+this+is+now+1985, the+life+of+oharu+1952, lifeboat+1944, 21+2008, american+hustle+2013, striptease+1996, dead+reckoning+1947, malice+1993, the+big+heat+1953, i+am+sam+2001, before+sunrise+1995, 449 ms"
"2022-02-08T19:16:55.730022,36877,recommendation request 17645-team17.isri.cmu.edu:8082, status 200, result: and+now...+ladies+and+gentlemen...+2002, man+of+the+year+2006, intersection+1994, paths+of+glory+1957, sling+blade+1996, p.s.+2004, how+i+won+the+war+1967, maze+2000, z+1969, lifeboat+1944, birdy+1984, the+brothers+mcmullen+1995, moving+1988, the+great+escape+1963, the+brothers+2001, the+reader+2008, the+mighty+1998, the+truman+show+1998, free+willy+3+the+rescue+1997, mobsters+1991, 604 ms"
"2022-02-08T19:16:55.730532,271624,recommendation request 17645-team17.isri.cmu.edu:8082, status 200, result: cry+freedom+1987, edmond+2005, the+dresser+1983, blue+crush+2002, the+golden+voyage+of+sinbad+1973, sling+blade+1996, p.s.+2004, the+wash+2001, light+it+up+1999, lethal+weapon+3+1992, jungle+fever+1991, northfork+2003, dick+tracy+1990, inception+2010, the+island+1980, patriot+games+1992, albatross+2011, the+mighty+1998, the+matrix+revolutions+2003, kull+the+conqueror+1997, 629 ms"
"2022-02-08T19:16:55.730225,197922,recommendation request 17645-team17.isri.cmu.edu:8082, status 200, result: mickeys+once+upon+a+christmas+1999, arranged+2007, el+topo+1970, the+gauntlet+1977, the+punisher+1989, the+amazing+spider-man+2012, the+golden+voyage+of+sinbad+1973, p.s.+2004, maze+2000, lethal+weapon+3+1992, macgruber+2010, incognito+1997, dick+tracy+1990, chicken+run+2000, paintball+2009, the+letter+1940, phoenix+1998, the+yakuza+1974, the+brothers+2001, the+client+1994, 624 ms"
"2022-02-08T19:16:55.747370,277324,recommendation request 17645-team17.isri.cmu.edu:8082, status 200, result: black+beauty+1994, a+time+to+kill+1996, freaky+friday+1976, the+yakuza+1974, the+client+1994, junebug+2005, mobsters+1991, island+2011, dark+passage+1947, my+one+and+only+2009, they+made+me+a+criminal+1939, beyond+the+poseidon+adventure+1979, kidnapped+1960, race+the+sun+1996, lassie+1994, chinatown+1974, the+confessional+1995, dead+man+down+2013, flubber+1997, out+of+the+past+1947, 591 ms"
"2022-02-08T19:16:55.781652,268633,recommendation request 17645-team17.isri.cmu.edu:8082, status 200, result: drop+zone+1994, lockout+2012, frenzy+1972, the+promise+2005, walle+2008, jungle+fever+1991, code+of+silence+1985, haywire+2011, one+man+band+2005, phoenix+1998, four+brothers+2005, the+yakuza+1974, junebug+2005, changing+lanes+2002, the+hot+spot+1990, from+here+to+eternity+1953, ali+2001, the+women+2008, lifted+2006, shes+out+of+my+league+2010, 670 ms"
"2022-02-08T19:16:56.446628,40580,recommendation request 17645-team17.isri.cmu.edu:8082, status 200, result: wreck-it+ralph+2012, sleepers+1996, the+dresser+1983, blue+crush+2002, the+amazing+spider-man+2012, a+goofy+movie+1995, true+crime+1996, identity+2003, the+wash+2001, 633+squadron+1964, the+aristocats+1970, in+the+line+of+fire+1993, bellflower+2011, lifeboat+1944, prince+of+persia+the+sands+of+time+2010, pitch+black+2000, z+1969, grand+illusion+1937, heavens+gate+1980, albatross+2011, 337 ms"
"2022-02-08T19:16:56.492439,9565,recommendation request 17645-team17.isri.cmu.edu:8082, status 200, result: eyewitness+1981, drop+zone+1994, rollerball+1975, arranged+2007, switchback+1997, oh_+god+1977, the+conspiracy+2012, star+wars+episode+iii+-+revenge+of+the+sith+2005, p.s.+2004, courage+under+fire+1996, light+it+up+1999, a+time+to+kill+1996, without+a+paddle+2004, dick+tracy+1990, moving+1988, the+letter+1940, planet+of+the+apes+2001, the+yakuza+1974, the+client+1994, changing+lanes+2002, 430 ms"
"2022-02-08T19:16:57.445221,29516,recommendation request 17645-team17.isri.cmu.edu:8082, status 200, result: titanic+1953, down+periscope+1996, rhinestone+1984, taps+1981, patlabor+the+movie+1989, p.s.+2004, that+was+then...+this+is+now+1985, poohs+heffalump+movie+2005, lethal+weapon+3+1992, northfork+2003, inception+2010, the+tigger+movie+2000, gumby+the+movie+1995, harry+and+tonto+1974, bulworth+1998, clockwatchers+1997, the+matrix+revolutions+2003, junebug+2005, hogfather+2006, morocco+1930, 362 ms"
"2022-02-08T19:16:57.501357,203788,recommendation request 17645-team17.isri.cmu.edu:8082, status 200, result: drop+zone+1994, rollerball+1975, top+secret+1984, suburban+commando+1991, crossroads+2002, hollow+man+2000, the+country+bears+2002, the+addams+family+1991, snow+dogs+2002, big+hero+6+2014, without+a+paddle+2004, barbarosa+1982, a+little+princess+1995, show+boat+1951, carnosaur+2+1995, wake+of+death+2004, for+keeps+1988, desk+set+1957, out+to+sea+1997, changing+lanes+2002, 459 ms"
"2022-02-08T19:16:57.432808,210372,recommendation request 17645-team17.isri.cmu.edu:8082, status 200, result: the+perfect+score+2004, switchback+1997, sling+blade+1996, crossroads+2002, the+country+bears+2002, snow+dogs+2002, lethal+weapon+3+1992, big+hero+6+2014, birdy+1984, masterminds+1997, harem+1985, the+yakuza+1974, the+longest+yard+1974, armed+and+dangerous+1986, bottle+rocket+1996, the+matrix+1999, the+incredible+hulk+2008, ali+2001, 10th++wolf+2006, the+man+who+knew+too+much+1956, 417 ms"
"2022-02-08T19:16:57.474544,194412,recommendation request 17645-team17.isri.cmu.edu:8082, status 200, result: n+1998, rollerball+1975, spirit+stallion+of+the+cimarron+2002, the+fury+1978, above+the+law+1988, dark+passage+1947, dinoshark+2010, shrek+the+third+2007, apartment+zero+1988, fire+down+below+1997, captain+america+the+winter+soldier+2014, divergent+2014, the+hand+1981, the+in-laws+1979, wild+tales+2014, flushed+away+2006, kung+fu+panda+2008, them+1954, frankenstein+1931, bee+movie+2007, 435 ms"
"2022-02-08T19:16:58.394209,256483,recommendation request 17645-team17.isri.cmu.edu:8082, status 200, result: gleaming+the+cube+1989, edmond+2005, bill+cosby+himself+1983, the+dresser+1983, the+red+shoes+1948, the+proprietor+1996, light+it+up+1999, edward+scissorhands+1990, spirit+stallion+of+the+cimarron+2002, maze+2000, z+1969, the+verdict+1982, the+lawless+heart+2002, albatross+2011, beyond+the+sea+2004, waiting+to+exhale+1995, crush+2001, the+nuns+story+1959, six+weeks+1982, ever+after+a+cinderella+story+1998, 355 ms"
"2022-02-08T19:16:58.413610,49394,recommendation request 17645-team17.isri.cmu.edu:8082, status 200, result: notting+hill+1999, a+goofy+movie+1995, p.s.+2004, red+dawn+1984, courage+under+fire+1996, deep+rising+1998, maze+2000, lethal+weapon+3+1992, freaky+friday+1976, guilty+as+sin+1993, the+brothers+2001, my+beautiful+laundrette+1985, shes+having+a+baby+1988, island+2011, the+matrix+1999, crush+2001, the+living+daylights+1987, above+the+law+1988, the+emperors+new+groove+2000, dinoshark+2010, 375 ms"
"2022-02-08T19:16:58.429239,42064,recommendation request 17645-team17.isri.cmu.edu:8082, status 200, result: the+cat+in+the+hat+2003, rollerball+1975, six+pack+1982, dreamgirls+2006, ed+1996, the+amazing+spider-man+2012, family+plot+1976, courage+under+fire+1996, edward+scissorhands+1990, prince+of+persia+the+sands+of+time+2010, the+verdict+1982, planet+of+the+apes+2001, opportunity+knocks+1990, how+the+grinch+stole+christmas+2000, the+juror+1996, ali+2001, letters+from+iwo+jima+2006, exodus+1960, captain+horatio+hornblower+r.n.+1951, beyond+the+poseidon+adventure+1979, 373 ms"
"2022-02-08T19:16:59.435948,145634,recommendation request 17645-team17.isri.cmu.edu:8082, status 200, result: american+virgin+2000, eyewitness+1981, cry+freedom+1987, the+proprietor+1996, the+next+three+days+2010, true+crime+1996, detective+story+1951, z+1969, dick+tracy+1990, lifeboat+1944, apocalypto+2006, the+saint+1997, gone+in+sixty+seconds+2000, the+serpent+and+the+rainbow+1988, shes+having+a+baby+1988, hopscotch+1980, 7+seconds+2005, today+you+die+2005, jennifer+eight+1992, u-571+2000, 318 ms"
"2022-02-08T19:16:59.468584,225245,recommendation request 17645-team17.isri.cmu.edu:8082, status 200, result: i+saw+what+you+did+1965, can-can+1960, titanic+1953, the+conspiracy+2012, below+2002, heavyweights+1995, identity+2003, the+stepfather+2009, the+country+bears+2002, snow+dogs+2002, big+hero+6+2014, first+kid+1996, five+times+two+2004, american+gigolo+1980, the+international+2009, that+darn+cat+1997, beyond+the+clouds+1995, gilda+1946, youre+next+2011, the+pact+2012, 401 ms"
"2022-02-08T19:16:59.529569,66507,recommendation request 17645-team17.isri.cmu.edu:8082, status 200, result: abandon+2002, eyewitness+1981, lockout+2012, the+last+minute+2001, haywire+2011, excision+2012, derailed+2002, blow+out+1981, the+boogens+1981, predator+2+1990, shes+having+a+baby+1988, diamond+men+2000, island+2011, double+indemnity+1944, dinoshark+2010, today+you+die+2005, live+free+or+die+hard+2007, the+signal+2007, frankie+and+johnny+1991, the+substitute+1996, 376 ms"
"2022-02-08T19:17:00.360029,73206,recommendation request 17645-team17.isri.cmu.edu:8082, status 200, result: the+cat+in+the+hat+2003, six+pack+1982, ed+1996, notting+hill+1999, p.s.+2004, maze+2000, a+time+to+kill+1996, a+little+princess+1995, casper+1995, babe+pig+in+the+city+1998, the+yakuza+1974, the+brothers+2001, how+the+grinch+stole+christmas+2000, my+beautiful+laundrette+1985, rat+2001, crush+2001, the+incredible+hulk+2008, untitled+2009, chicken+little+2005, they+made+me+a+criminal+1939, 281 ms"
"2022-02-08T19:17:00.520744,66151,recommendation request 17645-team17.isri.cmu.edu:8082, status 200, result: cry+freedom+1987, rollerball+1975, barbershop+2002, intersection+1994, another+thin+man+1939, planet+of+the+apes+2001, serial+1980, desk+set+1957, his+girl+friday+1940, carefree+1938, little+murders+1971, melvin+and+howard+1980, the+allnighter+1987, exodus+1960, unfaithfully+yours+1984, dopamine+2003, heaven++earth+1993, divergent+2014, apollo+13+1995, l.i.e.+2001, 405 ms"
"2022-02-08T19:17:00.531896,18445,recommendation request 17645-team17.isri.cmu.edu:8082, status 200, result: cry+freedom+1987, the+house+of+yes+1997, the+snowman+1982, rancho+deluxe+1975, sling+blade+1996, crossroads+2002, the+country+bears+2002, snow+dogs+2002, big+hero+6+2014, barbarosa+1982, lightning+jack+1994, the+island+1980, bully+2011, the+yakuza+1974, gravity+2013, another+earth+2011, the+mighty+1998, the+late+shift+1996, the+game+1997, island+2011, 427 ms"
"2022-02-08T19:17:00.600428,190940,recommendation request 17645-team17.isri.cmu.edu:8082, status 200, result: rollerball+1975, switchback+1997, courage+under+fire+1996, light+it+up+1999, a+time+to+kill+1996, guilty+as+sin+1993, the+yakuza+1974, planet+of+the+apes+2001, patriot+games+1992, running+scared+1986, changing+lanes+2002, juice+1992, island+2011, breakdown+1997, the+fan+1981, 10th++wolf+2006, the+man+who+knew+too+much+1956, they+made+me+a+criminal+1939, bulletproof+1996, fire+down+below+1997, 438 ms"
"2022-02-08T19:17:00.625215,271676,recommendation request 17645-team17.isri.cmu.edu:8082, status 200, result: the+cat+in+the+hat+2003, rollerball+1975, top+secret+1984, about+last+night...+1986, ed+1996, family+plot+1976, star+wars+episode+iii+-+revenge+of+the+sith+2005, light+it+up+1999, the+addams+family+1991, maze+2000, in+the+line+of+fire+1993, a+little+princess+1995, dead+reckoning+1947, malice+1993, planet+of+the+apes+2001, opportunity+knocks+1990, how+the+grinch+stole+christmas+2000, the+mighty+1998, marooned+1969, desk+set+1957, 512 ms"
"2022-02-08T19:17:01.545758,17454,recommendation request 17645-team17.isri.cmu.edu:8082, status 200, result: n+1998, cry+freedom+1987, top+secret+1984, and+now...+ladies+and+gentlemen...+2002, towelhead+2008, the+longest+day+1962, the+proprietor+1996, the+conspiracy+2012, two+hands+1999, p.s.+2004, maze+2000, lethal+weapon+3+1992, z+1969, inception+2010, lifeboat+1944, grand+illusion+1937, the+island+1980, planet+of+the+apes+2001, the+matrix+revolutions+2003, in+harms+way+1965, 475 ms"
"2022-02-08T19:17:01.619522,220097,recommendation request 17645-team17.isri.cmu.edu:8082, status 200, result: the+perfect+score+2004, arranged+2007, mickeys+once+upon+a+christmas+1999, bon+cop+bad+cop+2006, notting+hill+1999, p.s.+2004, courage+under+fire+1996, the+other+side+of+the+mountain+1975, maze+2000, lethal+weapon+3+1992, ice+castles+1978, big+trouble+2002, chicken+run+2000, blood_+guts_+bullets+and+octane+1998, masterminds+1997, the+brothers+2001, my+beautiful+laundrette+1985, for+keeps+1988, shes+having+a+baby+1988, crush+2001, 540 ms"
"2022-02-08T19:17:01.642646,159442,recommendation request 17645-team17.isri.cmu.edu:8082, status 200, result: lady+jane+1986, intersection+1994, the+conspiracy+2012, doc+hollywood+1991, p.s.+2004, pretty+baby+1978, nims+island+2008, birdy+1984, the+letter+1940, the+great+escape+1963, harem+1985, the+yakuza+1974, wake+of+death+2004, macabre+1958, gravity+2013, xxx+2002, serial+1980, the+matrix+revolutions+2003, the+game+1997, the+brave+one+2007, 561 ms"
"2022-02-08T19:17:01.664275,4581,recommendation request 17645-team17.isri.cmu.edu:8082, status 200, result: north+by+northwest+1959, barbershop+2002, lethal+weapon+3+1992, dick+tracy+1990, gumby+the+movie+1995, another+thin+man+1939, paparazzi+2004, the+brood+1979, dead+reckoning+1947, the+yakuza+1974, 9+2005, shivers+1975, gravity+2013, phoenix+1998, junebug+2005, the+game+1997, veronica+guerin+2003, the+matrix+1999, north+1994, lifted+2006, 567 ms"
"2022-02-08T19:17:01.662613,91922,recommendation request 17645-team17.isri.cmu.edu:8082, status 200, result: six+pack+1982, intersection+1994, my+man+godfrey+1957, ed+1996, mary+poppins+1964, p.s.+2004, maze+2000, a+family+thing+1996, dick+tracy+1990, gumby+the+movie+1995, harry+and+tonto+1974, apocalypto+2006, the+saint+1997, the+brothers+2001, gone+in+sixty+seconds+2000, beyond+the+sea+2004, serial+1980, crush+2001, crazy+heart+2009, have+rocket_+will+travel+1959, 579 ms"
"2022-02-08T19:17:02.430965,293143,recommendation request 17645-team17.isri.cmu.edu:8082, status 200, result: american+virgin+2000, top+secret+1984, oh_+god+1977, book+of+shadows+blair+witch+2+2000, the+conspiracy+2012, brimstone++treacle+1982, freaky+friday+1976, casper+1995, the+beverly+hillbillies+1993, blacula+1972, moving+1988, the+witches+of+eastwick+1987, coffy+1973, working+girl+1988, jurassic+park+1993, shes+having+a+baby+1988, hook+1991, from+the+hip+1987, 7+seconds+2005, spasmo+1974, 408 ms"
"2022-02-08T19:17:02.429709,121333,recommendation request 17645-team17.isri.cmu.edu:8082, status 200, result: replicant+2001, rollerball+1975, punchline+1988, childs+play+3+1991, prince+of+persia+the+sands+of+time+2010, the+island+1980, planet+of+the+apes+2001, battle+for+terra+2007, conan+the+barbarian+1982, leprechaun+2+1994, eating+raoul+1982, spasmo+1974, bulletproof+1996, underdog+2007, divergent+2014, daylight+1996, 3+strikes+2000, the+black+swan+1942, cube+hypercube+2002, the+rocketeer+1991, 377 ms"
"2022-02-08T19:17:02.443377,148428,recommendation request 17645-team17.isri.cmu.edu:8082, status 200, result: the+nest+2002, what+doesnt+kill+you+2008, doc+hollywood+1991, brimstone++treacle+1982, parker+2013, a+time+to+kill+1996, detective+story+1951, the+company+men+2010, johnny+english+2003, the+letter+1940, a+patch+of+blue+1965, albatross+2011, rush+hour+3+2007, the+brave+one+2007, proof+2005, romeo+and+juliet+1936, eight+men+out+1988, h.m.+pulham_+esq.+1941, high+sierra+1941, jennifer+eight+1992, 375 ms"
"2022-02-08T19:17:03.353047,38094,recommendation request 17645-team17.isri.cmu.edu:8082, status 200, result: drop+zone+1994, rollerball+1975, top+secret+1984, about+last+night...+1986, star+wars+episode+iii+-+revenge+of+the+sith+2005, cookie+1989, the+other+side+of+the+mountain+1975, the+addams+family+1991, maze+2000, without+a+paddle+2004, detective+story+1951, a+little+princess+1995, wake+of+death+2004, planet+of+the+apes+2001, changing+lanes+2002, crush+2001, side+out+1990, hopscotch+1980, jennifer+eight+1992, today+you+die+2005, 327 ms"
"2022-02-08T19:17:03.296110,138834,recommendation request 17645-team17.isri.cmu.edu:8082, status 200, result: barbershop+2002, coldblooded+1995, ed+1996, double+team+1997, the+conspiracy+2012, childs+play+3+1991, doc+hollywood+1991, in+the+line+of+fire+1993, casper+1995, psycho+1998, in+too+deep+1999, another+thin+man+1939, dumb+and+dumber+to+2014, moving+1988, phoenix+1998, dead+reckoning+1947, jaws+3-d+1983, jurassic+park+1993, the+serpent+and+the+rainbow+1988, ali+2001, 276 ms"
"2022-02-08T19:17:03.504032,224019,recommendation request 17645-team17.isri.cmu.edu:8082, status 200, result: cry+freedom+1987, arranged+2007, definitely_+maybe+2008, the+gauntlet+1977, the+proprietor+1996, p.s.+2004, sling+blade+1996, the+other+side+of+the+mountain+1975, maze+2000, light+it+up+1999, a+time+to+kill+1996, incognito+1997, northfork+2003, z+1969, lifeboat+1944, the+woman+2011, ice+castles+1978, dick+tracy+1990, johnny+english+2003, paul+2011, 451 ms"
"2022-02-08T19:17:03.557428,248404,recommendation request 17645-team17.isri.cmu.edu:8082, status 200, result: eyewitness+1981, coldblooded+1995, six+pack+1982, p.s.+2004, frenzy+1972, son+of+the+mask+2005, true+crime+1996, a+family+thing+1996, dumb+and+dumber+to+2014, harry+and+tonto+1974, the+letter+1940, topper+1937, shes+having+a+baby+1988, the+incredible+hulk+2008, the+women+2008, hopscotch+1980, today+you+die+2005, spasmo+1974, hall+pass+2011, they+made+me+a+criminal+1939, 487 ms"
"2022-02-08T19:17:03.563567,227339,recommendation request 17645-team17.isri.cmu.edu:8082, status 200, result: black+beauty+1994, mickeys+once+upon+a+christmas+1999, the+wood+1999, the+snowman+1982, the+lucky+ones+2008, spirit+stallion+of+the+cimarron+2002, superman+vs.+the+elite+2012, skinwalkers+2006, junebug+2005, crush+2001, batman+the+dark+knight+returns_+part+2+2013, shes+out+of+my+league+2010, hopscotch+1980, made+of+honor+2008, my+one+and+only+2009, atonement+2007, small+time+crooks+2000, firestarter+1984, chicken+little+2005, batman+beyond+return+of+the+joker+2000, 535 ms"
"2022-02-08T19:17:04.516091,114961,recommendation request 17645-team17.isri.cmu.edu:8082, status 200, result: abandon+2002, shampoo+1975, neighbors+1981, werewolves+on+wheels+1971, barbershop+2002, punchline+1988, point+blank+1967, crisscross+1992, the+last+minute+2001, another+thin+man+1939, beverly+hills+chihuahua+2008, the+asphalt+jungle+1950, clockwatchers+1997, junebug+2005, some+days+are+better+than+others+2011, island+2011, his+girl+friday+1940, double+indemnity+1944, my+one+and+only+2009, the+mechanik+2005, 413 ms"
"2022-02-08T19:17:04.533354,48941,recommendation request 17645-team17.isri.cmu.edu:8082, status 200, result: top+secret+1984, forbidden+zone+1980, childs+play+3+1991, p.s.+2004, the+addams+family+1991, macgruber+2010, the+lost+weekend+1945, a+little+princess+1995, frozen+2007, back+to+school+1986, the+client+1994, beyond+the+sea+2004, skinwalkers+2006, mercenary+for+justice+2006, island+2011, class+1983, the+nuns+story+1959, the+skin+game+1931, an+american+carol+2008, bloodsport+ii+1996, 438 ms"
"2022-02-08T19:17:04.537388,4109,recommendation request 17645-team17.isri.cmu.edu:8082, status 200, result: melody+time+1948, wisegirls+2002, the+entertainer+1960, a+late+quartet+2012, the+country+bears+2002, snow+dogs+2002, the+aristocats+1970, big+hero+6+2014, one+hundred+and+one+dalmatians+1961, that+was+then...+this+is+now+1985, that+darn+cat+1997, saludos+amigos+1942, wake+of+death+2004, vincent+1982, pinocchio+1940, beyond+the+sea+2004, petes+dragon+1977, bingo+1991, the+idolmaker+1980, the+giant+of+marathon+1959, 432 ms"
"2022-02-08T19:17:04.547169,37565,recommendation request 17645-team17.isri.cmu.edu:8082, status 200, result: mickeys+once+upon+a+christmas+1999, the+avengers+1998, man+of+the+year+2006, bossa+nova+2000, cookie+1989, the+other+side+of+the+mountain+1975, incognito+1997, the+way+2010, analyze+that+2002, an+education+2009, the+brave+one+2007, bridesmaids+2011, proof+2005, little+murders+1971, patton+1970, family+guy+presents+blue+harvest+2007, the+survivors+1983, get+real+1998, bloomington+2010, boy+a+2007, 443 ms"
"2022-02-08T19:17:05.477236,19065,recommendation request 17645-team17.isri.cmu.edu:8082, status 200, result: n+1998, mickeys+once+upon+a+christmas+1999, the+five+senses+1999, 8+seconds+1994, the+other+side+of+the+mountain+1975, detective+story+1951, nine+queens+2000, chicken+run+2000, one+eight+seven+1997, the+yakuza+1974, gravity+2013, bottle+rocket+1996, the+game+1997, serial+bad+weddings+2014, ali+2001, quartet+1981, jennifer+eight+1992, breakfast+on+pluto+2005, ruby++quentin+2003, the+survivors+1983, 333 ms"
"2022-02-08T19:17:05.542630,4782,recommendation request 17645-team17.isri.cmu.edu:8082, status 200, result: shampoo+1975, nothing+but+trouble+1991, punchline+1988, the+proprietor+1996, doc+hollywood+1991, frenzy+1972, national+lampoons+van+wilder+2002, 633+squadron+1964, lifeboat+1944, z+1969, grand+illusion+1937, heavens+gate+1980, the+verdict+1982, the+island+1980, junebug+2005, from+beyond+1986, island+2011, king+kong+lives+1986, north+1994, his+girl+friday+1940, 393 ms"
"2022-02-08T19:17:05.552887,140160,recommendation request 17645-team17.isri.cmu.edu:8082, status 200, result: the+perfect+score+2004, the+magician+1958, bon+cop+bad+cop+2006, oh_+god+1977, the+conspiracy+2012, think+like+a+man+too+2014, the+other+side+of+the+mountain+1975, maze+2000, spirit+stallion+of+the+cimarron+2002, footloose+1984, the+woman+2011, moving+1988, the+witches+of+eastwick+1987, where+the+heart+is+2000, macabre+1958, waiting+to+exhale+1995, crush+2001, from+here+to+eternity+1953, days+of+glory+1944, ever+after+a+cinderella+story+1998, 436 ms"
"2022-02-08T19:17:06.751426,109879,recommendation request 17645-team17.isri.cmu.edu:8082, status 200, result: wreck-it+ralph+2012, rio+2+2014, lady+jane+1986, melody+time+1948, dark+city+1950, intersection+1994, a+goofy+movie+1995, red+dawn+1984, dont+move+2004, the+aristocats+1970, casper+1995, silver+city+2004, the+island+1980, saludos+amigos+1942, harem+1985, the+wizard+1989, island+2011, hook+1991, x+the+unknown+1956, ice+age+dawn+of+the+dinosaurs+2009, 479 ms"
"2022-02-08T19:17:06.835461,14475,recommendation request 17645-team17.isri.cmu.edu:8082, status 200, result: drop+zone+1994, the+gauntlet+1977, p.s.+2004, walle+2008, maze+2000, lethal+weapon+3+1992, the+brothers+mcmullen+1995, slap+her...+shes+french+2002, one+man+band+2005, the+letter+1940, the+saint+1997, the+yakuza+1974, the+brothers+2001, opportunity+knocks+1990, on+deadly+ground+1994, changing+lanes+2002, from+dusk+till+dawn+1996, have+rocket_+will+travel+1959, crush+2001, m.+butterfly+1993, 614 ms"
"2022-02-08T19:17:06.837881,266733,recommendation request 17645-team17.isri.cmu.edu:8082, status 200, result: drop+zone+1994, suburban+commando+1991, the+last+of+the+mohicans+1992, 8+seconds+1994, it+the+terror+from+beyond+space+1958, the+snowman+1982, carnosaur+2+1995, it+came+from+outer+space+1953, mallrats+1995, c.h.o.m.p.s.+1979, the+saint+1997, battle+for+terra+2007, changing+lanes+2002, dinoshark+2010, spaced+invaders+1990, phantoms+1998, melvin+and+howard+1980, exodus+1960, star+trek+ii+the+wrath+of+khan+1982, d.a.r.y.l.+1985, 541 ms"
"2022-02-08T19:17:06.849870,249971,recommendation request 17645-team17.isri.cmu.edu:8082, status 200, result: cry+freedom+1987, drop+zone+1994, the+new+age+1994, family+plot+1976, two+hands+1999, notting+hill+1999, p.s.+2004, the+other+side+of+the+mountain+1975, maze+2000, a+time+to+kill+1996, without+a+paddle+2004, taxi+2004, dead+reckoning+1947, wake+of+death+2004, the+brothers+2001, my+beautiful+laundrette+1985, white+palace+1990, junebug+2005, changing+lanes+2002, the+hitch-hiker+1953, 519 ms"
"2022-02-08T19:17:07.359914,267330,recommendation request 17645-team17.isri.cmu.edu:8082, status 200, result: switchback+1997, the+gauntlet+1977, sling+blade+1996, fuck+2005, summer+rental+1985, the+brothers+mcmullen+1995, lionheart+1990, the+mighty+1998, junebug+2005, changing+lanes+2002, juice+1992, the+brave+one+2007, scarface+1932, beyond+therapy+1987, juno+2007, my+one+and+only+2009, airport+1975+1974, they+made+me+a+criminal+1939, bulletproof+1996, the+survivors+1983, 307 ms"
"2022-02-08T19:17:07.294938,215844,recommendation request 17645-team17.isri.cmu.edu:8082, status 200, result: the+curse+of+the+were-rabbit+2005, dial+m+for+murder+1954, frozen+2013, in+the+mouth+of+madness+1994, turbo+2013, the+wrong+trousers+1993, shark+tale+2004, a+matter+of+loaf+and+death+2008, a+goofy+movie+1995, the+croods+2013, frenzy+1972, true+crime+1996, snow+dogs+2002, spirit+stallion+of+the+cimarron+2002, one+hundred+and+one+dalmatians+1961, tarzan+1999, the+sign+of+four+2001, domestic+disturbance+2001, toy+story+of+terror+2013, aladdin+1992, 229 ms"
"2022-02-08T19:17:07.447308,126621,recommendation request 17645-team17.isri.cmu.edu:8082, status 200, result: drop+zone+1994, rollerball+1975, robot+stories+2003, sleepers+1996, my+man+godfrey+1957, ed+1996, star+wars+episode+iii+-+revenge+of+the+sith+2005, p.s.+2004, the+other+side+of+the+mountain+1975, barbarosa+1982, without+a+paddle+2004, northfork+2003, wake+of+death+2004, planet+of+the+apes+2001, the+client+1994, changing+lanes+2002, last+night+1998, hopscotch+1980, high+sierra+1941, today+you+die+2005, 394 ms"
"2022-02-08T19:17:08.522368,199354,recommendation request 17645-team17.isri.cmu.edu:8082, status 200, result: eyewitness+1981, picture+perfect+1997, the+proprietor+1996, p.s.+2004, dont+move+2004, the+other+side+of+the+mountain+1975, maze+2000, lethal+weapon+3+1992, a+family+thing+1996, dick+tracy+1990, the+verdict+1982, where+the+heart+is+2000, patriot+games+1992, the+brothers+2001, albatross+2011, the+matrix+revolutions+2003, waiting+to+exhale+1995, juice+1992, crush+2001, the+brave+one+2007, 501 ms"
"2022-02-08T19:17:08.723474,183526,recommendation request 17645-team17.isri.cmu.edu:8082, status 200, result: switchback+1997, six+pack+1982, p.s.+2004, a+goofy+movie+1995, son+of+the+mask+2005, red+dawn+1984, a+family+thing+1996, freaky+friday+1976, harry+and+tonto+1974, guilty+as+sin+1993, topper+1937, winnie+the+pooh+2011, shes+having+a+baby+1988, the+living+daylights+1987, the+incredible+hulk+2008, the+women+2008, above+the+law+1988, the+man+who+knew+too+much+1956, the+emperors+new+groove+2000, ratatouille+2007, 709 ms"
"2022-02-08T19:17:08.810091,20251,recommendation request 17645-team17.isri.cmu.edu:8082, status 200, result: drop+zone+1994, rollerball+1975, ed+1996, p.s.+2004, courage+under+fire+1996, the+country+bears+2002, snow+dogs+2002, big+hero+6+2014, maze+2000, edward+scissorhands+1990, casper+1995, the+verdict+1982, four+brothers+2005, the+brothers+2001, jurassic+park+1993, beyond+the+sea+2004, island+2011, crush+2001, hook+1991, untitled+2009, 782 ms"
"2022-02-08T19:17:08.872451,64149,recommendation request 17645-team17.isri.cmu.edu:8082, status 0, result: java.util.concurrent.TimeoutException: Request timeout to 17645-team17.isri.cmu.edu/128.2.205.118:8082 after 800 ms, 847 ms"
"2022-02-08T19:17:08.879919,119872,recommendation request 17645-team17.isri.cmu.edu:8082, status 200, result: about+last+night...+1986, sleepers+1996, p.s.+2004, a+goofy+movie+1995, the+other+side+of+the+mountain+1975, maze+2000, snow+dogs+2002, flashdance+1983, detective+story+1951, forrest+gump+1994, fulltime+killer+2001, in+too+deep+1999, love+story+1970, hackers+1995, cars+2+2011, an+education+2009, shes+having+a+baby+1988, crush+2001, side+out+1990, jennifer+eight+1992, 805 ms"
"2022-02-08T19:17:08.876418,201337,recommendation request 17645-team17.isri.cmu.edu:8082, status 0, result: java.util.concurrent.TimeoutException: Request timeout to 17645-team17.isri.cmu.edu/128.2.205.118:8082 after 800 ms, 855 ms"
"2022-02-08T19:17:08.891232,67473,recommendation request 17645-team17.isri.cmu.edu:8082, status 200, result: man+of+the+year+2006, the+westerner+1940, dark+city+1950, ed+1996, the+snowman+1982, p.s.+2004, carnosaur+2+1995, barbarosa+1982, the+country+bears+2002, snow+dogs+2002, code+of+silence+1985, kiss+the+girls+1997, freaky+friday+1976, cabin+boy+1994, nims+island+2008, detective+story+1951, oz+the+great+and+powerful+2013, phoenix+1998, the+wizard+1989, time+bandits+1981, 832 ms"
"2022-02-08T19:17:08.901138,73768,recommendation request 17645-team17.isri.cmu.edu:8082, status 200, result: mickeys+once+upon+a+christmas+1999, barbershop+2002, the+snowman+1982, rancho+deluxe+1975, james+and+the+giant+peach+1996, a+goofy+movie+1995, the+warriors+way+2010, walle+2008, barbarosa+1982, the+other+side+of+the+mountain+1975, big+hero+6+2014, chicken+run+2000, another+thin+man+1939, moving+1988, harry+and+tonto+1974, lightning+jack+1994, cars+2+2011, junebug+2005, conan+the+barbarian+1982, the+women+2008, 832 ms"
"2022-02-08T19:17:09.409210,31407,recommendation request 17645-team17.isri.cmu.edu:8082, status 200, result: cry+freedom+1987, rollerball+1975, p.s.+2004, the+other+side+of+the+mountain+1975, maze+2000, vision+quest+1985, a+little+princess+1995, ice+castles+1978, the+witches+of+eastwick+1987, the+letter+1940, planet+of+the+apes+2001, the+brothers+2001, patriot+games+1992, winnie+the+pooh+2011, juice+1992, crush+2001, from+here+to+eternity+1953, ali+2001, breakdown+1997, the+loves+of+carmen+1948, 378 ms"
"2022-02-08T19:17:09.483369,305884,recommendation request 17645-team17.isri.cmu.edu:8082, status 200, result: cazuza+time+doesnt+stop+2004, p.s.+2004, red+dawn+1984, our+song+2000, my+life+without+me+2003, nothing+to+lose+1994, behind+the+sun+2001, fuck+2005, a+family+thing+1996, ira++abby+2006, the+white+sheik+1952, junebug+2005, island+2011, from+here+to+eternity+1953, ali+2001, the+tree+of+life+2011, outrage+2009, my+one+and+only+2009, spasmo+1974, snakes+on+a+plane+2006, 452 ms"
"2022-02-08T19:17:09.483085,112966,recommendation request 17645-team17.isri.cmu.edu:8082, status 200, result: my+man+godfrey+1957, ed+1996, the+snowman+1982, the+conspiracy+2012, childs+play+3+1991, return+of+the+fly+1959, solomon+kane+2009, carnosaur+2+1995, walle+2008, casper+1995, psycho+1998, one+man+band+2005, jaws+3-d+1983, working+girl+1988, macabre+1958, jurassic+park+1993, the+serpent+and+the+rainbow+1988, junebug+2005, eragon+2006, conan+the+barbarian+1982, 458 ms"
"2022-02-08T19:17:09.492348,262134,recommendation request 17645-team17.isri.cmu.edu:8082, status 200, result: shampoo+1975, wreck-it+ralph+2012, rollerball+1975, p.s.+2004, a+goofy+movie+1995, light+it+up+1999, maze+2000, in+the+line+of+fire+1993, birdy+1984, the+verdict+1982, dead+reckoning+1947, harem+1985, the+brothers+2001, crush+2001, the+incredible+hulk+2008, eight+men+out+1988, 10th++wolf+2006, untitled+2009, dugs+special+mission+2009, ratatouille+2007, 460 ms"
"2022-02-08T19:17:10.500064,179066,recommendation request 17645-team17.isri.cmu.edu:8082, status 200, result: curdled+1996, bill+cosby+himself+1983, the+conspiracy+2012, p.s.+2004, true+crime+1996, thank+you+for+smoking+2005, analyze+this+1999, the+hound+of+the+baskervilles+1978, freaky+friday+1976, the+brothers+mcmullen+1995, moving+1988, junebug+2005, the+hitch-hiker+1953, have+rocket_+will+travel+1959, mobsters+1991, body+double+1984, scary+movie+5+2013, beyond+therapy+1987, shes+out+of+my+league+2010, juno+2007, 413 ms"
"2022-02-08T19:17:11.448051,112578,recommendation request 17645-team17.isri.cmu.edu:8082, status 200, result: rollerball+1975, top+secret+1984, mary+poppins+1964, the+house+of+yes+1997, star+wars+episode+iii+-+revenge+of+the+sith+2005, the+other+side+of+the+mountain+1975, the+addams+family+1991, freaky+friday+1976, a+little+princess+1995, birdy+1984, ice+castles+1978, harem+1985, planet+of+the+apes+2001, the+mighty+1998, desk+set+1957, out+to+sea+1997, from+here+to+eternity+1953, ali+2001, hook+1991, eight+men+out+1988, 359 ms"
"2022-02-08T19:17:11.481831,20022,recommendation request 17645-team17.isri.cmu.edu:8082, status 200, result: eyewitness+1981, the+avengers+1998, dreamgirls+2006, punchline+1988, the+conspiracy+2012, sling+blade+1996, frenzy+1972, true+crime+1996, walle+2008, courage+under+fire+1996, incognito+1997, the+beverly+hillbillies+1993, analyze+that+2002, albatross+2011, macabre+1958, the+mighty+1998, cars+2+2011, people+like+us+2012, the+brave+one+2007, the+fury+1978, 421 ms"
"2022-02-08T19:17:11.469469,21493,recommendation request 17645-team17.isri.cmu.edu:8082, status 200, result: arranged+2007, top+secret+1984, bossa+nova+2000, dark+alibi+1946, ed+1996, frenzy+1972, p.s.+2004, the+wash+2001, the+addams+family+1991, maze+2000, the+way+2010, a+little+princess+1995, nims+island+2008, casper+1995, big+trouble+2002, blood_+guts_+bullets+and+octane+1998, masterminds+1997, harem+1985, the+brothers+2001, jurassic+park+1993, 378 ms"
"2022-02-08T19:17:11.501600,292600,recommendation request 17645-team17.isri.cmu.edu:8082, status 200, result: remember+me+2010, step+up+revolution+2012, cry+freedom+1987, the+border+1982, missing+1982, loving+you+1957, p.s.+2004, the+promise+2005, maze+2000, a+time+to+kill+1996, prince+of+persia+the+sands+of+time+2010, flash+of+genius+2008, fantastic+4+rise+of+the+silver+surfer+2007, phoenix+1998, the+brothers+2001, cherrybomb+2009, island+2011, crush+2001, untitled+2009, high+sierra+1941, 411 ms"
"2022-02-08T19:17:12.431998,184625,recommendation request 17645-team17.isri.cmu.edu:8082, status 200, result: shampoo+1975, curdled+1996, drop+zone+1994, the+boy+who+could+fly+1986, mary+poppins+1964, the+red+shoes+1948, 8+seconds+1994, sling+blade+1996, i+like+it+like+that+1994, p.s.+2004, dont+move+2004, the+other+side+of+the+mountain+1975, the+addams+family+1991, vision+quest+1985, freaky+friday+1976, a+little+princess+1995, northfork+2003, random+hearts+1999, love+story+1970, the+witches+of+eastwick+1987, 377 ms"
"2022-02-08T19:17:12.454663,180465,recommendation request 17645-team17.isri.cmu.edu:8082, status 200, result: the+girl+next+door+2004, drop+zone+1994, bill+cosby+himself+1983, top+secret+1984, streets+of+fire+1984, the+addams+family+1991, the+andromeda+strain+1971, a+family+thing+1996, a+little+princess+1995, inception+2010, johnny+english+2003, lionheart+1990, wake+of+death+2004, junebug+2005, hollywood+sex+wars+2011, yours_+mine+and+ours+1968, bridesmaids+2011, unfinished+business+2015, beyond+therapy+1987, hook+1991, 423 ms"
"2022-02-08T19:17:12.370579,174054,recommendation request 17645-team17.isri.cmu.edu:8082, status 200, result: down+periscope+1996, rumble+in+the+bronx+1995, rhinestone+1984, intersection+1994, picture+perfect+1997, who+am+i+1998, loving+you+1957, horse+feathers+1932, how+i+won+the+war+1967, barbarosa+1982, never+again+2002, midnight+1939, the+matrix+reloaded+2003, i+do+2006, bean+1997, inception+2010, gentlemen+prefer+blondes+1953, masterminds+1997, shopping+1994, the+man+with+one+red+shoe+1985, 344 ms"
"2022-02-08T19:17:12.449696,56750,recommendation request 17645-team17.isri.cmu.edu:8082, status 200, result: the+cat+in+the+hat+2003, mickeys+once+upon+a+christmas+1999, mary+poppins+1964, ed+1996, a+goofy+movie+1995, frenzy+1972, crossroads+2002, true+crime+1996, the+country+bears+2002, snow+dogs+2002, big+hero+6+2014, p.s.+2004, sleeping+beauty+1959, freaky+friday+1976, the+addams+family+1991, a+family+thing+1996, gumby+the+movie+1995, how+the+grinch+stole+christmas+2000, shes+having+a+baby+1988, hook+1991, 413 ms"
"2022-02-08T19:17:13.636144,199960,recommendation request 17645-team17.isri.cmu.edu:8082, status 200, result: mary+poppins+1964, p.s.+2004, frenzy+1972, son+of+the+mask+2005, courage+under+fire+1996, deep+rising+1998, true+crime+1996, the+addams+family+1991, rambo+first+blood+part+ii+1985, vision+quest+1985, freaky+friday+1976, a+little+princess+1995, the+witches+of+eastwick+1987, topper+1937, winnie+the+pooh+2011, shes+having+a+baby+1988, island+2011, the+women+2008, dinoshark+2010, today+you+die+2005, 570 ms"
"2022-02-08T19:17:13.690654,53624,recommendation request 17645-team17.isri.cmu.edu:8082, status 200, result: sullivans+travels+1941, the+outlaw+josey+wales+1976, mickeys+once+upon+a+christmas+1999, be+kind+rewind+2008, a+chinese+ghost+story+ii+1990, the+mighty+peking+man+1977, agnes+of+god+1985, six+pack+1982, american+pimp+1999, last+holiday+2006, the+promise+2005, without+a+paddle+2004, fuck+2005, psycho+1998, big+jake+1971, unforgiven+1992, jurassic+park+1993, junebug+2005, the+story+of+xinghua+1994, my+one+and+only+2009, 630 ms"
"2022-02-08T19:17:13.714349,198341,recommendation request 17645-team17.isri.cmu.edu:8082, status 200, result: drop+zone+1994, bossa+nova+2000, switchback+1997, the+gauntlet+1977, lockout+2012, the+snowman+1982, notting+hill+1999, cookie+1989, p.s.+2004, maze+2000, spirit+stallion+of+the+cimarron+2002, a+time+to+kill+1996, a+family+thing+1996, he+died+with+a+felafel+in+his+hand+2001, the+way+2010, haywire+2011, the+saint+1997, money+train+1995, the+brothers+2001, i+am+a+sex+addict+2005, 647 ms"
"2022-02-08T19:17:13.714485,108742,recommendation request 17645-team17.isri.cmu.edu:8082, status 200, result: replicant+2001, cry+freedom+1987, sleepers+1996, rio+bravo+1959, changeling+2008, pitch+black+2000, fulltime+killer+2001, in+too+deep+1999, hackers+1995, from+dusk+till+dawn+1996, mighty+aphrodite+1995, conan+the+barbarian+1982, 7+seconds+2005, made+of+honor+2008, ruby++quentin+2003, airport+1975+1974, dungeons++dragons+2000, bulletproof+1996, pale+rider+1985, no+mercy+1986, 653 ms"
"2022-02-08T19:17:13.714462,962,recommendation request 17645-team17.isri.cmu.edu:8082, status 200, result: the+nest+2002, what+doesnt+kill+you+2008, the+dresser+1983, 8+seconds+1994, the+conspiracy+2012, a+very+harold++kumar+christmas+2011, son+of+the+mask+2005, parker+2013, spirit+stallion+of+the+cimarron+2002, caveman+1981, the+rage+carrie+2+1999, johnny+english+2003, chicken+run+2000, a+patch+of+blue+1965, albatross+2011, macabre+1958, serial+1980, rush+hour+3+2007, junebug+2005, the+women+2008, 644 ms"
"2022-02-08T19:17:13.714500,215160,recommendation request 17645-team17.isri.cmu.edu:8082, status 200, result: the+five+senses+1999, barbershop+2002, werewolves+on+wheels+1971, red+dawn+1984, another+thin+man+1939, the+letter+1940, beneath+the+planet+of+the+apes+1970, junebug+2005, my+one+and+only+2009, private+lives+1931, babes+in+toyland+1934, snakes+on+a+plane+2006, d.a.r.y.l.+1985, mumford+1999, up+at+the+villa+2000, kings+row+1942, its+pat+1994, star+trek+iv+the+voyage+home+1986, them+1954, stuck+2007, 626 ms"
"2022-02-08T19:17:14.416170,139969,recommendation request 17645-team17.isri.cmu.edu:8082, status 200, result: shampoo+1975, cry+freedom+1987, what+doesnt+kill+you+2008, barbershop+2002, about+last+night...+1986, rancho+deluxe+1975, city+slickers+1991, p.s.+2004, true+crime+1996, frenzy+1972, the+other+side+of+the+mountain+1975, maze+2000, barbarosa+1982, dead+of+night+1945, a+time+to+kill+1996, made+in+u.s.a+1966, cabin+boy+1994, another+thin+man+1939, the+island+1980, crush+2001, 326 ms"
"2022-02-08T19:17:14.421104,174026,recommendation request 17645-team17.isri.cmu.edu:8082, status 200, result: eyewitness+1981, miracle+2004, die+hard+1988, gotcha+1985, rapid+fire+1992, frenzy+1972, that+was+then...+this+is+now+1985, evita+1996, the+andromeda+strain+1971, birdy+1984, the+crucible+1996, cromwell+1970, joan+of+arc+1999, the+abyss+1989, psycho+1998, the+truth+about+charlie+2002, the+scarlet+letter+1995, harem+1985, titanic+1997, modesty+blaise+1966, 296 ms"
"2022-02-08T19:17:14.442014,161602,recommendation request 17645-team17.isri.cmu.edu:8082, status 200, result: rollerball+1975, sleepers+1996, star+wars+episode+iii+-+revenge+of+the+sith+2005, detective+story+1951, z+1969, fulltime+killer+2001, in+too+deep+1999, the+lawless+heart+2002, bully+2011, sanjuro+1962, hackers+1995, junebug+2005, mobsters+1991, island+2011, of+human+bondage+1934, from+the+hip+1987, juno+2007, my+one+and+only+2009, jennifer+eight+1992, breakfast+on+pluto+2005, 332 ms"
"2022-02-08T19:17:14.457564,6702,recommendation request 17645-team17.isri.cmu.edu:8082, status 200, result: rollerball+1975, mary+poppins+1964, the+dresser+1983, the+proprietor+1996, star+wars+episode+iii+-+revenge+of+the+sith+2005, frenzy+1972, how+i+won+the+war+1967, the+andromeda+strain+1971, freaky+friday+1976, lifeboat+1944, psycho+1998, planet+of+the+apes+2001, malice+1993, albatross+2011, platoon+1986, in+harms+way+1965, six+weeks+1982, hook+1991, above+the+law+1988, bingo+1991, 352 ms"
"2022-02-08T19:17:15.612301,236958,recommendation request 17645-team17.isri.cmu.edu:8082, status 200, result: drop+zone+1994, brimstone++treacle+1982, another+thin+man+1939, apocalypto+2006, phoenix+1998, junebug+2005, juice+1992, island+2011, the+women+2008, above+the+law+1988, my+one+and+only+2009, spasmo+1974, the+thin+man+goes+home+1945, the+ring+two+2005, homicidal+1961, matine+1977, company+business+1991, lassie+1994, the+hunter+1980, the+january+man+1989, 529 ms"
"2022-02-08T19:17:15.673437,27319,recommendation request 17645-team17.isri.cmu.edu:8082, status 200, result: eyewitness+1981, the+conspiracy+2012, p.s.+2004, the+other+side+of+the+mountain+1975, maze+2000, vision+quest+1985, big+trouble+2002, the+next+karate+kid+1994, planet+of+the+apes+2001, macabre+1958, warriors+of+heaven+and+earth+2003, crush+2001, above+the+law+1988, azumi+2003, today+you+die+2005, lassie+2005, letters+from+iwo+jima+2006, little+murders+1971, the+hidden+fortress+1958, benji+1974, 589 ms"
"2022-02-08T19:17:15.715758,28560,recommendation request 17645-team17.isri.cmu.edu:8082, status 200, result: lethal+weapon+3+1992, detective+story+1951, the+godfather+part+iii+1990, the+matrix+revolutions+2003, jurassic+park+1993, shes+having+a+baby+1988, warriors+of+heaven+and+earth+2003, conan+the+barbarian+1982, the+brave+one+2007, above+the+law+1988, azumi+2003, today+you+die+2005, jennifer+eight+1992, dungeons++dragons+2000, the+hidden+fortress+1958, exodus+1960, captain+horatio+hornblower+r.n.+1951, beyond+the+poseidon+adventure+1979, heaven++earth+1993, kagemusha+1980, 620 ms"
"2022-02-08T19:17:15.827316,41195,recommendation request 17645-team17.isri.cmu.edu:8082, status 200, result: shampoo+1975, barbershop+2002, p.s.+2004, the+other+side+of+the+mountain+1975, maze+2000, normal+life+1996, birdy+1984, forrest+gump+1994, another+thin+man+1939, random+hearts+1999, love+story+1970, iris+2001, the+brothers+2001, for+keeps+1988, an+education+2009, shes+having+a+baby+1988, bottle+rocket+1996, junebug+2005, crush+2001, heartbreakers+2001, 740 ms"
"2022-02-08T19:17:15.830831,8094,recommendation request 17645-team17.isri.cmu.edu:8082, status 200, result: rollerball+1975, six+pack+1982, p.s.+2004, the+other+side+of+the+mountain+1975, maze+2000, a+family+thing+1996, dont+tell+her+its+me+1990, ice+castles+1978, harry+and+tonto+1974, planet+of+the+apes+2001, the+brothers+2001, a+man+and+a+woman+1966, the+mighty+1998, desk+set+1957, out+to+sea+1997, shes+having+a+baby+1988, crush+2001, from+here+to+eternity+1953, ali+2001, the+women+2008, 731 ms"
"2022-02-08T19:17:15.846889,54576,recommendation request 17645-team17.isri.cmu.edu:8082, status 200, result: the+glimmer+man+1996, the+last+of+the+mohicans+1992, p.s.+2004, a+goofy+movie+1995, son+of+the+mask+2005, courage+under+fire+1996, under+siege+1992, maze+2000, a+time+to+kill+1996, freaky+friday+1976, forrest+gump+1994, topper+1937, the+brothers+2001, for+keeps+1988, on+deadly+ground+1994, shes+having+a+baby+1988, island+2011, from+here+to+eternity+1953, the+incredible+hulk+2008, the+women+2008, 742 ms"
"2022-02-08T19:17:15.849863,122650,recommendation request 17645-team17.isri.cmu.edu:8082, status 200, result: gleaming+the+cube+1989, cry+freedom+1987, the+avengers+1998, the+gauntlet+1977, raging+bull+1980, the+wash+2001, parker+2013, detective+story+1951, grand+canyon+1991, the+verdict+1982, the+letter+1940, a+patch+of+blue+1965, beneath+the+planet+of+the+apes+1970, on+deadly+ground+1994, junebug+2005, mobsters+1991, romeo+and+juliet+1936, above+the+law+1988, 7+seconds+2005, h.m.+pulham_+esq.+1941, 749 ms"
"2022-02-08T19:17:16.389312,20814,recommendation request 17645-team17.isri.cmu.edu:8082, status 200, result: cry+freedom+1987, forbidden+zone+1980, the+gauntlet+1977, major+league+ii+1994, p.s.+2004, pitch+black+2000, gumby+the+movie+1995, moving+1988, the+island+1980, the+yakuza+1974, the+matrix+revolutions+2003, skinwalkers+2006, conan+the+barbarian+1982, king+kong+lives+1986, dragon+ball+z+the+tree+of+might+1990, lifted+2006, the+brave+one+2007, pumpkinhead+1988, an+american+carol+2008, rumble+fish+1983, 360 ms"
"2022-02-08T19:17:16.457460,20114,recommendation request 17645-team17.isri.cmu.edu:8082, status 200, result: dead+of+winter+1987, drop+zone+1994, rollerball+1975, lifeboat+1944, the+last+legion+2007, ice+castles+1978, dead+reckoning+1947, the+island+1980, harem+1985, malice+1993, planet+of+the+apes+2001, albatross+2011, four+brothers+2005, kull+the+conqueror+1997, island+2011, days+of+glory+1944, conan+the+destroyer+1984, firestarter+1984, the+thin+man+goes+home+1945, down+in+the+delta+1998, 426 ms"
"2022-02-08T19:17:16.491883,237127,recommendation request 17645-team17.isri.cmu.edu:8082, status 200, result: the+new+age+1994, six+pack+1982, the+house+of+yes+1997, 8+seconds+1994, notting+hill+1999, p.s.+2004, a+goofy+movie+1995, maze+2000, light+it+up+1999, analyze+this+1999, a+family+thing+1996, wildcats+1986, father+of+the+bride+1991, cabin+boy+1994, freaky+friday+1976, moving+1988, harry+and+tonto+1974, the+brothers+2001, a+man+and+a+woman+1966, the+mighty+1998, 461 ms"
"2022-02-08T19:17:17.462304,192344,recommendation request 17645-team17.isri.cmu.edu:8082, status 200, result: blank+check+1994, the+prestige+2006, ed+1996, now+you+see+him_+now+you+dont+1972, lured+1947, hearts+in+atlantis+2001, that+was+then...+this+is+now+1985, the+big+sleep+1946, the+last+minute+2001, the+barefoot+executive+1971, a+family+thing+1996, a+mighty+wind+2003, eye+for+an+eye+1996, superstar+1999, mousehunt+1997, the+quiet+2005, blow+out+1981, and+then+there+were+none+1945, the+mighty+1998, frantic+1988, 435 ms"
"2022-02-08T19:17:17.511640,170552,recommendation request 17645-team17.isri.cmu.edu:8082, status 200, result: nothing+but+trouble+1991, oh_+god+1977, p.s.+2004, missing+1982, mystery_+alaska+1999, maze+2000, nims+island+2008, a+little+princess+1995, one+eight+seven+1997, guilty+as+sin+1993, paparazzi+2004, the+yakuza+1974, beyond+the+sea+2004, juice+1992, island+2011, crush+2001, the+fury+1978, dinoshark+2010, bingo+1991, benji+1974, 485 ms"
"2022-02-08T19:17:17.523815,109772,recommendation request 17645-team17.isri.cmu.edu:8082, status 200, result: switchback+1997, rollerball+1975, robot+stories+2003, about+last+night...+1986, my+man+godfrey+1957, ed+1996, p.s.+2004, a+goofy+movie+1995, barbarosa+1982, maze+2000, northfork+2003, dollars+1971, lionheart+1990, planet+of+the+apes+2001, the+mighty+1998, crush+2001, have+rocket_+will+travel+1959, last+night+1998, side+out+1990, millions+2005, 438 ms"
"2022-02-08T19:17:18.402227,61253,recommendation request 17645-team17.isri.cmu.edu:8082, status 200, result: shampoo+1975, bill+cosby+himself+1983, melody+time+1948, mary+poppins+1964, punchline+1988, the+conspiracy+2012, a+goofy+movie+1995, the+addams+family+1991, the+aristocats+1970, freaky+friday+1976, taxi+2004, saludos+amigos+1942, fabled+2002, macabre+1958, junebug+2005, some+days+are+better+than+others+2011, flowers+in+the+attic+1987, his+girl+friday+1940, beyond+therapy+1987, my+one+and+only+2009, 330 ms"
"2022-02-08T19:17:18.491094,134593,recommendation request 17645-team17.isri.cmu.edu:8082, status 200, result: dead+of+winter+1987, cry+freedom+1987, the+five+senses+1999, robot+stories+2003, raging+bull+1980, leaving+normal+1992, rain+man+1988, the+other+side+of+the+mountain+1975, a+time+to+kill+1996, a+family+thing+1996, ice+castles+1978, the+letter+1940, the+yakuza+1974, wuthering+heights+1970, m.+butterfly+1993, ali+2001, last+night+1998, from+the+hip+1987, the+loves+of+carmen+1948, the+thin+man+goes+home+1945, 478 ms"
"2022-02-08T19:17:18.535747,115216,recommendation request 17645-team17.isri.cmu.edu:8082, status 200, result: black+beauty+1994, the+cat+in+the+hat+2003, rollerball+1975, the+five+senses+1999, mickeys+once+upon+a+christmas+1999, viva+zapata+1952, ed+1996, raging+bull+1980, star+wars+episode+iii+-+revenge+of+the+sith+2005, p.s.+2004, true+crime+1996, the+next+three+days+2010, casper+1995, chicken+run+2000, babe+pig+in+the+city+1998, the+devils+1971, planet+of+the+apes+2001, the+yakuza+1974, how+the+grinch+stole+christmas+2000, gravity+2013, 503 ms"
"2022-02-08T19:17:19.406635,170878,recommendation request 17645-team17.isri.cmu.edu:8082, status 200, result: rollerball+1975, dark+city+1950, intersection+1994, missing+1982, mystery_+alaska+1999, the+other+side+of+the+mountain+1975, tap+1989, one+eight+seven+1997, guilty+as+sin+1993, planet+of+the+apes+2001, patriot+games+1992, the+matrix+revolutions+2003, juice+1992, island+2011, the+incredible+hulk+2008, the+brave+one+2007, the+soldier+1982, no+mercy+1986, edge+of+tomorrow+2014, get+real+1998, 346 ms"
"2022-02-08T19:17:19.406455,196486,recommendation request 17645-team17.isri.cmu.edu:8082, status 200, result: narc+2002, cry+freedom+1987, the+five+senses+1999, the+three+brothers+1995, rollerball+1975, funny+felix+2000, drop+zone+1994, 8+seconds+1994, the+proprietor+1996, switchback+1997, without+a+paddle+2004, bean+1997, the+island+1980, the+italian+2010, planet+of+the+apes+2001, beyond+the+sea+2004, changing+lanes+2002, island+2011, bloodsport+ii+1996, rumble+fish+1983, 397 ms"
"2022-02-08T19:17:19.446006,166457,recommendation request 17645-team17.isri.cmu.edu:8082, status 200, result: curdled+1996, bill+cosby+himself+1983, 8+seconds+1994, the+proprietor+1996, identity+2003, brimstone++treacle+1982, beyond+2010, the+letter+1940, albatross+2011, we+are+the+best+2013, beyond+the+sea+2004, junebug+2005, the+hitch-hiker+1953, mobsters+1991, six+weeks+1982, beyond+therapy+1987, my+one+and+only+2009, the+idolmaker+1980, the+giant+of+marathon+1959, down+in+the+delta+1998, 382 ms"
"2022-02-08T19:17:20.383166,299866,recommendation request 17645-team17.isri.cmu.edu:8082, status 200, result: the+five+senses+1999, the+last+of+the+mohicans+1992, raging+bull+1980, intersection+1994, loving+you+1957, horse+feathers+1932, that+was+then...+this+is+now+1985, east+of+eden+1955, contempt+1963, midnight+1939, flashdance+1983, northfork+2003, footloose+1984, excision+2012, holiday+inn+1942, gravity+2013, another+earth+2011, beyond+the+sea+2004, serial+1980, the+boogens+1981, 281 ms"
"2022-02-08T19:17:20.430347,201609,recommendation request 17645-team17.isri.cmu.edu:8082, status 200, result: the+perfect+score+2004, sling+blade+1996, a+goofy+movie+1995, red+dawn+1984, vision+quest+1985, freaky+friday+1976, a+little+princess+1995, the+witches+of+eastwick+1987, guilty+as+sin+1993, patriot+games+1992, the+mighty+1998, the+longest+yard+1974, winnie+the+pooh+2011, shes+having+a+baby+1988, juice+1992, island+2011, proof+2005, the+incredible+hulk+2008, the+living+daylights+1987, breakdown+1997, 344 ms"
"2022-02-08T19:17:21.540893,242828,recommendation request 17645-team17.isri.cmu.edu:8082, status 200, result: punchline+1988, the+sting+1973, that+was+then...+this+is+now+1985, k-9+1989, star+trek+insurrection+1998, the+lords+of+flatbush+1974, the+river+1951, 21+2008, star+trek+iii+the+search+for+spock+1984, star+wars+1977, multiplicity+1996, 28+days+2000, you+and+i+2006, beneath+the+planet+of+the+apes+1970, hotel+transylvania+2012, shrek+the+halls+2007, millions+2005, petes+dragon+1977, his+girl+friday+1940, leprechaun+2+1994, 420 ms"
"2022-02-08T19:17:21.590030,248648,recommendation request 17645-team17.isri.cmu.edu:8082, status 200, result: cry+freedom+1987, the+magnificent+ambersons+1942, frenzy+1972, true+crime+1996, the+sting+1973, that+was+then...+this+is+now+1985, the+last+minute+2001, gods+not+dead+2014, the+hound+of+the+baskervilles+1978, scream+4+2011, murder_+my+sweet+1944, kicked+in+the+head+1997, sonny+2002, a+double+life+1947, island+2011, laura+1944, body+double+1984, of+human+bondage+1934, saw+2004, the+seventh+victim+1943, 476 ms"
"2022-02-08T19:17:21.599511,260739,recommendation request 17645-team17.isri.cmu.edu:8082, status 200, result: rollerball+1975, arranged+2007, edmond+2005, the+wood+1999, sleepers+1996, sling+blade+1996, the+lucky+ones+2008, true+crime+1996, carnosaur+2+1995, light+it+up+1999, a+little+princess+1995, pitch+black+2000, big+trouble+2002, public+access+1993, blood_+guts_+bullets+and+octane+1998, masterminds+1997, malice+1993, planet+of+the+apes+2001, fabled+2002, the+mighty+1998, 496 ms"
"2022-02-08T19:17:21.636271,262984,recommendation request 17645-team17.isri.cmu.edu:8082, status 200, result: drop+zone+1994, switchback+1997, the+new+age+1994, true+crime+1996, a+time+to+kill+1996, the+hound+of+the+baskervilles+1978, phoenix+1998, the+lawless+heart+2002, the+yakuza+1974, the+client+1994, junebug+2005, body+double+1984, island+2011, juno+2007, my+one+and+only+2009, spasmo+1974, they+made+me+a+criminal+1939, the+faculty+1998, the+allnighter+1987, house+of+wax+1953, 513 ms"
"2022-02-08T19:17:21.653860,152248,recommendation request 17645-team17.isri.cmu.edu:8082, status 200, result: north+by+northwest+1959, intersection+1994, the+snowman+1982, the+warriors+way+2010, around+the+bend+2004, the+andromeda+strain+1971, nims+island+2008, the+flying+saucer+1950, spy+kids+3-d+game+over+2003, babe+pig+in+the+city+1998, the+water+horse+2007, 9+2005, a+man+and+a+woman+1966, another+earth+2011, beyond+the+sea+2004, time+bandits+1981, conan+the+barbarian+1982, side+out+1990, hook+1991, escape+from+the+planet+of+the+apes+1971, 534 ms"
"2022-02-08T19:17:21.655493,150958,recommendation request 17645-team17.isri.cmu.edu:8082, status 200, result: eyewitness+1981, curdled+1996, mary+poppins+1964, a+goofy+movie+1995, red+dawn+1984, the+addams+family+1991, vision+quest+1985, freaky+friday+1976, a+little+princess+1995, the+witches+of+eastwick+1987, patriot+games+1992, winnie+the+pooh+2011, the+hitch-hiker+1953, juice+1992, the+living+daylights+1987, mobsters+1991, breakdown+1997, above+the+law+1988, hopscotch+1980, the+emperors+new+groove+2000, 534 ms"
"2022-02-08T19:17:22.597414,142098,recommendation request 17645-team17.isri.cmu.edu:8082, status 200, result: the+mighty+ducks+1992, wreck-it+ralph+2012, paranorman+2012, intersection+1994, now+you+see+him_+now+you+dont+1972, bride+of+the+wind+2001, the+amazing+spider-man+2012, the+golden+voyage+of+sinbad+1973, a+goofy+movie+1995, loving+you+1957, that+was+then...+this+is+now+1985, east+of+eden+1955, macgruber+2010, a+family+thing+1996, one+hundred+and+one+dalmatians+1961, footloose+1984, holiday+inn+1942, the+mighty+1998, yours_+mine+and+ours+1968, fearless+1993, 488 ms"
"2022-02-08T19:17:22.574151,102023,recommendation request 17645-team17.isri.cmu.edu:8082, status 200, result: eyewitness+1981, rollerball+1975, the+dresser+1983, star+wars+episode+iii+-+revenge+of+the+sith+2005, flashdance+1983, forrest+gump+1994, casper+1995, phoenix+1998, planet+of+the+apes+2001, albatross+2011, fabled+2002, stonewall+1995, junebug+2005, shes+having+a+baby+1988, island+2011, the+incredible+hulk+2008, the+hot+spot+1990, six+weeks+1982, hook+1991, my+one+and+only+2009, 486 ms"
"2022-02-08T19:17:22.678301,184799,recommendation request 17645-team17.isri.cmu.edu:8082, status 200, result: american+virgin+2000, eyewitness+1981, drop+zone+1994, the+five+senses+1999, and+now...+ladies+and+gentlemen...+2002, p.s.+2004, the+other+side+of+the+mountain+1975, maze+2000, without+a+paddle+2004, a+family+thing+1996, dont+say+a+word+2001, apocalypto+2006, wake+of+death+2004, joy+ride+2001, the+brothers+2001, changing+lanes+2002, island+2011, crush+2001, mobsters+1991, above+the+law+1988, 523 ms"
"2022-02-08T19:17:22.738630,37801,recommendation request 17645-team17.isri.cmu.edu:8082, status 200, result: gleaming+the+cube+1989, drop+zone+1994, rollerball+1975, the+last+of+the+mohicans+1992, star+wars+episode+iii+-+revenge+of+the+sith+2005, missing+1982, cookie+1989, mystery_+alaska+1999, without+a+paddle+2004, grand+canyon+1991, the+verdict+1982, one+eight+seven+1997, guilty+as+sin+1993, planet+of+the+apes+2001, changing+lanes+2002, island+2011, a+knights+tale+2001, little+murders+1971, beyond+the+poseidon+adventure+1979, divergent+2014, 590 ms"
"2022-02-08T19:17:23.364084,304369,recommendation request 17645-team17.isri.cmu.edu:8082, status 200, result: arranged+2007, the+bounty+1984, mary+poppins+1964, doc+hollywood+1991, red+dawn+1984, nothing+to+lose+1994, the+addams+family+1991, a+family+thing+1996, freaky+friday+1976, big+trouble+2002, moving+1988, blood_+guts_+bullets+and+octane+1998, masterminds+1997, patriot+games+1992, albatross+2011, a+man+and+a+woman+1966, changing+lanes+2002, juice+1992, from+here+to+eternity+1953, side+out+1990, 271 ms"
"2022-02-08T19:17:23.432530,298327,recommendation request 17645-team17.isri.cmu.edu:8082, status 200, result: shampoo+1975, punchline+1988, 28+weeks+later+2007, p.s.+2004, maze+2000, the+andromeda+strain+1971, cabin+boy+1994, prince+of+persia+the+sands+of+time+2010, the+flying+saucer+1950, wargames+1983, junebug+2005, desk+set+1957, changing+lanes+2002, juice+1992, crush+2001, his+girl+friday+1940, my+one+and+only+2009, bingo+1991, every+which+way+but+loose+1978, fire+down+below+1997, 327 ms"
"2022-02-08T19:17:23.438525,224806,recommendation request 17645-team17.isri.cmu.edu:8082, status 200, result: american+virgin+2000, black+beauty+1994, drop+zone+1994, changeling+2008, the+dance+of+reality+2013, nims+island+2008, the+beverly+hillbillies+1993, the+social+network+2010, dead+reckoning+1947, the+saint+1997, desk+set+1957, changing+lanes+2002, conan+the+barbarian+1982, above+the+law+1988, eating+raoul+1982, an+american+werewolf+in+paris+1997, jonah+hex+2010, dungeons++dragons+2000, little+murders+1971, silverado+1985, 342 ms"
"2022-02-08T19:17:24.473133,154484,recommendation request 17645-team17.isri.cmu.edu:8082, status 200, result: meet+me+in+st.+louis+1944, cry+freedom+1987, raging+bull+1980, maze+2000, a+family+thing+1996, albatross+2011, still+bill+2010, on+the+town+1949, white+palace+1990, junebug+2005, look+whos+talking+too+1990, crush+2001, side+out+1990, hopscotch+1980, made+of+honor+2008, my+one+and+only+2009, down+in+the+delta+1998, the+cutting+edge+1992, the+allnighter+1987, get+real+1998, 453 ms"
"2022-02-08T19:17:24.497285,153562,recommendation request 17645-team17.isri.cmu.edu:8082, status 200, result: sullivans+travels+1941, donovans+reef+1963, scrooged+1988, the+waterboy+1998, crocodile+dundee+ii+1988, last+holiday+2006, it+1927, p.s.+2004, crocodile+dundee+in+los+angeles+2001, without+a+paddle+2004, airborne+1993, my+boyfriends+back+1993, father+of+the+bride+1991, rat+race+2001, airplane+ii+the+sequel+1982, cabin+boy+1994, runaway+bride+1999, delivery+man+2013, down+to+you+2000, forrest+gump+1994, 384 ms"
"2022-02-08T19:17:24.515723,108647,recommendation request 17645-team17.isri.cmu.edu:8082, status 200, result: robot+stories+2003, the+longest+day+1962, p.s.+2004, son+of+the+mask+2005, the+other+side+of+the+mountain+1975, lifeboat+1944, pitch+black+2000, grand+illusion+1937, dead+reckoning+1947, the+yakuza+1974, topper+1937, gravity+2013, the+comancheros+1961, junebug+2005, the+game+1997, in+harms+way+1965, island+2011, the+women+2008, last+night+1998, burnt+offerings+1976, 404 ms"
"2022-02-08T19:17:24.515085,160334,recommendation request 17645-team17.isri.cmu.edu:8082, status 200, result: curdled+1996, barbershop+2002, a+family+thing+1996, in+the+line+of+fire+1993, another+thin+man+1939, the+hitch-hiker+1953, mobsters+1991, conan+the+barbarian+1982, heartbreakers+2001, north+1994, 10th++wolf+2006, dungeons++dragons+2000, babes+in+toyland+1934, silverado+1985, best+defense+1984, chinatown+1974, iron+monkey+1993, 30+minutes+or+less+2011, now+and+then+1995, gypsy+1962, 456 ms"
"2022-02-08T19:17:25.372684,185058,recommendation request 17645-team17.isri.cmu.edu:8082, status 200, result: the+five+senses+1999, forbidden+zone+1980, raging+bull+1980, p.s.+2004, walle+2008, the+other+side+of+the+mountain+1975, flashdance+1983, forrest+gump+1994, gumby+the+movie+1995, one+man+band+2005, back+to+school+1986, the+matrix+revolutions+2003, junebug+2005, shes+having+a+baby+1988, king+kong+lives+1986, the+brave+one+2007, class+1983, lifted+2006, dragon+ball+z+the+tree+of+might+1990, an+american+carol+2008, 326 ms"
"2022-02-08T19:17:25.398555,14783,recommendation request 17645-team17.isri.cmu.edu:8082, status 200, result: the+five+senses+1999, werewolves+on+wheels+1971, the+house+of+yes+1997, lockout+2012, the+conspiracy+2012, childs+play+3+1991, missing+1982, mystery_+alaska+1999, code+of+silence+1985, haywire+2011, psycho+1998, dont+say+a+word+2001, one+eight+seven+1997, guilty+as+sin+1993, phoenix+1998, albatross+2011, jaws+3-d+1983, the+mighty+1998, the+matrix+revolutions+2003, the+serpent+and+the+rainbow+1988, 349 ms"
"2022-02-08T19:17:25.397869,130515,recommendation request 17645-team17.isri.cmu.edu:8082, status 200, result: saints+and+soldiers+2003, ivanhoe+1982, joan+of+arc+1948, the+war+1994, exodus+1960, the+last+of+the+mohicans+1992, the+bridge+on+the+river+kwai+1957, under+fire+1983, gallipoli+1981, cromwell+1970, beau+geste+1939, the+enemy+below+1957, the+charge+of+the+light+brigade+1968, barabbas+1961, generation+kill+2008, roadkill+1989, taking+chance+2009, casualties+of+war+1989, battle+for+haditha+2007, patton+1970, 368 ms"
"2022-02-08T19:17:26.511274,4381,recommendation request 17645-team17.isri.cmu.edu:8082, status 200, result: sullivans+travels+1941, eyewitness+1981, the+wedding+singer+1998, dark+city+1950, intersection+1994, 8+seconds+1994, last+holiday+2006, red+dawn+1984, frenzy+1972, without+a+paddle+2004, dick+tracy+1990, junebug+2005, juice+1992, island+2011, mobsters+1991, the+women+2008, a+place+in+the+sun+1951, my+one+and+only+2009, today+you+die+2005, bulletproof+1996, 411 ms"
"2022-02-08T19:17:26.539336,63164,recommendation request 17645-team17.isri.cmu.edu:8082, status 200, result: drop+zone+1994, about+last+night...+1986, robot+stories+2003, p.s.+2004, maze+2000, snow+dogs+2002, without+a+paddle+2004, northfork+2003, father+of+the+bride+1991, cabin+boy+1994, freaky+friday+1976, lionheart+1990, wake+of+death+2004, the+client+1994, running+scared+1986, changing+lanes+2002, crush+2001, the+brave+one+2007, last+night+1998, side+out+1990, 385 ms"
"2022-02-08T19:17:27.469731,182626,recommendation request 17645-team17.isri.cmu.edu:8082, status 200, result: drop+zone+1994, robot+stories+2003, oh_+god+1977, p.s.+2004, the+next+three+days+2010, walle+2008, maze+2000, the+brothers+mcmullen+1995, one+man+band+2005, phoenix+1998, the+saint+1997, the+yakuza+1974, the+brothers+2001, albatross+2011, the+matrix+revolutions+2003, an+education+2009, changing+lanes+2002, cherrybomb+2009, crush+2001, batman+the+dark+knight+returns_+part+2+2013, 407 ms"
"2022-02-08T19:17:27.600927,154816,recommendation request 17645-team17.isri.cmu.edu:8082, status 200, result: eyewitness+1981, drop+zone+1994, barbershop+2002, mary+poppins+1964, p.s.+2004, the+other+side+of+the+mountain+1975, normal+life+1996, maze+2000, the+addams+family+1991, freaky+friday+1976, another+thin+man+1939, the+saint+1997, the+brothers+2001, junebug+2005, an+education+2009, changing+lanes+2002, crush+2001, the+incredible+hulk+2008, above+the+law+1988, hopscotch+1980, 531 ms"
"2022-02-08T19:17:27.613332,266520,recommendation request 17645-team17.isri.cmu.edu:8082, status 200, result: the+nest+2002, cry+freedom+1987, what+doesnt+kill+you+2008, robot+stories+2003, the+gauntlet+1977, ed+1996, punchline+1988, city+slickers+1991, frenzy+1972, barbarosa+1982, the+other+side+of+the+mountain+1975, parker+2013, vision+quest+1985, a+little+princess+1995, casper+1995, bad+girls+1994, johnny+english+2003, the+witches+of+eastwick+1987, the+yakuza+1974, jurassic+park+1993, 464 ms"
"2022-02-08T19:17:27.694224,132164,recommendation request 17645-team17.isri.cmu.edu:8082, status 200, result: cry+freedom+1987, dark+city+1950, my+man+godfrey+1957, ed+1996, the+proprietor+1996, the+conspiracy+2012, p.s.+2004, strait-jacket+1964, brimstone++treacle+1982, a+family+thing+1996, northfork+2003, pretty+baby+1978, z+1969, lifeboat+1944, colossus+the+forbin+project+1970, silver+city+2004, bully+2011, albatross+2011, macabre+1958, shes+having+a+baby+1988, 596 ms"
"2022-02-08T19:17:27.705229,297729,recommendation request 17645-team17.isri.cmu.edu:8082, status 200, result: on+the+waterfront+1954, mister+roberts+1955, punchline+1988, that+was+then...+this+is+now+1985, east+of+eden+1955, the+lords+of+flatbush+1974, cromwell+1970, 21+2008, center+stage+2000, 28+days+2000, postcards+from+the+edge+1990, lost+in+yonkers+1993, platoon+1986, fearless+1993, moneyball+2011, his+girl+friday+1940, dogfight+1991, immediate+family+1989, atl+2006, hope+and+glory+1987, 638 ms"
"2022-02-08T19:17:27.750899,169956,recommendation request 17645-team17.isri.cmu.edu:8082, status 200, result: drop+zone+1994, the+five+senses+1999, dark+city+1950, intersection+1994, 8+seconds+1994, raging+bull+1980, the+conspiracy+2012, ed+1996, the+red+shoes+1948, p.s.+2004, cookie+1989, maze+2000, casper+1995, four+brothers+2005, patriot+games+1992, the+brothers+2001, macabre+1958, jurassic+park+1993, juice+1992, crush+2001, 600 ms"
"2022-02-08T19:17:27.754035,131404,recommendation request 17645-team17.isri.cmu.edu:8082, status 200, result: werewolves+on+wheels+1971, dark+city+1950, dreamgirls+2006, intersection+1994, the+snowman+1982, return+of+the+fly+1959, childs+play+3+1991, loving+you+1957, solomon+kane+2009, carnosaur+2+1995, detective+story+1951, bellflower+2011, silver+city+2004, the+blue+max+1966, the+yakuza+1974, planet+of+the+apes+2001, gravity+2013, beneath+the+planet+of+the+apes+1970, skinwalkers+2006, mercenary+for+justice+2006, 654 ms"
"2022-02-08T19:17:28.826062,108734,recommendation request 17645-team17.isri.cmu.edu:8082, status 200, result: cry+freedom+1987, drop+zone+1994, p.s.+2004, missing+1982, mystery_+alaska+1999, maze+2000, masterminds+1997, one+eight+seven+1997, the+island+1980, the+saint+1997, guilty+as+sin+1993, the+brothers+2001, changing+lanes+2002, shes+having+a+baby+1988, crush+2001, island+2011, the+nuns+story+1959, hopscotch+1980, untitled+2009, rumble+fish+1983, 728 ms"
"2022-02-08T19:17:28.845190,90668,recommendation request 17645-team17.isri.cmu.edu:8082, status 200, result: american+virgin+2000, curdled+1996, mickeys+once+upon+a+christmas+1999, the+conspiracy+2012, book+of+shadows+blair+witch+2+2000, street+fighter+the+legend+of+chun-li+2009, p.s.+2004, brimstone++treacle+1982, code+of+silence+1985, the+hound+of+the+baskervilles+1978, northfork+2003, gumby+the+movie+1995, phoenix+1998, planet+of+the+apes+2001, hogfather+2006, the+hot+spot+1990, ratatouille+2007, a+christmas+carol+1984, bring+it+on+again+2004, l.i.e.+2001, 695 ms"
"2022-02-08T19:17:28.871697,234517,recommendation request 17645-team17.isri.cmu.edu:8082, status 200, result: nothing+but+trouble+1991, coldblooded+1995, the+last+of+the+mohicans+1992, the+house+of+yes+1997, the+snowman+1982, red+dawn+1984, how+i+won+the+war+1967, dumb+and+dumber+to+2014, the+wizard+1989, the+mighty+1998, the+truman+show+1998, junebug+2005, battle+for+terra+2007, the+matrix+1999, remember+the+night+1940, hook+1991, the+art+of+war+2000, dugs+special+mission+2009, today+you+die+2005, ratatouille+2007, 797 ms"
"2022-02-08T19:17:28.868990,84647,recommendation request 17645-team17.isri.cmu.edu:8082, status 200, result: switchback+1997, courage+under+fire+1996, vision+quest+1985, a+little+princess+1995, moving+1988, the+witches+of+eastwick+1987, guilty+as+sin+1993, patriot+games+1992, winnie+the+pooh+2011, shes+having+a+baby+1988, free+willy+3+the+rescue+1997, juice+1992, island+2011, breakdown+1997, the+man+who+knew+too+much+1956, ratatouille+2007, hot+to+trot+1988, beyond+the+poseidon+adventure+1979, rocky+1976, l.i.e.+2001, 796 ms"
"2022-02-08T19:17:28.896121,238908,recommendation request 17645-team17.isri.cmu.edu:8082, status 200, result: eyewitness+1981, rollerball+1975, the+red+shoes+1948, 8+seconds+1994, the+conspiracy+2012, childs+play+3+1991, frenzy+1972, true+crime+1996, psycho+1998, planet+of+the+apes+2001, lady+chatterley+2006, jaws+3-d+1983, macabre+1958, a+man+and+a+woman+1966, full+speed+1996, the+serpent+and+the+rainbow+1988, bottle+rocket+1996, ali+2001, hopscotch+1980, cry_wolf+2005, 781 ms"
"2022-02-08T19:17:28.908972,304526,recommendation request 17645-team17.isri.cmu.edu:8082, status 200, result: intersection+1994, lockout+2012, red+dawn+1984, point+blank+1967, 633+squadron+1964, brimstone++treacle+1982, lifeboat+1944, spy+kids+3-d+game+over+2003, haywire+2011, the+blue+max+1966, planet+of+the+apes+2001, beneath+the+planet+of+the+apes+1970, the+comancheros+1961, serial+1980, burnt+offerings+1976, above+the+law+1988, x+the+unknown+1956, bingo+1991, escape+from+the+planet+of+the+apes+1971, patton+1970, 796 ms"
"2022-02-08T19:17:28.887461,7354,recommendation request 17645-team17.isri.cmu.edu:8082, status 200, result: dark+city+1950, intersection+1994, 8+seconds+1994, last+holiday+2006, p.s.+2004, loving+you+1957, carnosaur+2+1995, the+other+side+of+the+mountain+1975, maze+2000, 42nd+street+1933, forrest+gump+1994, on+moonlight+bay+1951, moving+1988, topper+1937, serial+1980, shes+having+a+baby+1988, free+willy+3+the+rescue+1997, crush+2001, side+out+1990, dinoshark+2010, 814 ms"
"2022-02-08T19:17:28.899481,89494,recommendation request 17645-team17.isri.cmu.edu:8082, status 200, result: eyewitness+1981, the+million+dollar+hotel+2000, the+gauntlet+1977, 8+seconds+1994, true+crime+1996, light+it+up+1999, detective+story+1951, the+godfather+part+iii+1990, paul+2011, the+matrix+revolutions+2003, junebug+2005, the+juror+1996, the+brave+one+2007, millions+2005, my+one+and+only+2009, today+you+die+2005, jennifer+eight+1992, never+let+me+go+2010, edge+of+tomorrow+2014, boy+a+2007, 825 ms"
"2022-02-08T19:17:29.382323,65867,recommendation request 17645-team17.isri.cmu.edu:8082, status 200, result: ed+1996, the+errand+boy+1961, p.s.+2004, cabin+boy+1994, casper+1995, bad+girls+1994, the+verdict+1982, the+blue+max+1966, planet+of+the+apes+2001, beneath+the+planet+of+the+apes+1970, jurassic+park+1993, m.+butterfly+1993, hook+1991, above+the+law+1988, escape+from+the+planet+of+the+apes+1971, a+midsummer+nights+dream+1999, the+desert+rats+1953, back+to+the+future+part+ii+1989, beyond+the+poseidon+adventure+1979, the+robe+1953, 328 ms"
"2022-02-08T19:17:29.579402,87316,recommendation request 17645-team17.isri.cmu.edu:8082, status 200, result: black+beauty+1994, mary+poppins+1964, rio+bravo+1959, ed+1996, p.s.+2004, frenzy+1972, spirit+stallion+of+the+cimarron+2002, gods+not+dead+2014, freaky+friday+1976, casper+1995, one+eight+seven+1997, big+jake+1971, murphys+romance+1985, the+incredible+hulk+2008, hook+1991, hopscotch+1980, above+the+law+1988, made+of+honor+2008, jennifer+eight+1992, bingo+1991, 505 ms"
"2022-02-08T19:17:29.742228,118819,recommendation request 17645-team17.isri.cmu.edu:8082, status 200, result: sleepers+1996, capricorn+one+1977, red+dawn+1984, a+goofy+movie+1995, barbarosa+1982, light+it+up+1999, father+of+the+bride+1991, a+little+princess+1995, cabin+boy+1994, chronicle+2012, northfork+2003, paparazzi+2004, guilty+as+sin+1993, planet+of+the+apes+2001, the+client+1994, from+beyond+1986, the+living+daylights+1987, hook+1991, above+the+law+1988, dinoshark+2010, 650 ms"
"2022-02-08T19:17:29.780460,270995,recommendation request 17645-team17.isri.cmu.edu:8082, status 200, result: remember+me+2010, suburban+commando+1991, lockout+2012, the+proprietor+1996, the+brother+from+another+planet+1984, p.s.+2004, a+goofy+movie+1995, snow+dogs+2002, spirit+stallion+of+the+cimarron+2002, haywire+2011, psycho+1998, c.h.o.m.p.s.+1979, albatross+2011, marooned+1969, cars+2+2011, the+truman+show+1998, ali+2001, remember+the+night+1940, the+fan+1981, stromboli+1950, 662 ms"
"2022-02-08T19:17:29.793181,56680,recommendation request 17645-team17.isri.cmu.edu:8082, status 200, result: bill+cosby+himself+1983, ed+1996, major+league+ii+1994, the+dance+of+reality+2013, moving+1988, mousehunt+1997, serial+1980, unaccompanied+minors+2006, ernest+in+the+army+1998, from+dusk+till+dawn+1996, eragon+2006, drillbit+taylor+2008, beyond+therapy+1987, blood+and+sand+1989, 7+seconds+2005, come+see+the+paradise+1990, spasmo+1974, hot+to+trot+1988, no+mercy+1986, d.a.r.y.l.+1985, 693 ms"
"2022-02-08T19:17:29.798614,273386,recommendation request 17645-team17.isri.cmu.edu:8082, status 200, result: the+girl+next+door+2004, the+new+age+1994, bill+cosby+himself+1983, the+five+senses+1999, rollerball+1975, raging+bull+1980, ed+1996, star+wars+episode+iii+-+revenge+of+the+sith+2005, dick+tracy+1990, casper+1995, planet+of+the+apes+2001, jurassic+park+1993, shes+having+a+baby+1988, murphys+romance+1985, have+rocket_+will+travel+1959, scary+movie+5+2013, unfinished+business+2015, the+three+stooges+in+orbit+1962, beyond+therapy+1987, hopscotch+1980, 709 ms"
"2022-02-08T19:17:29.831808,124243,recommendation request 17645-team17.isri.cmu.edu:8082, status 200, result: arranged+2007, coldblooded+1995, sleepers+1996, sling+blade+1996, p.s.+2004, vision+quest+1985, freaky+friday+1976, a+little+princess+1995, forrest+gump+1994, big+trouble+2002, dumb+and+dumber+to+2014, love+story+1970, blood_+guts_+bullets+and+octane+1998, masterminds+1997, the+witches+of+eastwick+1987, the+letter+1940, phoenix+1998, the+yakuza+1974, the+client+1994, a+man+and+a+woman+1966, 700 ms"
"2022-02-08T19:17:30.398572,269250,recommendation request 17645-team17.isri.cmu.edu:8082, status 200, result: gleaming+the+cube+1989, eyewitness+1981, forbidden+zone+1980, the+longest+day+1962, p.s.+2004, cookie+1989, lifeboat+1944, forrest+gump+1994, grand+illusion+1937, love+story+1970, grand+canyon+1991, the+verdict+1982, shes+having+a+baby+1988, in+harms+way+1965, island+2011, hopscotch+1980, an+american+carol+2008, today+you+die+2005, spasmo+1974, little+murders+1971, 339 ms"
"2022-02-08T19:17:30.351574,43022,recommendation request 17645-team17.isri.cmu.edu:8082, status 200, result: rollerball+1975, rio+bravo+1959, my+man+godfrey+1957, ed+1996, desert+blue+1999, p.s.+2004, son+of+the+mask+2005, summer+rental+1985, pitch+black+2000, your+friends++neighbors+1998, planet+of+the+apes+2001, topper+1937, the+comancheros+1961, junebug+2005, the+women+2008, burnt+offerings+1976, remember+the+night+1940, my+one+and+only+2009, bingo+1991, terminator+2+judgment+day+1991, 255 ms"
"2022-02-08T19:17:30.456512,272891,recommendation request 17645-team17.isri.cmu.edu:8082, status 200, result: dial+m+for+murder+1954, the+karate+kid+2010, true+crime+1996, hollow+man+2000, identity+2003, the+kid+2000, see+no+evil+1971, in+the+line+of+fire+1993, murder+by+death+1976, the+sign+of+four+2001, the+next+karate+kid+1994, the+incredible+journey+1963, to+grandmothers+house+we+go+1992, breakout+1975, cleaner+2007, body+double+1984, zathura+a+space+adventure+2005, iron+will+1994, spasmo+1974, lassie+2005, 397 ms"
"2022-02-08T19:17:31.561089,229772,recommendation request 17645-team17.isri.cmu.edu:8082, status 200, result: mary+poppins+1964, the+dresser+1983, the+gauntlet+1977, blue+crush+2002, the+conspiracy+2012, childs+play+3+1991, a+family+thing+1996, freaky+friday+1976, psycho+1998, the+yakuza+1974, albatross+2011, jaws+3-d+1983, the+serpent+and+the+rainbow+1988, changing+lanes+2002, juice+1992, island+2011, north+1994, six+weeks+1982, hook+1991, hopscotch+1980, 536 ms"
"2022-02-08T19:17:31.646336,287391,recommendation request 17645-team17.isri.cmu.edu:8082, status 200, result: shampoo+1975, whisper+of+the+heart+1995, bill+cosby+himself+1983, cry+freedom+1987, see+spot+run+2001, p.s.+2004, frenzy+1972, barbarosa+1982, spy+kids+3-d+game+over+2003, splash+1984, moving+1988, masterminds+1997, money+train+1995, 9+2005, analyze+that+2002, mobsters+1991, drillbit+taylor+2008, beyond+therapy+1987, dark+passage+1947, steamboy+2004, 590 ms"
"2022-02-08T19:17:31.614996,187634,recommendation request 17645-team17.isri.cmu.edu:8082, status 200, result: eyewitness+1981, rollerball+1975, suburban+commando+1991, sleepers+1996, the+gauntlet+1977, the+snowman+1982, star+wars+episode+iii+-+revenge+of+the+sith+2005, courage+under+fire+1996, big+hero+6+2014, walle+2008, light+it+up+1999, fulltime+killer+2001, in+too+deep+1999, c.h.o.m.p.s.+1979, the+yakuza+1974, stonewall+1995, hackers+1995, cars+2+2011, the+truman+show+1998, island+2011, 561 ms"
"2022-02-08T19:17:31.657969,50533,recommendation request 17645-team17.isri.cmu.edu:8082, status 200, result: wreck-it+ralph+2012, whisper+of+the+heart+1995, rollerball+1975, mickeys+once+upon+a+christmas+1999, the+five+senses+1999, a+goofy+movie+1995, the+aristocats+1970, chicken+run+2000, planet+of+the+apes+2001, the+matrix+revolutions+2003, cars+2+2011, junebug+2005, island+2011, from+here+to+eternity+1953, ali+2001, the+brave+one+2007, remember+the+night+1940, of+human+bondage+1934, my+one+and+only+2009, dugs+special+mission+2009, 651 ms"
"2022-02-08T19:17:32.395935,157693,recommendation request 17645-team17.isri.cmu.edu:8082, status 200, result: d-tox+2002, sprung+1997, never+again+2002, modern+romance+1981, chaos+theory+2008, the+majestic+2001, undisputed+2002, punks+2000, the+match+1999, duplex+2003, bullets+over+broadway+1994, ink+2009, in+hell+2003, get+over+it+2001, body+count+1998, mirage+1995, three+to+tango+1999, romance+2012, the+crow+city+of+angels+1996, the+glass+shield+1994, 294 ms"
"2022-02-08T19:17:32.472918,173513,recommendation request 17645-team17.isri.cmu.edu:8082, status 200, result: rollerball+1975, definitely_+maybe+2008, dreamgirls+2006, the+gauntlet+1977, a+time+to+kill+1996, paul+2011, masterminds+1997, the+yakuza+1974, albatross+2011, planet+of+the+apes+2001, people+like+us+2012, juice+1992, above+the+law+1988, dark+passage+1947, today+you+die+2005, down+in+the+delta+1998, they+made+me+a+criminal+1939, bulletproof+1996, american+splendor+2003, maximum+risk+1996, 376 ms"
"2022-02-08T19:17:32.500159,218859,recommendation request 17645-team17.isri.cmu.edu:8082, status 200, result: american+virgin+2000, dead+of+winter+1987, six+pack+1982, the+longest+day+1962, the+other+side+of+the+mountain+1975, light+it+up+1999, a+family+thing+1996, northfork+2003, z+1969, lifeboat+1944, a+little+princess+1995, nighthawks+1981, harry+and+tonto+1974, the+great+escape+1963, guilty+as+sin+1993, still+bill+2010, an+education+2009, 7+seconds+2005, come+see+the+paradise+1990, the+thin+man+goes+home+1945, 434 ms"
"2022-02-08T19:17:32.496845,87968,recommendation request 17645-team17.isri.cmu.edu:8082, status 200, result: cry+freedom+1987, intersection+1994, ed+1996, 8+seconds+1994, sling+blade+1996, loving+you+1957, hollow+man+2000, light+it+up+1999, jungle+fever+1991, a+family+thing+1996, footloose+1984, birdy+1984, casper+1995, pompeii+2014, mousehunt+1997, the+mighty+1998, jurassic+park+1993, unaccompanied+minors+2006, ernest+in+the+army+1998, the+juror+1996, 401 ms"
"2022-02-08T19:17:33.477088,306178,recommendation request 17645-team17.isri.cmu.edu:8082, status 200, result: drop+zone+1994, sleepers+1996, mary+poppins+1964, ed+1996, frenzy+1972, red+dawn+1984, deep+rising+1998, the+addams+family+1991, freaky+friday+1976, the+letter+1940, phoenix+1998, the+saint+1997, the+yakuza+1974, the+client+1994, changing+lanes+2002, ernest+in+the+army+1998, island+2011, the+living+daylights+1987, above+the+law+1988, dark+passage+1947, 422 ms"
"2022-02-08T19:17:33.477454,235444,recommendation request 17645-team17.isri.cmu.edu:8082, status 200, result: remember+me+2010, wreck-it+ralph+2012, man+of+the+year+2006, barbershop+2002, melody+time+1948, the+snowman+1982, p.s.+2004, a+goofy+movie+1995, spirit+stallion+of+the+cimarron+2002, birdy+1984, another+thin+man+1939, saludos+amigos+1942, the+wizard+1989, albatross+2011, remember+the+night+1940, man+on+the+moon+1999, babes+in+toyland+1934, down+in+the+delta+1998, shrek+the+third+2007, the+pink+panther+2006, 414 ms"
"2022-02-08T19:17:34.489600,219196,recommendation request 17645-team17.isri.cmu.edu:8082, status 200, result: the+nest+2002, black+beauty+1994, wreck-it+ralph+2012, the+five+senses+1999, rollerball+1975, p.s.+2004, the+watch+2012, contempt+1963, the+aristocats+1970, spirit+stallion+of+the+cimarron+2002, a+little+princess+1995, chronicle+2012, planet+of+the+apes+2001, the+matrix+revolutions+2003, evil+dead+ii+1987, conan+the+barbarian+1982, the+brave+one+2007, oh_+god+book+ii+1980, made+of+honor+2008, stromboli+1950, 382 ms"
"2022-02-08T19:17:34.619320,180448,recommendation request 17645-team17.isri.cmu.edu:8082, status 200, result: edmond+2005, the+avengers+1998, the+five+senses+1999, about+last+night...+1986, robot+stories+2003, 8+seconds+1994, the+proprietor+1996, a+goofy+movie+1995, light+it+up+1999, maze+2000, incognito+1997, freaky+friday+1976, moving+1988, analyze+that+2002, crush+2001, the+brave+one+2007, side+out+1990, last+night+1998, blood+and+sand+1989, the+emperors+new+groove+2000, 513 ms"
"2022-02-08T19:17:34.670569,107734,recommendation request 17645-team17.isri.cmu.edu:8082, status 200, result: drop+zone+1994, mickeys+once+upon+a+christmas+1999, top+secret+1984, sleepers+1996, a+goofy+movie+1995, the+other+side+of+the+mountain+1975, the+addams+family+1991, without+a+paddle+2004, a+little+princess+1995, chicken+run+2000, wake+of+death+2004, the+client+1994, the+mighty+1998, running+scared+1986, desk+set+1957, out+to+sea+1997, changing+lanes+2002, hopscotch+1980, high+sierra+1941, today+you+die+2005, 553 ms"
"2022-02-08T19:17:34.750404,19218,recommendation request 17645-team17.isri.cmu.edu:8082, status 200, result: intersection+1994, cazuza+time+doesnt+stop+2004, loving+you+1957, nothing+to+lose+1994, behind+the+sun+2001, footloose+1984, phoenix+1998, the+matrix+revolutions+2003, junebug+2005, juice+1992, the+brave+one+2007, the+women+2008, a+place+in+the+sun+1951, my+one+and+only+2009, the+idolmaker+1980, the+house+of+sand+2005, edge+of+tomorrow+2014, after+life+2002, angus+1995, dead+man+down+2013, 629 ms"
"2022-02-08T19:17:34.784001,272577,recommendation request 17645-team17.isri.cmu.edu:8082, status 200, result: eyewitness+1981, cry+freedom+1987, rollerball+1975, top+secret+1984, the+avengers+1998, about+last+night...+1986, star+wars+episode+iii+-+revenge+of+the+sith+2005, frenzy+1972, the+addams+family+1991, maze+2000, in+the+line+of+fire+1993, a+little+princess+1995, chronicle+2012, moving+1988, national+lampoons+vacation+1983, dead+reckoning+1947, malice+1993, planet+of+the+apes+2001, island+2011, have+rocket_+will+travel+1959, 643 ms"
"2022-02-08T19:17:34.804201,235080,recommendation request 17645-team17.isri.cmu.edu:8082, status 200, result: the+house+of+yes+1997, ed+1996, intersection+1994, the+golden+voyage+of+sinbad+1973, the+conspiracy+2012, loving+you+1957, lethal+weapon+3+1992, a+little+princess+1995, dick+tracy+1990, casper+1995, apocalypto+2006, the+island+1980, the+saint+1997, gone+in+sixty+seconds+2000, the+mighty+1998, jurassic+park+1993, serial+1980, kull+the+conqueror+1997, shes+having+a+baby+1988, freddy+vs.+jason+2003, 626 ms"
"2022-02-08T19:17:34.847588,164205,recommendation request 17645-team17.isri.cmu.edu:8082, status 200, result: bill+cosby+himself+1983, six+pack+1982, punchline+1988, paths+of+glory+1957, the+hound+of+the+baskervilles+1978, dick+tracy+1990, moving+1988, a+shock+to+the+system+1990, silver+city+2004, dead+reckoning+1947, the+great+escape+1963, jurassic+park+1993, the+house+on+sorority+row+1983, the+truman+show+1998, shes+having+a+baby+1988, veronica+guerin+2003, island+2011, murphys+romance+1985, beyond+therapy+1987, 7+seconds+2005, 702 ms"
"2022-02-08T19:17:35.307013,230782,recommendation request 17645-team17.isri.cmu.edu:8082, status 200, result: mickeys+once+upon+a+christmas+1999, the+magician+1958, notting+hill+1999, p.s.+2004, through+a+glass+darkly+1961, courage+under+fire+1996, the+other+side+of+the+mountain+1975, maze+2000, smiles+of+a+summer+night+1955, dont+tell+her+its+me+1990, chicken+run+2000, psycho+1998, the+verdict+1982, swing+time+1936, the+brothers+2001, my+beautiful+laundrette+1985, the+passion+of+anna+1969, crush+2001, the+women+2008, the+fan+1981, 191 ms"
"2022-02-08T19:17:36.241026,161936,recommendation request 17645-team17.isri.cmu.edu:8082, status 200, result: mystery+date+1991, mary+poppins+1964, rambo+iii+1988, bbs+kids+1992, rambo+first+blood+part+ii+1985, the+addams+family+1991, the+kid+2000, big+top+pee-wee+1988, freaky+friday+1976, stuart+saves+his+family+1995, q++a+1990, the+octagon+1980, matilda+1996, breakout+1975, good+burger+1997, skyfall+2012, the+big+hit+1998, today+you+die+2005, the+boxtrolls+2014, little+monsters+1989, 193 ms"
"2022-02-08T19:17:36.451142,190694,recommendation request 17645-team17.isri.cmu.edu:8082, status 200, result: the+five+senses+1999, barbershop+2002, 8+seconds+1994, the+proprietor+1996, p.s.+2004, loving+you+1957, the+other+side+of+the+mountain+1975, maze+2000, spirit+stallion+of+the+cimarron+2002, dick+tracy+1990, another+thin+man+1939, the+brothers+2001, gone+in+sixty+seconds+2000, veronica+guerin+2003, crush+2001, island+2011, 7+seconds+2005, untitled+2009, atonement+2007, the+idolmaker+1980, 393 ms"
"2022-02-08T19:17:36.620045,236682,recommendation request 17645-team17.isri.cmu.edu:8082, status 200, result: eyewitness+1981, cry+freedom+1987, rollerball+1975, drop+zone+1994, raging+bull+1980, the+conspiracy+2012, childs+play+3+1991, the+golden+voyage+of+sinbad+1973, a+family+thing+1996, psycho+1998, the+island+1980, four+brothers+2005, planet+of+the+apes+2001, albatross+2011, jaws+3-d+1983, the+serpent+and+the+rainbow+1988, kull+the+conqueror+1997, changing+lanes+2002, the+incredible+hulk+2008, conan+the+barbarian+1982, 546 ms"
"2022-02-08T19:17:36.621608,287545,recommendation request 17645-team17.isri.cmu.edu:8082, status 200, result: the+glimmer+man+1996, curdled+1996, mickeys+once+upon+a+christmas+1999, a+goofy+movie+1995, frenzy+1972, true+crime+1996, under+siege+1992, sleeping+beauty+1959, the+other+side+of+the+mountain+1975, lethal+weapon+3+1992, a+time+to+kill+1996, freaky+friday+1976, gumby+the+movie+1995, the+yakuza+1974, for+keeps+1988, on+deadly+ground+1994, the+hitch-hiker+1953, the+matrix+1999, mobsters+1991, above+the+law+1988, 558 ms"
"2022-02-08T19:17:36.685291,246069,recommendation request 17645-team17.isri.cmu.edu:8082, status 200, result: six+pack+1982, the+proprietor+1996, 28+weeks+later+2007, the+conspiracy+2012, p.s.+2004, altered+2006, a+family+thing+1996, a+little+princess+1995, forrest+gump+1994, harry+and+tonto+1974, love+story+1970, topper+1937, winnie+the+pooh+2011, junebug+2005, shes+having+a+baby+1988, hogfather+2006, conan+the+barbarian+1982, above+the+law+1988, my+one+and+only+2009, dinoshark+2010, 619 ms"
"2022-02-08T19:17:36.725145,142953,recommendation request 17645-team17.isri.cmu.edu:8082, status 200, result: shampoo+1975, coldblooded+1995, the+last+of+the+mohicans+1992, picture+perfect+1997, the+longest+day+1962, frenzy+1972, red+dawn+1984, maze+2000, light+it+up+1999, 633+squadron+1964, bean+1997, dumb+and+dumber+to+2014, the+verdict+1982, dead+reckoning+1947, desk+set+1957, juice+1992, crush+2001, mobsters+1991, the+living+daylights+1987, mr.+jealousy+1997, 654 ms"
"2022-02-08T19:17:36.725122,228029,recommendation request 17645-team17.isri.cmu.edu:8082, status 200, result: arranged+2007, six+pack+1982, the+house+of+yes+1997, the+million+dollar+hotel+2000, the+gauntlet+1977, p.s.+2004, the+other+side+of+the+mountain+1975, maze+2000, a+family+thing+1996, detective+story+1951, nims+island+2008, johnny+english+2003, harry+and+tonto+1974, the+island+1980, the+mighty+1998, the+matrix+revolutions+2003, an+education+2009, winnie+the+pooh+2011, crush+2001, the+brave+one+2007, 640 ms"
"2022-02-08T19:17:37.515924,127621,recommendation request 17645-team17.isri.cmu.edu:8082, status 200, result: cry+freedom+1987, mary+poppins+1964, frenzy+1972, true+crime+1996, rambo+first+blood+part+ii+1985, light+it+up+1999, the+addams+family+1991, a+time+to+kill+1996, freaky+friday+1976, the+verdict+1982, the+yakuza+1974, the+incredible+hulk+2008, the+nuns+story+1959, today+you+die+2005, spasmo+1974, they+made+me+a+criminal+1939, patton+1970, no+mercy+1986, back+to+the+future+part+ii+1989, beyond+the+poseidon+adventure+1979, 426 ms"
"2022-02-08T19:17:37.567925,209922,recommendation request 17645-team17.isri.cmu.edu:8082, status 200, result: eyewitness+1981, cry+freedom+1987, drop+zone+1994, rollerball+1975, frenzy+1972, the+other+side+of+the+mountain+1975, without+a+paddle+2004, in+the+line+of+fire+1993, father+of+the+bride+1991, cabin+boy+1994, chronicle+2012, ice+castles+1978, the+beverly+hillbillies+1993, dead+reckoning+1947, wake+of+death+2004, malice+1993, planet+of+the+apes+2001, desk+set+1957, out+to+sea+1997, changing+lanes+2002, 412 ms"
"2022-02-08T19:17:37.591675,141346,recommendation request 17645-team17.isri.cmu.edu:8082, status 200, result: forbidden+zone+1980, sleepers+1996, werewolves+on+wheels+1971, return+of+the+fly+1959, rancho+deluxe+1975, doc+hollywood+1991, p.s.+2004, carnosaur+2+1995, barbarosa+1982, light+it+up+1999, detective+story+1951, fulltime+killer+2001, in+too+deep+1999, moving+1988, a+shock+to+the+system+1990, lightning+jack+1994, hackers+1995, junebug+2005, have+rocket_+will+travel+1959, shes+out+of+my+league+2010, 438 ms"
"2022-02-08T19:17:37.602080,86480,recommendation request 17645-team17.isri.cmu.edu:8082, status 200, result: curdled+1996, drop+zone+1994, coldblooded+1995, frenzy+1972, true+crime+1996, rambo+first+blood+part+ii+1985, vision+quest+1985, a+little+princess+1995, dumb+and+dumber+to+2014, the+witches+of+eastwick+1987, the+saint+1997, a+man+and+a+woman+1966, changing+lanes+2002, the+hitch-hiker+1953, bottle+rocket+1996, mobsters+1991, ali+2001, side+out+1990, today+you+die+2005, dugs+special+mission+2009, 506 ms"
"2022-02-08T19:17:38.369081,154908,recommendation request 17645-team17.isri.cmu.edu:8082, status 200, result: the+five+senses+1999, raging+bull+1980, frenzy+1972, true+crime+1996, sling+blade+1996, detective+story+1951, the+brothers+mcmullen+1995, 9+2005, the+mighty+1998, junebug+2005, the+serpent+and+the+rainbow+1988, juice+1992, island+2011, mobsters+1991, the+juror+1996, trigun+badlands+rumble+2010, above+the+law+1988, juno+2007, my+one+and+only+2009, jennifer+eight+1992, 351 ms"
"2022-02-08T19:17:38.651340,64796,recommendation request 17645-team17.isri.cmu.edu:8082, status 200, result: wreck-it+ralph+2012, cry+freedom+1987, my+man+godfrey+1957, ed+1996, p.s.+2004, red+dawn+1984, courage+under+fire+1996, the+other+side+of+the+mountain+1975, snow+dogs+2002, maze+2000, dont+tell+her+its+me+1990, moving+1988, the+brothers+2001, white+palace+1990, from+beyond+1986, free+willy+3+the+rescue+1997, island+2011, crush+2001, the+living+daylights+1987, the+women+2008, 605 ms"
"2022-02-08T19:17:38.650045,31544,recommendation request 17645-team17.isri.cmu.edu:8082, status 200, result: the+parent+trap+1998, last+holiday+2006, frenzy+1972, parking+2008, crossroads+2002, mystery_+alaska+1999, the+country+bears+2002, snow+dogs+2002, big+hero+6+2014, freaky+friday+1976, frozen+2007, 9+2005, a+man+and+a+woman+1966, desk+set+1957, out+to+sea+1997, junebug+2005, juice+1992, mobsters+1991, time+bandits+1981, lifted+2006, 549 ms"
"2022-02-08T19:17:39.175296,12467,recommendation request 17645-team17.isri.cmu.edu:8082, status 200, result: the+family+man+2000, mr.+3000+2004, the+cat+in+the+hat+2003, cry+freedom+1987, leave+it+to+beaver+1997, the+wood+1999, ed+1996, ghost+dad+1990, the+lucky+ones+2008, the+other+sister+1999, that+was+then...+this+is+now+1985, harry+and+the+hendersons+1987, the+kid+2000, e.t.+the+extra-terrestrial+1982, the+little+rascals+1994, indian+summer+1993, death+becomes+her+1992, back+to+the+future+1985, clockwatchers+1997, bee+season+2005, 142 ms"
"2022-02-08T19:17:39.293670,204913,recommendation request 17645-team17.isri.cmu.edu:8082, status 200, result: clue+1985, drop+zone+1994, mission+impossible+iii+2006, blaze+1989, nine+lives+2005, dr.+no+1962, the+color+purple+1985, the+assassination+bureau+1969, the+other+side+of+the+mountain+1975, that+was+then...+this+is+now+1985, the+mother+2003, vision+quest+1985, without+a+paddle+2004, a+little+princess+1995, uncommon+valor+1983, burlesque+2010, somersault+2004, the+witches+of+eastwick+1987, wake+of+death+2004, superman+returns+2006, 246 ms"
"2022-02-08T19:17:39.476639,14937,recommendation request 17645-team17.isri.cmu.edu:8082, status 200, result: shampoo+1975, eyewitness+1981, drop+zone+1994, bill+cosby+himself+1983, punchline+1988, light+it+up+1999, thank+you+for+smoking+2005, his+girl+friday+1940, the+brothers+mcmullen+1995, moving+1988, masterminds+1997, the+saint+1997, 2010+moby+dick+2010, junebug+2005, ready+to+rumble+2000, head+over+heels+2001, changing+lanes+2002, scary+movie+5+2013, beyond+therapy+1987, shes+out+of+my+league+2010, 432 ms"
"2022-02-08T19:17:39.565802,236007,recommendation request 17645-team17.isri.cmu.edu:8082, status 200, result: shampoo+1975, curdled+1996, rollerball+1975, p.s.+2004, missing+1982, mystery_+alaska+1999, dick+tracy+1990, splash+1984, one+eight+seven+1997, guilty+as+sin+1993, harem+1985, planet+of+the+apes+2001, wargames+1983, veronica+guerin+2003, the+hitch-hiker+1953, mobsters+1991, the+incredible+hulk+2008, have+rocket_+will+travel+1959, island+2011, 7+seconds+2005, 519 ms"
"2022-02-08T19:17:39.612231,166204,recommendation request 17645-team17.isri.cmu.edu:8082, status 200, result: black+beauty+1994, bridget+joness+diary+2001, definitely_+maybe+2008, crossroads+2002, the+watch+2012, the+country+bears+2002, snow+dogs+2002, big+hero+6+2014, the+wash+2001, parker+2013, brimstone++treacle+1982, son+of+the+mask+2005, nims+island+2008, fulltime+killer+2001, the+beverly+hillbillies+1993, in+too+deep+1999, the+next+karate+kid+1994, the+yakuza+1974, time+bandits+1981, out+to+sea+1997, 566 ms"
"2022-02-08T19:17:39.649389,32544,recommendation request 17645-team17.isri.cmu.edu:8082, status 200, result: rollerball+1975, the+million+dollar+hotel+2000, the+gauntlet+1977, the+snows+of+kilimanjaro+1952, sling+blade+1996, cabin+boy+1994, planet+of+the+apes+2001, the+matrix+revolutions+2003, the+mighty+1998, the+truman+show+1998, island+2011, the+brave+one+2007, above+the+law+1988, bingo+1991, spasmo+1974, s.+darko+2009, edge+of+tomorrow+2014, unfaithfully+yours+1984, captain+horatio+hornblower+r.n.+1951, beyond+the+poseidon+adventure+1979, 604 ms"
"2022-02-08T19:17:39.630877,209390,recommendation request 17645-team17.isri.cmu.edu:8082, status 200, result: cry+freedom+1987, what+doesnt+kill+you+2008, melody+time+1948, dark+city+1950, the+conspiracy+2012, childs+play+3+1991, frenzy+1972, the+aristocats+1970, a+time+to+kill+1996, the+hound+of+the+baskervilles+1978, psycho+1998, a+shock+to+the+system+1990, phoenix+1998, saludos+amigos+1942, jaws+3-d+1983, junebug+2005, the+serpent+and+the+rainbow+1988, have+rocket_+will+travel+1959, from+here+to+eternity+1953, ali+2001, 583 ms"
"2022-02-08T19:17:40.545445,203313,recommendation request 17645-team17.isri.cmu.edu:8082, status 200, result: the+glimmer+man+1996, rollerball+1975, oh_+god+1977, ed+1996, intersection+1994, viva+zapata+1952, the+high+and+the+mighty+1954, punchline+1988, p.s.+2004, city+slickers+1991, barbarosa+1982, lethal+weapon+3+1992, casper+1995, bad+girls+1994, moving+1988, the+devils+1971, company+man+2000, jurassic+park+1993, serial+1980, geronimo+an+american+legend+1993, 484 ms"
"2022-02-08T19:17:40.550547,125078,recommendation request 17645-team17.isri.cmu.edu:8082, status 200, result: a+goofy+movie+1995, frenzy+1972, true+crime+1996, courage+under+fire+1996, rambo+first+blood+part+ii+1985, vision+quest+1985, freaky+friday+1976, a+little+princess+1995, the+witches+of+eastwick+1987, winnie+the+pooh+2011, shes+having+a+baby+1988, island+2011, the+incredible+hulk+2008, the+emperors+new+groove+2000, today+you+die+2005, ratatouille+2007, spasmo+1974, they+made+me+a+criminal+1939, shrek+the+third+2007, no+mercy+1986, 483 ms"
"2022-02-08T19:17:40.568821,232449,recommendation request 17645-team17.isri.cmu.edu:8082, status 200, result: replicant+2001, sullivans+travels+1941, mickeys+once+upon+a+christmas+1999, rollerball+1975, robot+stories+2003, six+pack+1982, the+golden+voyage+of+sinbad+1973, last+holiday+2006, the+other+side+of+the+mountain+1975, a+family+thing+1996, without+a+paddle+2004, gumby+the+movie+1995, harry+and+tonto+1974, the+island+1980, the+matrix+revolutions+2003, kull+the+conqueror+1997, conan+the+barbarian+1982, the+brave+one+2007, romeo+and+juliet+1936, last+night+1998, 504 ms"
"2022-02-08T19:17:40.616347,216189,recommendation request 17645-team17.isri.cmu.edu:8082, status 200, result: the+perfect+score+2004, the+cat+in+the+hat+2003, the+five+senses+1999, my+man+godfrey+1957, ed+1996, 8+seconds+1994, the+proprietor+1996, missing+1982, p.s.+2004, mystery_+alaska+1999, father+of+the+bride+1991, masterminds+1997, one+eight+seven+1997, guilty+as+sin+1993, the+blue+max+1966, planet+of+the+apes+2001, topper+1937, how+the+grinch+stole+christmas+2000, the+longest+yard+1974, running+scared+1986, 550 ms"
"2022-02-08T19:17:40.626247,115388,recommendation request 17645-team17.isri.cmu.edu:8082, status 200, result: eyewitness+1981, cry+freedom+1987, drop+zone+1994, rollerball+1975, my+man+godfrey+1957, ed+1996, star+wars+episode+iii+-+revenge+of+the+sith+2005, without+a+paddle+2004, detective+story+1951, the+island+1980, wake+of+death+2004, planet+of+the+apes+2001, stonewall+1995, the+truman+show+1998, changing+lanes+2002, island+2011, the+incredible+hulk+2008, remember+the+night+1940, hopscotch+1980, today+you+die+2005, 560 ms"
"2022-02-08T19:17:41.422671,300624,recommendation request 17645-team17.isri.cmu.edu:8082, status 200, result: rollerball+1975, coldblooded+1995, father+of+the+bride+1991, a+little+princess+1995, splash+1984, dumb+and+dumber+to+2014, patriot+games+1992, gravity+2013, shes+having+a+baby+1988, juice+1992, breakdown+1997, hook+1991, above+the+law+1988, bingo+1991, hall+pass+2011, patton+1970, dopamine+2003, divergent+2014, mumford+1999, leap+of+faith+1992, 335 ms"
"2022-02-08T19:17:41.554603,186748,recommendation request 17645-team17.isri.cmu.edu:8082, status 200, result: n+1998, criminal+law+1988, japanese+story+2003, the+golden+voyage+of+sinbad+1973, p.s.+2004, my+own+private+idaho+1991, the+other+side+of+the+mountain+1975, maze+2000, the+lost+weekend+1945, the+virgin+suicides+1999, harry+and+tonto+1974, the+brothers+2001, albatross+2011, the+mighty+1998, platoon+1986, junebug+2005, crush+2001, my+one+and+only+2009, the+bostonians+1984, down+in+the+delta+1998, 454 ms"
"2022-02-08T19:17:41.587290,104674,recommendation request 17645-team17.isri.cmu.edu:8082, status 200, result: black+beauty+1994, top+secret+1984, sleepers+1996, return+of+the+fly+1959, p.s.+2004, carnosaur+2+1995, the+aristocats+1970, father+of+the+bride+1991, a+little+princess+1995, forrest+gump+1994, the+client+1994, topper+1937, running+scared+1986, changing+lanes+2002, shes+having+a+baby+1988, the+nuns+story+1959, a+knights+tale+2001, dinoshark+2010, high+sierra+1941, the+fly+ii+1989, 445 ms"
"2022-02-08T19:17:41.591087,160049,recommendation request 17645-team17.isri.cmu.edu:8082, status 200, result: eyewitness+1981, rollerball+1975, top+secret+1984, the+other+side+of+the+mountain+1975, the+addams+family+1991, a+little+princess+1995, inception+2010, pitch+black+2000, strangers+with+candy+2006, a+shock+to+the+system+1990, planet+of+the+apes+2001, an+education+2009, the+juror+1996, ali+2001, above+the+law+1988, bliss+1997, dugs+special+mission+2009, today+you+die+2005, ratatouille+2007, spasmo+1974, 450 ms"
"2022-02-08T19:17:41.612704,69194,recommendation request 17645-team17.isri.cmu.edu:8082, status 200, result: replicant+2001, forbidden+zone+1980, p.s.+2004, barbarosa+1982, the+wash+2001, macgruber+2010, lethal+weapon+3+1992, die+another+day+2002, cabin+boy+1994, dick+tracy+1990, paul+2011, johnny+english+2003, junebug+2005, surfer_+dude+2008, from+here+to+eternity+1953, ali+2001, taking+chance+2009, an+american+carol+2008, my+one+and+only+2009, bulletproof+1996, 510 ms"
"2022-02-08T19:17:42.502987,161902,recommendation request 17645-team17.isri.cmu.edu:8082, status 200, result: cry+freedom+1987, lust+for+life+1956, barbershop+2002, taking+sides+2001, taps+1981, sink+the+bismarck+1960, executive+suite+1954, the+proprietor+1996, the+brave+1997, crisscross+1992, that+was+then...+this+is+now+1985, z+1969, lifeboat+1944, yanks+1979, guadalcanal+diary+1943, cromwell+1970, another+thin+man+1939, the+crucible+1996, the+verdict+1982, three+came+home+1950, 353 ms"
"2022-02-08T19:17:42.505781,145921,recommendation request 17645-team17.isri.cmu.edu:8082, status 200, result: curdled+1996, rollerball+1975, about+last+night...+1986, agnes+of+god+1985, the+gauntlet+1977, p.s.+2004, maze+2000, the+aristocats+1970, footloose+1984, spy+kids+3-d+game+over+2003, johnny+english+2003, psycho+1998, the+island+1980, albatross+2011, junebug+2005, the+hitch-hiker+1953, mobsters+1991, the+brave+one+2007, crush+2001, six+weeks+1982, 420 ms"
"2022-02-08T19:17:42.533316,59861,recommendation request 17645-team17.isri.cmu.edu:8082, status 200, result: top+secret+1984, forbidden+zone+1980, six+pack+1982, desert+blue+1999, dont+move+2004, carnosaur+2+1995, gumby+the+movie+1995, mallrats+1995, your+friends++neighbors+1998, taxi+2004, where+the+heart+is+2000, the+brood+1979, 9+2005, shivers+1975, junebug+2005, waiting+to+exhale+1995, ever+after+a+cinderella+story+1998, lifted+2006, side+out+1990, from+the+hip+1987, 413 ms"
"2022-02-08T19:17:42.532536,46716,recommendation request 17645-team17.isri.cmu.edu:8082, status 200, result: punchline+1988, the+red+shoes+1948, city+slickers+1991, 8+seconds+1994, p.s.+2004, the+other+side+of+the+mountain+1975, barbarosa+1982, maze+2000, dont+tell+her+its+me+1990, bad+girls+1994, fulltime+killer+2001, in+too+deep+1999, harry+and+tonto+1974, dead+reckoning+1947, the+yakuza+1974, the+brothers+2001, lady+chatterley+2006, a+man+and+a+woman+1966, full+speed+1996, an+education+2009, 413 ms"
"2022-02-08T19:17:43.439807,142300,recommendation request 17645-team17.isri.cmu.edu:8082, status 200, result: barbershop+2002, election+2+2006, dark+alibi+1946, 8+seconds+1994, boarding+gate+2007, the+proprietor+1996, ip+man+2+2010, frenzy+1972, sling+blade+1996, p.s.+2004, the+other+side+of+the+mountain+1975, northfork+2003, another+thin+man+1939, the+mighty+1998, an+education+2009, junebug+2005, hogfather+2006, island+2011, remember+the+night+1940, my+one+and+only+2009, 380 ms"
"2022-02-08T19:17:43.448456,53615,recommendation request 17645-team17.isri.cmu.edu:8082, status 200, result: cry+freedom+1987, dark+city+1950, my+man+godfrey+1957, ed+1996, guest+house+paradiso+1999, frenzy+1972, true+crime+1996, courage+under+fire+1996, paintball+2009, silver+city+2004, junebug+2005, desk+set+1957, out+to+sea+1997, island+2011, x+the+unknown+1956, taking+chance+2009, spasmo+1974, they+made+me+a+criminal+1939, the+faculty+1998, patton+1970, 341 ms"
"2022-02-08T19:17:44.339434,242602,recommendation request 17645-team17.isri.cmu.edu:8082, status 200, result: shampoo+1975, eyewitness+1981, life+is+beautiful+1997, switchback+1997, the+five+senses+1999, rollerball+1975, cry+freedom+1987, punchline+1988, last+holiday+2006, p.s.+2004, the+promise+2005, the+other+side+of+the+mountain+1975, maze+2000, inception+2010, critters+1986, harry+and+tonto+1974, masterminds+1997, live+2007, white+palace+1990, junebug+2005, 241 ms"
"2022-02-08T19:17:45.334994,6131,recommendation request 17645-team17.isri.cmu.edu:8082, status 200, result: nothing+but+trouble+1991, doc+hollywood+1991, p.s.+2004, walle+2008, national+lampoons+van+wilder+2002, barbarosa+1982, macgruber+2010, the+wash+2001, big+hero+6+2014, a+little+princess+1995, national+lampoons+vacation+1983, wake+of+death+2004, another+earth+2011, beyond+the+sea+2004, cars+2+2011, surfer_+dude+2008, the+living+daylights+1987, hopscotch+1980, dinoshark+2010, dugs+special+mission+2009, 252 ms"
"2022-02-08T19:17:45.435573,87996,recommendation request 17645-team17.isri.cmu.edu:8082, status 200, result: gleaming+the+cube+1989, shampoo+1975, the+house+of+yes+1997, punchline+1988, raging+bull+1980, frenzy+1972, neighbors+2014, a+family+thing+1996, moving+1988, grand+canyon+1991, masterminds+1997, the+yakuza+1974, the+client+1994, the+mighty+1998, junebug+2005, from+beyond+1986, king+kong+lives+1986, near+dark+1987, his+girl+friday+1940, eight+men+out+1988, 294 ms"
"2022-02-08T19:17:45.445309,90018,recommendation request 17645-team17.isri.cmu.edu:8082, status 200, result: election+2+2006, the+proprietor+1996, the+brother+from+another+planet+1984, p.s.+2004, the+next+three+days+2010, maze+2000, thank+you+for+smoking+2005, fuck+2005, dick+tracy+1990, paul+2011, johnny+english+2003, phoenix+1998, the+brothers+2001, marooned+1969, beyond+the+sea+2004, junebug+2005, warriors+of+heaven+and+earth+2003, crush+2001, bridesmaids+2011, ali+2001, 266 ms"
"2022-02-08T19:17:45.485866,129412,recommendation request 17645-team17.isri.cmu.edu:8082, status 200, result: black+beauty+1994, the+glimmer+man+1996, top+secret+1984, the+high+and+the+mighty+1954, doc+hollywood+1991, the+addams+family+1991, lethal+weapon+3+1992, a+family+thing+1996, a+little+princess+1995, your+friends++neighbors+1998, the+island+1980, junebug+2005, above+the+law+1988, my+one+and+only+2009, dugs+special+mission+2009, rumble+fish+1983, ratatouille+2007, airport+1975+1974, cars+2006, dead+bang+1989, 339 ms"
"2022-02-08T19:17:46.451302,288916,recommendation request 17645-team17.isri.cmu.edu:8082, status 200, result: the+nest+2002, arranged+2007, what+doesnt+kill+you+2008, the+longest+day+1962, the+conspiracy+2012, two+hands+1999, missing+1982, p.s.+2004, mystery_+alaska+1999, maze+2000, parker+2013, lifeboat+1944, grand+illusion+1937, johnny+english+2003, one+eight+seven+1997, guilty+as+sin+1993, the+brothers+2001, winnie+the+pooh+2011, shes+having+a+baby+1988, in+harms+way+1965, 353 ms"
"2022-02-08T19:17:46.615941,181089,recommendation request 17645-team17.isri.cmu.edu:8082, status 200, result: barbershop+2002, melody+time+1948, p.s.+2004, loving+you+1957, frenzy+1972, true+crime+1996, the+other+side+of+the+mountain+1975, the+aristocats+1970, a+family+thing+1996, freaky+friday+1976, nims+island+2008, detective+story+1951, another+thin+man+1939, saludos+amigos+1942, another+earth+2011, beyond+the+sea+2004, an+education+2009, yours_+mine+and+ours+1968, hook+1991, jennifer+eight+1992, 512 ms"
"2022-02-08T19:17:46.767898,286476,recommendation request 17645-team17.isri.cmu.edu:8082, status 200, result: mickeys+once+upon+a+christmas+1999, gods+not+dead+2014, nims+island+2008, bean+1997, fantastic+4+rise+of+the+silver+surfer+2007, gumby+the+movie+1995, the+water+horse+2007, the+chronicles+of+narnia+the+voyage+of+the+dawn+treader+2010, junebug+2005, changing+lanes+2002, the+nuns+story+1959, millions+2005, remember+the+night+1940, hook+1991, the+fury+1978, my+one+and+only+2009, ratatouille+2007, gung+ho+1986, melvin+and+howard+1980, a+christmas+carol+1984, 601 ms"
"2022-02-08T19:17:46.773700,176483,recommendation request 17645-team17.isri.cmu.edu:8082, status 200, result: rollerball+1975, robot+stories+2003, p.s.+2004, sling+blade+1996, northfork+2003, detective+story+1951, dick+tracy+1990, paul+2011, johnny+english+2003, apocalypto+2006, the+island+1980, the+saint+1997, the+yakuza+1974, gone+in+sixty+seconds+2000, gravity+2013, the+mighty+1998, jurassic+park+1993, kull+the+conqueror+1997, the+game+1997, shes+having+a+baby+1988, 620 ms"
"2022-02-08T19:17:46.767831,154934,recommendation request 17645-team17.isri.cmu.edu:8082, status 200, result: gleaming+the+cube+1989, whisper+of+the+heart+1995, the+five+senses+1999, the+avengers+1998, raging+bull+1980, the+proprietor+1996, cookie+1989, red+dawn+1984, how+i+won+the+war+1967, incognito+1997, northfork+2003, lifeboat+1944, dick+tracy+1990, grand+canyon+1991, the+verdict+1982, dead+reckoning+1947, analyze+that+2002, gone+in+sixty+seconds+2000, gravity+2013, platoon+1986, 669 ms"
"2022-02-08T19:17:46.767920,297896,recommendation request 17645-team17.isri.cmu.edu:8082, status 200, result: and+now...+ladies+and+gentlemen...+2002, son+of+godzilla+1967, brimstone++treacle+1982, detective+story+1951, tokyo+gore+police+2008, spy+kids+3-d+game+over+2003, mothra+vs.+godzilla+1964, island+2011, conan+the+barbarian+1982, proof+2005, stromboli+1950, jennifer+eight+1992, bingo+1991, spasmo+1974, dungeons++dragons+2000, phantoms+1998, the+faculty+1998, underdog+2007, s.+darko+2009, charade+1963, 632 ms"
"2022-02-08T19:17:48.534308,65152,recommendation request 17645-team17.isri.cmu.edu:8082, status 200, result: abandon+2002, lured+1947, missing+1982, primal+fear+1996, mystery_+alaska+1999, the+last+minute+2001, one+eight+seven+1997, guilty+as+sin+1993, instinct+1999, blow+out+1981, diamond+men+2000, juice+1992, island+2011, enduring+love+2004, the+desperate+hours+1955, mercy+2000, the+rainmaker+1997, the+presidio+1988, clear+and+present+danger+1994, the+untouchables+1987, 430 ms"
"2022-02-08T19:17:48.534,261117,recommendation request 17645-team17.isri.cmu.edu:8082, status 200, result: six+of+a+kind+1934, a+very+brady+sequel+1996, black+sheep+1996, school+of+rock+2003, the+honeymooners+2005, brain+donors+1992, 3+ring+circus+1954, cousins+1989, mother+1996, citizens+band+1977, marci+x+2003, the+cocoanuts+1929, animal+crackers+1930, the+truman+show+1998, up+in+smoke+1978, back+to+the+beach+1987, airplane+1980, alfie+2004, failure+to+launch+2006, critical+condition+1987, 449 ms"
"2022-02-08T19:17:48.534353,270080,recommendation request 17645-team17.isri.cmu.edu:8082, status 200, result: bossa+nova+2000, top+secret+1984, robot+stories+2003, the+last+of+the+mohicans+1992, the+longest+day+1962, major+league+ii+1994, frenzy+1972, the+other+side+of+the+mountain+1975, 633+squadron+1964, the+andromeda+strain+1971, the+way+2010, the+company+men+2010, bad+girls+1994, psycho+1998, moving+1988, the+verdict+1982, phoenix+1998, albatross+2011, last+night+1998, three+fugitives+1989, 460 ms"
"2022-02-08T19:17:48.680476,264721,recommendation request 17645-team17.isri.cmu.edu:8082, status 200, result: life+is+beautiful+1997, curdled+1996, the+five+senses+1999, sleepers+1996, 8+seconds+1994, the+other+side+of+the+mountain+1975, the+mighty+1998, the+hitch-hiker+1953, the+juror+1996, the+incredible+hulk+2008, island+2011, mobsters+1991, stromboli+1950, rushmore+1998, lassie+2005, get+real+1998, beyond+the+poseidon+adventure+1979, rocky+1976, back+to+the+future+part+ii+1989, seven+alone+1974, 596 ms"
"2022-02-08T19:17:48.922407,182472,recommendation request 17645-team17.isri.cmu.edu:8082, status 200, result: cry+freedom+1987, drop+zone+1994, rollerball+1975, star+wars+episode+iii+-+revenge+of+the+sith+2005, notting+hill+1999, a+goofy+movie+1995, p.s.+2004, son+of+the+mask+2005, maze+2000, without+a+paddle+2004, gumby+the+movie+1995, the+island+1980, wake+of+death+2004, planet+of+the+apes+2001, topper+1937, the+brothers+2001, my+beautiful+laundrette+1985, jurassic+park+1993, changing+lanes+2002, juice+1992, 829 ms"
"2022-02-08T19:17:48.935820,104955,recommendation request 17645-team17.isri.cmu.edu:8082, status 200, result: eyewitness+1981, drop+zone+1994, rollerball+1975, the+last+of+the+mohicans+1992, the+longest+day+1962, red+dawn+1984, rambo+first+blood+part+ii+1985, 633+squadron+1964, vision+quest+1985, a+little+princess+1995, the+witches+of+eastwick+1987, the+island+1980, the+saint+1997, planet+of+the+apes+2001, changing+lanes+2002, mobsters+1991, the+living+daylights+1987, above+the+law+1988, hopscotch+1980, today+you+die+2005, 843 ms"
"2022-02-08T19:17:48.937520,44735,recommendation request 17645-team17.isri.cmu.edu:8082, status 200, result: whisper+of+the+heart+1995, drop+zone+1994, barbershop+2002, switchback+1997, the+snowman+1982, shaft+in+africa+1973, a+family+thing+1996, another+thin+man+1939, 9+2005, mothra+vs.+godzilla+1964, the+matrix+revolutions+2003, the+comancheros+1961, junebug+2005, trigun+badlands+rumble+2010, the+brave+one+2007, burnt+offerings+1976, stromboli+1950, my+one+and+only+2009, return+to+me+2000, spirited+away+2001, 849 ms"
"2022-02-08T19:17:48.970465,249490,recommendation request 17645-team17.isri.cmu.edu:8082, status 200, result: nothing+but+trouble+1991, punchline+1988, 28+weeks+later+2007, the+conspiracy+2012, doc+hollywood+1991, p.s.+2004, walle+2008, altered+2006, national+lampoons+van+wilder+2002, nims+island+2008, one+man+band+2005, national+lampoons+vacation+1983, the+letter+1940, fabled+2002, jurassic+park+1993, warriors+of+heaven+and+earth+2003, island+2011, lifted+2006, hook+1991, azumi+2003, 875 ms"
"2022-02-08T19:17:48.997948,178913,recommendation request 17645-team17.isri.cmu.edu:8082, status 0, result: java.util.concurrent.TimeoutException: Request timeout to 17645-team17.isri.cmu.edu/128.2.205.118:8082 after 800 ms, 894 ms"
"2022-02-08T19:17:48.997488,229540,recommendation request 17645-team17.isri.cmu.edu:8082, status 0, result: java.util.concurrent.TimeoutException: Request timeout to 17645-team17.isri.cmu.edu/128.2.205.118:8082 after 800 ms, 907 ms"
"2022-02-08T19:17:49.454908,257463,recommendation request 17645-team17.isri.cmu.edu:8082, status 200, result: wreck-it+ralph+2012, curdled+1996, the+snowman+1982, a+goofy+movie+1995, the+aristocats+1970, northfork+2003, the+island+1980, malice+1993, the+wizard+1989, gravity+2013, the+matrix+revolutions+2003, another+earth+2011, the+hitch-hiker+1953, island+2011, the+incredible+hulk+2008, the+brave+one+2007, mobsters+1991, spasmo+1974, melvin+and+howard+1980, s.+darko+2009, 440 ms"
"2022-02-08T19:17:50.709483,124045,recommendation request 17645-team17.isri.cmu.edu:8082, status 200, result: the+five+senses+1999, forbidden+zone+1980, the+million+dollar+hotel+2000, the+longest+day+1962, 8+seconds+1994, raging+bull+1980, the+gauntlet+1977, p.s.+2004, lifeboat+1944, paul+2011, grand+illusion+1937, dick+tracy+1990, fabled+2002, painted+fire+2002, in+harms+way+1965, king+and+the+clown+2005, veronica+guerin+2003, conan+the+barbarian+1982, the+fury+1978, 7+seconds+2005, 615 ms"
"2022-02-08T19:17:50.739550,44931,recommendation request 17645-team17.isri.cmu.edu:8082, status 200, result: rocky+ii+1979, eyewitness+1981, colombiana+2011, lockout+2012, raging+bull+1980, rapid+fire+1992, that+was+then...+this+is+now+1985, east+of+eden+1955, transporter+2+2005, interiors+1978, being+there+1979, taken+3+2014, kiss+of+the+dragon+2001, taken+2+2012, fearless+1993, rocky+iii+1982, french+connection+ii+1975, atl+2006, live+free+or+die+hard+2007, rocky+1976, 572 ms"
"2022-02-08T19:17:50.844826,171113,recommendation request 17645-team17.isri.cmu.edu:8082, status 200, result: my+man+godfrey+1957, ed+1996, 8+seconds+1994, p.s.+2004, loving+you+1957, maze+2000, beyond+2010, the+brothers+2001, for+keeps+1988, we+are+the+best+2013, crush+2001, the+incredible+hulk+2008, m.+butterfly+1993, the+idolmaker+1980, the+dream+team+1989, get+real+1998, back+to+the+future+part+ii+1989, nights+in+rodanthe+2008, boy+a+2007, bring+it+on+again+2004, 730 ms"
"2022-02-08T19:17:50.933168,197331,recommendation request 17645-team17.isri.cmu.edu:8082, status 200, result: shampoo+1975, robot+stories+2003, punchline+1988, city+slickers+1991, the+errand+boy+1961, p.s.+2004, barbarosa+1982, show+boat+1951, maze+2000, northfork+2003, twentieth+century+1934, cabin+boy+1994, bad+girls+1994, chicken+run+2000, bachelor+in+paradise+1961, love+crazy+1941, a+patch+of+blue+1965, the+brothers+2001, on+the+town+1949, geronimo+an+american+legend+1993, 817 ms"
"2022-02-08T19:17:50.960114,38471,recommendation request 17645-team17.isri.cmu.edu:8082, status 200, result: eyewitness+1981, the+house+of+yes+1997, p.s.+2004, true+crime+1996, hollow+man+2000, identity+2003, courage+under+fire+1996, maze+2000, light+it+up+1999, red+dawn+1984, in+the+line+of+fire+1993, critters+1986, glen+or+glenda+1953, i+am+a+sex+addict+2005, the+mighty+1998, junebug+2005, shes+having+a+baby+1988, hollywood+sex+wars+2011, body+double+1984, crush+2001, 834 ms"
"2022-02-08T19:17:50.946850,163038,recommendation request 17645-team17.isri.cmu.edu:8082, status 200, result: cry+freedom+1987, drop+zone+1994, 8+seconds+1994, p.s.+2004, the+wash+2001, the+other+side+of+the+mountain+1975, nims+island+2008, the+company+men+2010, masterminds+1997, four+brothers+2005, albatross+2011, white+palace+1990, island+2011, conan+the+barbarian+1982, hook+1991, hopscotch+1980, 7+seconds+2005, eight+men+out+1988, down+in+the+delta+1998, dungeons++dragons+2000, 855 ms"
"2022-02-08T19:17:50.970934,84322,recommendation request 17645-team17.isri.cmu.edu:8082, status 0, result: java.util.concurrent.TimeoutException: Request timeout to 17645-team17.isri.cmu.edu/128.2.205.118:8082 after 800 ms, 875 ms"
"2022-02-08T19:17:50.987709,56421,recommendation request 17645-team17.isri.cmu.edu:8082, status 0, result: java.util.concurrent.TimeoutException: Request timeout to 17645-team17.isri.cmu.edu/128.2.205.118:8082 after 800 ms, 871 ms"
"2022-02-08T19:17:50.995671,42061,recommendation request 17645-team17.isri.cmu.edu:8082, status 0, result: java.util.concurrent.TimeoutException: Request timeout to 17645-team17.isri.cmu.edu/128.2.205.118:8082 after 800 ms, 881 ms"
"2022-02-08T19:17:51.365103,3150,recommendation request 17645-team17.isri.cmu.edu:8082, status 400, result: movie 1 not found, 263 ms"
"2022-02-08T19:17:51.387671,31944,recommendation request 17645-team17.isri.cmu.edu:8082, status 200, result: eyewitness+1981, rollerball+1975, lockout+2012, star+wars+episode+iii+-+revenge+of+the+sith+2005, p.s.+2004, frenzy+1972, true+crime+1996, nims+island+2008, a+little+princess+1995, pitch+black+2000, haywire+2011, planet+of+the+apes+2001, junebug+2005, from+here+to+eternity+1953, ali+2001, hook+1991, the+curse+of+the+cat+people+1944, my+one+and+only+2009, today+you+die+2005, spasmo+1974, 302 ms"
"2022-02-08T19:17:51.387621,124759,recommendation request 17645-team17.isri.cmu.edu:8082, status 200, result: 8+seconds+1994, suddenly+1954, that+was+then...+this+is+now+1985, midnight+1939, once+bitten+1985, forrest+gump+1994, old+yeller+1957, love+story+1970, phoenix+1998, rapa+nui+1994, you+and+i+2006, shes+having+a+baby+1988, m.+butterfly+1993, cinderfella+1960, quartet+1981, seven+men+from+now+1956, romeo+is+bleeding+1993, the+postman+1997, frankie+and+johnny+1991, closed+circuit+2013, 279 ms"
"2022-02-08T19:17:52.397457,65748,recommendation request 17645-team17.isri.cmu.edu:8082, status 200, result: eyewitness+1981, drop+zone+1994, the+five+senses+1999, the+avengers+1998, rollerball+1975, forbidden+zone+1980, 8+seconds+1994, the+proprietor+1996, p.s.+2004, walle+2008, incognito+1997, northfork+2003, a+little+princess+1995, the+saint+1997, analyze+that+2002, planet+of+the+apes+2001, cars+2+2011, hogfather+2006, look+whos+talking+too+1990, the+brave+one+2007, 276 ms"
"2022-02-08T19:17:52.333562,296245,recommendation request 17645-team17.isri.cmu.edu:8082, status 200, result: eyewitness+1981, cry+freedom+1987, the+avengers+1998, top+secret+1984, and+now...+ladies+and+gentlemen...+2002, 8+seconds+1994, the+proprietor+1996, the+other+side+of+the+mountain+1975, once+bitten+1985, incognito+1997, z+1969, lifeboat+1944, grand+illusion+1937, ice+castles+1978, haywire+2011, paparazzi+2004, the+great+escape+1963, analyze+that+2002, white+palace+1990, changing+lanes+2002, 261 ms"
"2022-02-08T19:17:53.401232,209150,recommendation request 17645-team17.isri.cmu.edu:8082, status 200, result: drop+zone+1994, switchback+1997, barbershop+2002, p.s.+2004, missing+1982, walle+2008, big+hero+6+2014, mystery_+alaska+1999, edward+scissorhands+1990, gods+not+dead+2014, inception+2010, another+thin+man+1939, one+eight+seven+1997, guilty+as+sin+1993, cars+2+2011, beyond+the+sea+2004, island+2011, shes+out+of+my+league+2010, bingo+1991, small+time+crooks+2000, 324 ms"
"2022-02-08T19:17:53.366911,153700,recommendation request 17645-team17.isri.cmu.edu:8082, status 200, result: the+cat+in+the+hat+2003, drop+zone+1994, rollerball+1975, ed+1996, family+plot+1976, frenzy+1972, barbarosa+1982, the+other+side+of+the+mountain+1975, without+a+paddle+2004, in+the+line+of+fire+1993, ice+castles+1978, the+beverly+hillbillies+1993, dead+reckoning+1947, lionheart+1990, wake+of+death+2004, malice+1993, planet+of+the+apes+2001, opportunity+knocks+1990, how+the+grinch+stole+christmas+2000, desk+set+1957, 335 ms"
"2022-02-08T19:17:53.472582,185794,recommendation request 17645-team17.isri.cmu.edu:8082, status 200, result: shampoo+1975, cry+freedom+1987, the+gauntlet+1977, lockout+2012, punchline+1988, the+conspiracy+2012, childs+play+3+1991, frenzy+1972, in+the+line+of+fire+1993, dick+tracy+1990, paul+2011, johnny+english+2003, psycho+1998, haywire+2011, phoenix+1998, the+yakuza+1974, the+client+1994, jaws+3-d+1983, the+serpent+and+the+rainbow+1988, junebug+2005, 332 ms"
"2022-02-08T19:17:53.485780,29157,recommendation request 17645-team17.isri.cmu.edu:8082, status 200, result: curdled+1996, bill+cosby+himself+1983, throw+momma+from+the+train+1987, cookie+1989, the+promise+2005, a+family+thing+1996, pitch+black+2000, spy+kids+3-d+game+over+2003, masterminds+1997, money+train+1995, armed+and+dangerous+1986, junebug+2005, the+women+2008, scary+movie+5+2013, class+1983, beyond+therapy+1987, my+one+and+only+2009, bingo+1991, the+adventures+of+ford+fairlane+1990, easy+money+1983, 343 ms"
"2022-02-08T19:17:54.342937,234712,recommendation request 17645-team17.isri.cmu.edu:8082, status 200, result: rollerball+1975, robot+stories+2003, six+pack+1982, the+last+of+the+mohicans+1992, the+longest+day+1962, the+proprietor+1996, missing+1982, p.s.+2004, the+other+side+of+the+mountain+1975, 633+squadron+1964, maze+2000, a+family+thing+1996, lifeboat+1944, grand+illusion+1937, harry+and+tonto+1974, planet+of+the+apes+2001, the+brothers+2001, stonewall+1995, the+truman+show+1998, shes+having+a+baby+1988, 284 ms"
"2022-02-08T19:17:54.362747,212065,recommendation request 17645-team17.isri.cmu.edu:8082, status 200, result: cry+freedom+1987, forbidden+zone+1980, definitely_+maybe+2008, the+million+dollar+hotel+2000, the+gauntlet+1977, the+proprietor+1996, p.s.+2004, how+i+won+the+war+1967, brimstone++treacle+1982, lifeboat+1944, paul+2011, the+letter+1940, platoon+1986, evil+dead+ii+1987, in+harms+way+1965, conan+the+barbarian+1982, an+american+carol+2008, dungeons++dragons+2000, the+ring+two+2005, orgy+of+the+dead+1965, 304 ms"
"2022-02-08T19:17:55.514322,32173,recommendation request 17645-team17.isri.cmu.edu:8082, status 200, result: black+beauty+1994, the+perfect+score+2004, drop+zone+1994, six+pack+1982, the+snowman+1982, major+league+ii+1994, sling+blade+1996, p.s.+2004, big+hero+6+2014, barbarosa+1982, a+family+thing+1996, fuck+2005, without+a+paddle+2004, northfork+2003, bad+girls+1994, moving+1988, harry+and+tonto+1974, wake+of+death+2004, the+mighty+1998, the+longest+yard+1974, 496 ms"
"2022-02-08T19:17:55.696552,217555,recommendation request 17645-team17.isri.cmu.edu:8082, status 200, result: the+perfect+score+2004, eyewitness+1981, curdled+1996, bon+cop+bad+cop+2006, cry+freedom+1987, six+pack+1982, mary+poppins+1964, p.s.+2004, son+of+the+mask+2005, the+addams+family+1991, a+family+thing+1996, freaky+friday+1976, harry+and+tonto+1974, topper+1937, shes+having+a+baby+1988, the+hitch-hiker+1953, mobsters+1991, the+women+2008, hopscotch+1980, today+you+die+2005, 636 ms"
"2022-02-08T19:17:55.754963,191575,recommendation request 17645-team17.isri.cmu.edu:8082, status 200, result: curdled+1996, rollerball+1975, man+of+the+year+2006, star+wars+episode+iii+-+revenge+of+the+sith+2005, major+league+ii+1994, birdy+1984, moving+1988, harem+1985, planet+of+the+apes+2001, the+hitch-hiker+1953, island+2011, mobsters+1991, bridesmaids+2011, eight+men+out+1988, they+made+me+a+criminal+1939, hot+to+trot+1988, dungeons++dragons+2000, american+splendor+2003, l.i.e.+2001, 40+days+and+40+nights+2002, 726 ms"
"2022-02-08T19:17:56.300438,60382,recommendation request 17645-team17.isri.cmu.edu:8082, status 200, result: drop+zone+1994, rollerball+1975, barbershop+2002, p.s.+2004, son+of+the+mask+2005, courage+under+fire+1996, a+time+to+kill+1996, another+thin+man+1939, moving+1988, guilty+as+sin+1993, the+saint+1997, the+yakuza+1974, planet+of+the+apes+2001, topper+1937, changing+lanes+2002, free+willy+3+the+rescue+1997, island+2011, the+incredible+hulk+2008, the+women+2008, chicken+little+2005, 207 ms"
"2022-02-08T19:17:56.356347,40251,recommendation request 17645-team17.isri.cmu.edu:8082, status 200, result: american+virgin+2000, the+fly+1986, melody+time+1948, raging+bull+1980, the+proprietor+1996, return+of+the+fly+1959, true+crime+1996, hollow+man+2000, around+the+bend+2004, identity+2003, sleeping+beauty+1959, the+andromeda+strain+1971, in+the+line+of+fire+1993, the+aristocats+1970, a+family+thing+1996, the+flying+saucer+1950, moving+1988, saludos+amigos+1942, 9+2005, albatross+2011, 250 ms"
"2022-02-08T19:17:57.509961,92478,recommendation request 17645-team17.isri.cmu.edu:8082, status 200, result: n+1998, criminal+law+1988, the+house+of+yes+1997, 8+seconds+1994, notting+hill+1999, p.s.+2004, the+other+side+of+the+mountain+1975, light+it+up+1999, maze+2000, phoenix+1998, albatross+2011, the+brothers+2001, my+beautiful+laundrette+1985, in+this+world+2002, the+mighty+1998, an+education+2009, juice+1992, island+2011, crush+2001, quartet+1981, 385 ms"
"2022-02-08T19:17:57.525002,143398,recommendation request 17645-team17.isri.cmu.edu:8082, status 200, result: the+nest+2002, what+doesnt+kill+you+2008, the+amazing+spider-man+2012, the+golden+voyage+of+sinbad+1973, parker+2013, father+of+the+bride+1991, cabin+boy+1994, johnny+english+2003, a+patch+of+blue+1965, winnie+the+pooh+2011, junebug+2005, rush+hour+3+2007, have+rocket_+will+travel+1959, from+here+to+eternity+1953, ali+2001, romeo+and+juliet+1936, above+the+law+1988, shes+out+of+my+league+2010, h.m.+pulham_+esq.+1941, my+one+and+only+2009, 410 ms"
"2022-02-08T19:17:57.650297,146050,recommendation request 17645-team17.isri.cmu.edu:8082, status 200, result: ed+1996, the+proprietor+1996, red+dawn+1984, spirit+stallion+of+the+cimarron+2002, a+family+thing+1996, frankenstein+meets+the+wolf+man+1943, z+1969, mousehunt+1997, evil+dead+ii+1987, shes+having+a+baby+1988, unaccompanied+minors+2006, ernest+in+the+army+1998, sunday+bloody+sunday+1971, the+nuns+story+1959, dinoshark+2010, come+see+the+paradise+1990, ratatouille+2007, chicken+little+2005, orgy+of+the+dead+1965, shrek+the+third+2007, 532 ms"
"2022-02-08T19:17:57.660020,122448,recommendation request 17645-team17.isri.cmu.edu:8082, status 200, result: wreck-it+ralph+2012, whisper+of+the+heart+1995, mickeys+once+upon+a+christmas+1999, the+thief+of+bagdad+1924, un+chien+andalou+1929, six+pack+1982, a+goofy+movie+1995, the+aristocats+1970, frozen+2007, chicken+run+2000, the+warrior+2001, money+train+1995, fabled+2002, painted+fire+2002, cars+2+2011, king+and+the+clown+2005, the+twelve+tasks+of+asterix+1976, bingo+1991, spirited+away+2001, blackrock+1997, 516 ms"
"2022-02-08T19:17:57.657066,287453,recommendation request 17645-team17.isri.cmu.edu:8082, status 200, result: the+cat+in+the+hat+2003, cry+freedom+1987, the+last+of+the+mohicans+1992, ed+1996, p.s.+2004, frenzy+1972, the+other+side+of+the+mountain+1975, maze+2000, masterminds+1997, guilty+as+sin+1993, patriot+games+1992, the+brothers+2001, for+keeps+1988, how+the+grinch+stole+christmas+2000, changing+lanes+2002, juice+1992, crush+2001, from+here+to+eternity+1953, side+out+1990, breakdown+1997, 509 ms"
"2022-02-08T19:17:58.417536,208101,recommendation request 17645-team17.isri.cmu.edu:8082, status 200, result: curdled+1996, cry+freedom+1987, what+doesnt+kill+you+2008, top+secret+1984, rio+bravo+1959, the+last+of+the+mohicans+1992, my+man+godfrey+1957, the+proprietor+1996, family+plot+1976, ed+1996, guest+house+paradiso+1999, frenzy+1972, 633+squadron+1964, the+addams+family+1991, jungle+fever+1991, in+the+line+of+fire+1993, a+time+to+kill+1996, a+little+princess+1995, dead+reckoning+1947, company+man+2000, 399 ms"
"2022-02-08T19:17:58.618140,267242,recommendation request 17645-team17.isri.cmu.edu:8082, status 200, result: black+beauty+1994, nothing+but+trouble+1991, barbershop+2002, robot+stories+2003, the+longest+day+1962, lockout+2012, doc+hollywood+1991, the+dirty+dozen+next+mission+1985, national+lampoons+van+wilder+2002, northfork+2003, a+little+princess+1995, lifeboat+1944, grand+illusion+1937, haywire+2011, another+thin+man+1939, national+lampoons+vacation+1983, another+earth+2011, junebug+2005, shes+having+a+baby+1988, in+harms+way+1965, 570 ms"
"2022-02-08T19:17:58.623872,81149,recommendation request 17645-team17.isri.cmu.edu:8082, status 200, result: north+by+northwest+1959, shampoo+1975, robot+stories+2003, p.s.+2004, the+other+side+of+the+mountain+1975, northfork+2003, cabin+boy+1994, the+company+men+2010, splash+1984, taxi+2004, hot+tub+time+machine+2010, the+yakuza+1974, albatross+2011, gravity+2013, another+earth+2011, jurassic+park+1993, the+game+1997, mighty+aphrodite+1995, last+night+1998, eight+men+out+1988, 591 ms"
"2022-02-08T19:17:58.625759,268813,recommendation request 17645-team17.isri.cmu.edu:8082, status 200, result: the+perfect+score+2004, cry+freedom+1987, bon+cop+bad+cop+2006, melody+time+1948, a+goofy+movie+1995, the+aristocats+1970, masterminds+1997, saludos+amigos+1942, the+yakuza+1974, gravity+2013, the+game+1997, island+2011, conan+the+barbarian+1982, the+women+2008, above+the+law+1988, 7+seconds+2005, the+emperors+new+groove+2000, spasmo+1974, chicken+little+2005, dungeons++dragons+2000, 548 ms"
"2022-02-08T19:17:58.685263,19833,recommendation request 17645-team17.isri.cmu.edu:8082, status 200, result: eyewitness+1981, the+longest+day+1962, lockout+2012, sling+blade+1996, red+dawn+1984, vision+quest+1985, lifeboat+1944, a+little+princess+1995, grand+illusion+1937, pitch+black+2000, haywire+2011, the+witches+of+eastwick+1987, the+mighty+1998, winnie+the+pooh+2011, in+harms+way+1965, the+living+daylights+1987, above+the+law+1988, hopscotch+1980, today+you+die+2005, ratatouille+2007, 613 ms"
"2022-02-08T19:17:58.696103,36591,recommendation request 17645-team17.isri.cmu.edu:8082, status 200, result: the+westerner+1940, the+bounty+1984, notting+hill+1999, p.s.+2004, a+goofy+movie+1995, barbarosa+1982, light+it+up+1999, nothing+to+lose+1994, maze+2000, the+other+side+of+the+mountain+1975, tap+1989, the+brothers+2001, my+beautiful+laundrette+1985, crush+2001, island+2011, singham+2011, absolute+power+1997, untitled+2009, the+bostonians+1984, the+emperors+new+groove+2000, 648 ms"
"2022-02-08T19:17:59.391184,206658,recommendation request 17645-team17.isri.cmu.edu:8082, status 200, result: shampoo+1975, bossa+nova+2000, forbidden+zone+1980, p.s.+2004, frenzy+1972, the+other+side+of+the+mountain+1975, maze+2000, the+way+2010, cadillac+man+1990, random+hearts+1999, the+yakuza+1974, the+brothers+2001, the+client+1994, gravity+2013, patriot+games+1992, junebug+2005, the+game+1997, juice+1992, crush+2001, some+days+are+better+than+others+2011, 370 ms"
"2022-02-08T19:17:59.469535,209905,recommendation request 17645-team17.isri.cmu.edu:8082, status 200, result: barbershop+2002, light+it+up+1999, lethal+weapon+3+1992, in+the+line+of+fire+1993, detective+story+1951, dick+tracy+1990, pitch+black+2000, dont+say+a+word+2001, another+thin+man+1939, sanjuro+1962, shes+having+a+baby+1988, juice+1992, the+fan+1981, jennifer+eight+1992, return+to+me+2000, terminator+2+judgment+day+1991, bulletproof+1996, the+hidden+fortress+1958, fire+down+below+1997, kagemusha+1980, 438 ms"
"2022-02-08T19:17:59.479579,104377,recommendation request 17645-team17.isri.cmu.edu:8082, status 200, result: the+nest+2002, pandorum+2009, what+doesnt+kill+you+2008, the+gauntlet+1977, raging+bull+1980, desert+blue+1999, p.s.+2004, parker+2013, a+family+thing+1996, a+little+princess+1995, dont+say+a+word+2001, your+friends++neighbors+1998, johnny+english+2003, the+yakuza+1974, albatross+2011, superman+vs.+the+elite+2012, junebug+2005, rush+hour+3+2007, batman+the+dark+knight+returns_+part+2+2013, sunday+bloody+sunday+1971, 432 ms"
"2022-02-08T19:17:59.488663,148566,recommendation request 17645-team17.isri.cmu.edu:8082, status 200, result: rollerball+1975, melody+time+1948, lockout+2012, star+wars+episode+iii+-+revenge+of+the+sith+2005, crossroads+2002, the+country+bears+2002, snow+dogs+2002, big+hero+6+2014, the+aristocats+1970, haywire+2011, saludos+amigos+1942, planet+of+the+apes+2001, hackers+1995, junebug+2005, shes+having+a+baby+1988, from+here+to+eternity+1953, ali+2001, the+incredible+hulk+2008, romeo+and+juliet+1936, my+one+and+only+2009, 425 ms"
"2022-02-08T19:18:00.501931,113062,recommendation request 17645-team17.isri.cmu.edu:8082, status 200, result: sullivans+travels+1941, barbershop+2002, intersection+1994, the+house+of+yes+1997, last+holiday+2006, walle+2008, without+a+paddle+2004, freaky+friday+1976, another+thin+man+1939, money+train+1995, fabled+2002, the+mighty+1998, island+2011, return+to+me+2000, shrek+the+third+2007, cars+2006, old+gringo+1989, project+s+1993, maximum+risk+1996, blue+chips+1994, 361 ms"
"2022-02-08T19:18:00.464121,189518,recommendation request 17645-team17.isri.cmu.edu:8082, status 200, result: the+longest+day+1962, picture+perfect+1997, intersection+1994, missing+1982, true+crime+1996, a+goofy+movie+1995, mystery_+alaska+1999, loving+you+1957, p.s.+2004, maze+2000, freaky+friday+1976, lifeboat+1944, dick+tracy+1990, grand+illusion+1937, johnny+english+2003, apocalypto+2006, one+eight+seven+1997, guilty+as+sin+1993, the+saint+1997, gone+in+sixty+seconds+2000, 462 ms"
"2022-02-08T19:18:00.525062,176213,recommendation request 17645-team17.isri.cmu.edu:8082, status 200, result: barbershop+2002, red+dawn+1984, a+goofy+movie+1995, walle+2008, deep+rising+1998, snow+dogs+2002, father+of+the+bride+1991, cabin+boy+1994, another+thin+man+1939, one+man+band+2005, masterminds+1997, cars+2+2011, the+living+daylights+1987, conan+the+barbarian+1982, heartbreakers+2001, romeo+and+juliet+1936, lifted+2006, above+the+law+1988, hopscotch+1980, dinoshark+2010, 451 ms"
"2022-02-08T19:18:00.525078,143401,recommendation request 17645-team17.isri.cmu.edu:8082, status 200, result: drop+zone+1994, cry+freedom+1987, the+dresser+1983, p.s.+2004, maze+2000, vision+quest+1985, a+little+princess+1995, nims+island+2008, the+witches+of+eastwick+1987, albatross+2011, the+brothers+2001, junebug+2005, juice+1992, crush+2001, the+nuns+story+1959, six+weeks+1982, hook+1991, the+fan+1981, my+one+and+only+2009, dugs+special+mission+2009, 382 ms"
"2022-02-08T19:18:01.445812,281161,recommendation request 17645-team17.isri.cmu.edu:8082, status 200, result: 8+seconds+1994, amityville+ii+the+possession+1982, the+nomi+song+2004, light+it+up+1999, the+mummys+curse+1944, excision+2012, nighthawks+1981, phoenix+1998, the+ambassador+2011, the+house+on+sorority+row+1983, juice+1992, have+rocket_+will+travel+1959, the+last+seduction+1994, cherrybomb+2009, the+fury+1978, above+the+law+1988, 7+seconds+2005, the+fan+1981, dinoshark+2010, the+three+stooges+in+orbit+1962, 370 ms"
"2022-02-08T19:18:01.357423,49696,recommendation request 17645-team17.isri.cmu.edu:8082, status 200, result: gleaming+the+cube+1989, raging+bull+1980, james+and+the+giant+peach+1996, the+snowman+1982, a+goofy+movie+1995, red+dawn+1984, a+family+thing+1996, dick+tracy+1990, apocalypto+2006, grand+canyon+1991, the+verdict+1982, the+saint+1997, gone+in+sixty+seconds+2000, albatross+2011, the+matrix+revolutions+2003, juice+1992, the+living+daylights+1987, conan+the+barbarian+1982, the+incredible+hulk+2008, the+brave+one+2007, 305 ms"
"2022-02-08T19:18:01.472918,146932,recommendation request 17645-team17.isri.cmu.edu:8082, status 200, result: rollerball+1975, the+five+senses+1999, robot+stories+2003, cazuza+time+doesnt+stop+2004, p.s.+2004, frenzy+1972, nothing+to+lose+1994, the+other+side+of+the+mountain+1975, behind+the+sun+2001, in+the+line+of+fire+1993, the+beverly+hillbillies+1993, steel+1997, stonewall+1995, evil+dead+ii+1987, desk+set+1957, junebug+2005, the+truman+show+1998, sherlock+holmes+in+washington+1943, from+here+to+eternity+1953, ali+2001, 394 ms"
"2022-02-08T19:18:02.371006,207082,recommendation request 17645-team17.isri.cmu.edu:8082, status 200, result: black+beauty+1994, eyewitness+1981, the+glimmer+man+1996, curdled+1996, sleepers+1996, six+pack+1982, notting+hill+1999, p.s.+2004, true+crime+1996, son+of+the+mask+2005, maze+2000, a+family+thing+1996, in+the+line+of+fire+1993, chronicle+2012, ice+castles+1978, the+man+without+a+face+1993, harry+and+tonto+1974, the+client+1994, topper+1937, the+brothers+2001, 344 ms"
"2022-02-08T19:18:02.324632,15849,recommendation request 17645-team17.isri.cmu.edu:8082, status 200, result: rollerball+1975, man+of+the+year+2006, ed+1996, star+wars+episode+iii+-+revenge+of+the+sith+2005, p.s.+2004, maze+2000, inception+2010, casper+1995, harry+and+tonto+1974, phoenix+1998, planet+of+the+apes+2001, the+brothers+2001, the+matrix+revolutions+2003, jurassic+park+1993, junebug+2005, crush+2001, the+brave+one+2007, bridesmaids+2011, hook+1991, my+one+and+only+2009, 295 ms"
"2022-02-08T19:18:02.375452,209269,recommendation request 17645-team17.isri.cmu.edu:8082, status 200, result: drop+zone+1994, barbershop+2002, ed+1996, book+of+shadows+blair+witch+2+2000, the+conspiracy+2012, last+holiday+2006, casper+1995, another+thin+man+1939, jurassic+park+1993, american+psycho+2+all+american+girl+2002, island+2011, conan+the+barbarian+1982, bridesmaids+2011, hook+1991, blood+and+sand+1989, come+see+the+paradise+1990, spasmo+1974, dungeons++dragons+2000, they+made+me+a+criminal+1939, absentia+2011, 340 ms"
"2022-02-08T19:18:03.554209,125497,recommendation request 17645-team17.isri.cmu.edu:8082, status 200, result: the+killing+fields+1984, lucky+them+2013, punchline+1988, suddenly+1954, gorky+park+1983, that+was+then...+this+is+now+1985, code+of+silence+1985, gods+not+dead+2014, birdy+1984, the+falcon+and+the+snowman+1985, phoenix+1998, harem+1985, albatross+2011, the+boys+are+back+2009, shes+having+a+baby+1988, the+hot+spot+1990, six+weeks+1982, eight+men+out+1988, beefcake+1998, down+in+the+delta+1998, 495 ms"
"2022-02-08T19:18:03.552275,267067,recommendation request 17645-team17.isri.cmu.edu:8082, status 200, result: the+family+man+2000, the+cat+in+the+hat+2003, leave+it+to+beaver+1997, a+simple+wish+1997, ed+1996, ghost+dad+1990, p.s.+2004, once+around+1991, harry+and+the+hendersons+1987, casper+1995, parenthood+1989, babe+pig+in+the+city+1998, death+becomes+her+1992, uncle+buck+1989, how+the+grinch+stole+christmas+2000, rat+2001, gordy+1995, now+and+then+1995, american+dreamz+2006, batteries+not+included+1987, 459 ms"
"2022-02-08T19:18:03.629396,223539,recommendation request 17645-team17.isri.cmu.edu:8082, status 200, result: out+of+sight+1998, intersection+1994, ed+1996, bustin+loose+1981, family+plot+1976, loving+you+1957, lethal+weapon+3+1992, the+hound+of+the+baskervilles+1978, detective+story+1951, dick+tracy+1990, casper+1995, a+shock+to+the+system+1990, jurassic+park+1993, have+rocket_+will+travel+1959, island+2011, smokey+and+the+bandit+part+3+1983, hook+1991, shes+out+of+my+league+2010, a+place+in+the+sun+1951, dark+passage+1947, 560 ms"
"2022-02-08T19:18:03.824165,60603,recommendation request 17645-team17.isri.cmu.edu:8082, status 200, result: cry+freedom+1987, rollerball+1975, about+last+night...+1986, star+wars+episode+iii+-+revenge+of+the+sith+2005, p.s.+2004, missing+1982, maze+2000, phoenix+1998, planet+of+the+apes+2001, look+whos+talking+too+1990, crush+2001, conan+the+barbarian+1982, the+hot+spot+1990, the+nuns+story+1959, side+out+1990, lilians+story+1996, dungeons++dragons+2000, the+allnighter+1987, dopamine+2003, zoot+suit+1981, 769 ms"
"2022-02-08T19:18:03.952244,278202,recommendation request 17645-team17.isri.cmu.edu:8082, status 0, result: java.util.concurrent.TimeoutException: Request timeout to 17645-team17.isri.cmu.edu/128.2.205.118:8082 after 800 ms, 860 ms"
"2022-02-08T19:18:03.958266,236523,recommendation request 17645-team17.isri.cmu.edu:8082, status 0, result: java.util.concurrent.TimeoutException: Request timeout to 17645-team17.isri.cmu.edu/128.2.205.118:8082 after 800 ms, 881 ms"
"2022-02-08T19:18:03.965474,231656,recommendation request 17645-team17.isri.cmu.edu:8082, status 0, result: java.util.concurrent.TimeoutException: Request timeout to 17645-team17.isri.cmu.edu/128.2.205.118:8082 after 800 ms, 883 ms"
"2022-02-08T19:18:03.974498,199175,recommendation request 17645-team17.isri.cmu.edu:8082, status 0, result: java.util.concurrent.TimeoutException: Request timeout to 17645-team17.isri.cmu.edu/128.2.205.118:8082 after 800 ms, 871 ms"
"2022-02-08T19:18:03.974862,303510,recommendation request 17645-team17.isri.cmu.edu:8082, status 0, result: java.util.concurrent.TimeoutException: Request timeout to 17645-team17.isri.cmu.edu/128.2.205.118:8082 after 800 ms, 869 ms"
"2022-02-08T19:18:03.974624,25352,recommendation request 17645-team17.isri.cmu.edu:8082, status 200, result: drop+zone+1994, a+goofy+movie+1995, p.s.+2004, maze+2000, without+a+paddle+2004, freaky+friday+1976, moving+1988, guilty+as+sin+1993, wake+of+death+2004, patriot+games+1992, the+brothers+2001, winnie+the+pooh+2011, changing+lanes+2002, shes+having+a+baby+1988, free+willy+3+the+rescue+1997, crush+2001, the+incredible+hulk+2008, juice+1992, breakdown+1997, hopscotch+1980, 918 ms"
"2022-02-08T19:18:04.461044,237533,recommendation request 17645-team17.isri.cmu.edu:8082, status 200, result: the+perfect+score+2004, the+five+senses+1999, boarding+gate+2007, 8+seconds+1994, the+proprietor+1996, p.s.+2004, sling+blade+1996, the+other+side+of+the+mountain+1975, maze+2000, the+closet+2001, dead+of+night+1945, a+time+to+kill+1996, iris+2001, the+yakuza+1974, opportunity+knocks+1990, the+longest+yard+1974, the+mighty+1998, crush+2001, i+know+who+killed+me+2007, today+you+die+2005, 431 ms"
"2022-02-08T19:18:04.461748,284762,recommendation request 17645-team17.isri.cmu.edu:8082, status 200, result: the+believers+1987, rollerball+1975, switchback+1997, paths+of+glory+1957, frenzy+1972, true+crime+1996, the+bridge+at+remagen+1969, fuck+2005, heavens+gate+1980, phoenix+1998, the+devils+1971, running+scared+1986, battle+for+terra+2007, changing+lanes+2002, island+2011, the+women+2008, flowers+in+the+attic+1987, the+man+who+knew+too+much+1956, appaloosa+2008, jennifer+eight+1992, 382 ms"
"2022-02-08T19:18:04.462014,250421,recommendation request 17645-team17.isri.cmu.edu:8082, status 200, result: the+five+senses+1999, rollerball+1975, the+last+of+the+mohicans+1992, intersection+1994, p.s.+2004, the+other+side+of+the+mountain+1975, allegro+non+troppo+1976, auntie+mame+1958, a+patch+of+blue+1965, this+property+is+condemned+1966, an+education+2009, music+and+lyrics+2007, mobsters+1991, romeo+and+juliet+1936, help+1965, synecdoche_+new+york+2008, hopscotch+1980, taking+chance+2009, h.m.+pulham_+esq.+1941, carefree+1938, 434 ms"
"2022-02-08T19:18:04.480625,102186,recommendation request 17645-team17.isri.cmu.edu:8082, status 200, result: the+five+senses+1999, il+divo+2008, robot+stories+2003, 8+seconds+1994, the+proprietor+1996, royal+deceit+1994, dont+move+2004, the+other+side+of+the+mountain+1975, lamerica+1994, a+family+thing+1996, lenfer+1994, the+flowers+of+st.+francis+1950, junebug+2005, two+friends+2002, juice+1992, mobsters+1991, redbelt+2008, island+2011, last+night+1998, my+one+and+only+2009, 408 ms"
"2022-02-08T19:18:05.389584,221337,recommendation request 17645-team17.isri.cmu.edu:8082, status 200, result: eyewitness+1981, the+wood+1999, coldblooded+1995, sleepers+1996, major+league+ii+1994, the+lucky+ones+2008, birdy+1984, dumb+and+dumber+to+2014, moving+1988, the+letter+1940, phoenix+1998, guilty+as+sin+1993, harem+1985, the+yakuza+1974, the+client+1994, modesty+blaise+1966, junebug+2005, mobsters+1991, hopscotch+1980, eight+men+out+1988, 258 ms"
"2022-02-08T19:18:05.339959,228655,recommendation request 17645-team17.isri.cmu.edu:8082, status 200, result: gleaming+the+cube+1989, robot+stories+2003, raging+bull+1980, missing+1982, mystery_+alaska+1999, the+other+side+of+the+mountain+1975, code+of+silence+1985, grand+canyon+1991, the+letter+1940, the+verdict+1982, one+eight+seven+1997, guilty+as+sin+1993, the+yakuza+1974, phoenix+1998, fabled+2002, gravity+2013, painted+fire+2002, the+game+1997, king+and+the+clown+2005, island+2011, 292 ms"
"2022-02-08T19:18:06.367409,193346,recommendation request 17645-team17.isri.cmu.edu:8082, status 200, result: the+cat+in+the+hat+2003, cry+freedom+1987, drop+zone+1994, rollerball+1975, robot+stories+2003, my+man+godfrey+1957, ed+1996, family+plot+1976, star+wars+episode+iii+-+revenge+of+the+sith+2005, p.s.+2004, without+a+paddle+2004, northfork+2003, father+of+the+bride+1991, cabin+boy+1994, wake+of+death+2004, planet+of+the+apes+2001, opportunity+knocks+1990, how+the+grinch+stole+christmas+2000, changing+lanes+2002, last+night+1998, 330 ms"
"2022-02-08T19:18:06.549095,198115,recommendation request 17645-team17.isri.cmu.edu:8082, status 200, result: eyewitness+1981, ed+1996, how+i+won+the+war+1967, the+other+side+of+the+mountain+1975, barbarosa+1982, lethal+weapon+3+1992, dont+tell+her+its+me+1990, detective+story+1951, pitch+black+2000, ice+castles+1978, mousehunt+1997, the+matrix+revolutions+2003, desk+set+1957, an+education+2009, the+late+shift+1996, ernest+in+the+army+1998, from+here+to+eternity+1953, ali+2001, the+tree+of+life+2011, the+brave+one+2007, 495 ms"
"2022-02-08T19:18:06.549129,147463,recommendation request 17645-team17.isri.cmu.edu:8082, status 200, result: eyewitness+1981, six+pack+1982, lockout+2012, a+goofy+movie+1995, p.s.+2004, a+family+thing+1996, freaky+friday+1976, haywire+2011, harry+and+tonto+1974, guilty+as+sin+1993, winnie+the+pooh+2011, shes+having+a+baby+1988, hopscotch+1980, the+emperors+new+groove+2000, today+you+die+2005, ratatouille+2007, shrek+the+third+2007, beyond+the+poseidon+adventure+1979, l.i.e.+2001, home+alone+4+2002, 498 ms"
"2022-02-08T19:18:06.605367,90417,recommendation request 17645-team17.isri.cmu.edu:8082, status 200, result: the+five+senses+1999, forbidden+zone+1980, dark+city+1950, raging+bull+1980, rancho+deluxe+1975, city+slickers+1991, p.s.+2004, barbarosa+1982, the+other+side+of+the+mountain+1975, freaky+friday+1976, nims+island+2008, a+little+princess+1995, for+keeps+1988, m.+butterfly+1993, hook+1991, hopscotch+1980, an+american+carol+2008, bingo+1991, holiday+1938, a+midsummer+nights+dream+1999, 546 ms"
"2022-02-08T19:18:06.611704,108110,recommendation request 17645-team17.isri.cmu.edu:8082, status 200, result: mickeys+once+upon+a+christmas+1999, rollerball+1975, the+dresser+1983, the+house+of+yes+1997, p.s.+2004, the+other+side+of+the+mountain+1975, maze+2000, in+the+line+of+fire+1993, birdy+1984, gumby+the+movie+1995, moving+1988, planet+of+the+apes+2001, the+brothers+2001, albatross+2011, for+keeps+1988, the+mighty+1998, junebug+2005, free+willy+3+the+rescue+1997, crush+2001, ali+2001, 551 ms"
"2022-02-08T19:18:07.458862,63893,recommendation request 17645-team17.isri.cmu.edu:8082, status 200, result: cry+freedom+1987, drop+zone+1994, the+five+senses+1999, intersection+1994, 8+seconds+1994, the+proprietor+1996, identity+2003, show+boat+1951, hidden+agenda+1990, the+aristocats+1970, without+a+paddle+2004, freaky+friday+1976, in+the+line+of+fire+1993, bachelor+in+paradise+1961, wake+of+death+2004, on+the+town+1949, changing+lanes+2002, the+juror+1996, island+2011, ali+2001, 433 ms"
"2022-02-08T19:18:07.639452,69946,recommendation request 17645-team17.isri.cmu.edu:8082, status 200, result: barbershop+2002, and+now...+ladies+and+gentlemen...+2002, about+last+night...+1986, punchline+1988, 8+seconds+1994, p.s.+2004, maze+2000, light+it+up+1999, frozen+2007, the+brothers+mcmullen+1995, another+thin+man+1939, in+too+deep+1999, a+patch+of+blue+1965, the+brothers+2001, murphys+romance+1985, crush+2001, the+women+2008, texasville+1990, breathless+1983, romeo+and+juliet+1936, 610 ms"
"2022-02-08T19:18:07.652,139856,recommendation request 17645-team17.isri.cmu.edu:8082, status 200, result: cry+freedom+1987, the+conspiracy+2012, frenzy+1972, lethal+weapon+3+1992, inception+2010, critters+1986, the+island+1980, ghoulies+ii+1987, a+patch+of+blue+1965, macabre+1958, the+matrix+revolutions+2003, juice+1992, mobsters+1991, the+matrix+1999, the+incredible+hulk+2008, romeo+and+juliet+1936, above+the+law+1988, h.m.+pulham_+esq.+1941, rumble+fish+1983, bloodstone+subspecies+ii+1993, 622 ms"
"2022-02-08T19:18:07.651730,76126,recommendation request 17645-team17.isri.cmu.edu:8082, status 200, result: cry+freedom+1987, the+switch+2010, jesus+christ+superstar+1973, sleepers+1996, frenzy+1972, p.s.+2004, missing+1982, maze+2000, a+time+to+kill+1996, detective+story+1951, birdy+1984, inception+2010, steel+1997, dead+reckoning+1947, the+brothers+2001, the+longest+yard+1974, junebug+2005, juice+1992, crush+2001, have+rocket_+will+travel+1959, 617 ms"
"2022-02-08T19:18:07.692722,171637,recommendation request 17645-team17.isri.cmu.edu:8082, status 200, result: bill+cosby+himself+1983, intersection+1994, a+goofy+movie+1995, p.s.+2004, easy+come_+easy+go+1967, the+promise+2005, loving+you+1957, maze+2000, the+dance+of+reality+2013, birdy+1984, moving+1988, a+shock+to+the+system+1990, the+letter+1940, phoenix+1998, harem+1985, the+brothers+2001, serial+1980, cherrybomb+2009, crush+2001, conan+the+barbarian+1982, 650 ms"
"2022-02-08T19:18:07.699151,171528,recommendation request 17645-team17.isri.cmu.edu:8082, status 200, result: eyewitness+1981, curdled+1996, cry+freedom+1987, coldblooded+1995, frenzy+1972, true+crime+1996, code+of+silence+1985, vision+quest+1985, a+little+princess+1995, dumb+and+dumber+to+2014, the+witches+of+eastwick+1987, phoenix+1998, modesty+blaise+1966, the+hitch-hiker+1953, mobsters+1991, the+hot+spot+1990, hopscotch+1980, today+you+die+2005, spasmo+1974, hall+pass+2011, 668 ms"
"2022-02-08T19:18:08.619619,183707,recommendation request 17645-team17.isri.cmu.edu:8082, status 200, result: gleaming+the+cube+1989, taps+1981, drop+zone+1994, arizona+dream+1993, dial+m+for+murder+1954, in+the+mouth+of+madness+1994, p.s.+2004, frenzy+1972, true+crime+1996, enough+2002, that+was+then...+this+is+now+1985, i+do+2006, the+taste+of+others+2000, nine+queens+2000, grand+canyon+1991, the+verdict+1982, one+eight+seven+1997, four+brothers+2005, men+of+honor+2000, bulworth+1998, 545 ms"
"2022-02-08T19:18:08.646817,154362,recommendation request 17645-team17.isri.cmu.edu:8082, status 200, result: shampoo+1975, the+glimmer+man+1996, cry+freedom+1987, raging+bull+1980, a+goofy+movie+1995, loving+you+1957, p.s.+2004, under+siege+1992, rambo+first+blood+part+ii+1985, the+other+side+of+the+mountain+1975, maze+2000, a+time+to+kill+1996, vision+quest+1985, freaky+friday+1976, a+little+princess+1995, a+family+thing+1996, random+hearts+1999, the+witches+of+eastwick+1987, albatross+2011, winnie+the+pooh+2011, 572 ms"
"2022-02-08T19:18:08.676425,266424,recommendation request 17645-team17.isri.cmu.edu:8082, status 200, result: remember+me+2010, sullivans+travels+1941, step+up+revolution+2012, curdled+1996, top+secret+1984, the+gauntlet+1977, sniper+2+2002, return+of+the+fly+1959, last+holiday+2006, loving+you+1957, carnosaur+2+1995, barbarosa+1982, without+a+paddle+2004, dick+tracy+1990, the+beverly+hillbillies+1993, critters+1986, apocalypto+2006, paparazzi+2004, the+island+1980, the+yakuza+1974, 604 ms"
"2022-02-08T19:18:08.738083,39795,recommendation request 17645-team17.isri.cmu.edu:8082, status 200, result: drop+zone+1994, suburban+commando+1991, the+conspiracy+2012, childs+play+3+1991, doc+hollywood+1991, red+dawn+1984, p.s.+2004, frenzy+1972, without+a+paddle+2004, freaky+friday+1976, cabin+boy+1994, in+the+line+of+fire+1993, psycho+1998, moving+1988, c.h.o.m.p.s.+1979, wake+of+death+2004, opportunity+knocks+1990, jaws+3-d+1983, the+serpent+and+the+rainbow+1988, changing+lanes+2002, 659 ms"
"2022-02-08T19:18:08.746908,133374,recommendation request 17645-team17.isri.cmu.edu:8082, status 200, result: drop+zone+1994, cry+freedom+1987, top+secret+1984, sling+blade+1996, a+goofy+movie+1995, the+other+side+of+the+mountain+1975, the+addams+family+1991, snow+dogs+2002, without+a+paddle+2004, a+little+princess+1995, casper+1995, harry+and+tonto+1974, wake+of+death+2004, the+mighty+1998, junebug+2005, changing+lanes+2002, white+palace+1990, cars+2+2011, conan+the+barbarian+1982, the+incredible+hulk+2008, 672 ms"
"2022-02-08T19:18:08.784353,146652,recommendation request 17645-team17.isri.cmu.edu:8082, status 200, result: american+virgin+2000, cry+freedom+1987, six+pack+1982, missing+1982, mystery_+alaska+1999, the+other+side+of+the+mountain+1975, a+family+thing+1996, spy+kids+3-d+game+over+2003, harry+and+tonto+1974, a+shock+to+the+system+1990, one+eight+seven+1997, the+island+1980, guilty+as+sin+1993, company+man+2000, beyond+the+sea+2004, an+education+2009, jurassic+park+1993, island+2011, the+juror+1996, ali+2001, 707 ms"
"2022-02-08T19:18:08.797631,50609,recommendation request 17645-team17.isri.cmu.edu:8082, status 200, result: eyewitness+1981, rollerball+1975, robot+stories+2003, punchline+1988, ed+1996, p.s.+2004, the+other+side+of+the+mountain+1975, maze+2000, chronicle+2012, casper+1995, 9+2005, planet+of+the+apes+2001, jurassic+park+1993, crush+2001, the+nuns+story+1959, last+night+1998, hook+1991, predator+1987, patton+1970, steamboy+2004, 718 ms"
"2022-02-08T19:18:09.379896,108087,recommendation request 17645-team17.isri.cmu.edu:8082, status 200, result: gleaming+the+cube+1989, eyewitness+1981, barbershop+2002, robot+stories+2003, lockout+2012, the+conspiracy+2012, frenzy+1972, true+crime+1996, the+other+side+of+the+mountain+1975, chronicle+2012, haywire+2011, psycho+1998, another+thin+man+1939, blacula+1972, grand+canyon+1991, the+verdict+1982, last+night+1998, predator+1987, the+fan+1981, spasmo+1974, 273 ms"
"2022-02-08T19:18:09.482357,70306,recommendation request 17645-team17.isri.cmu.edu:8082, status 200, result: jesus+christ+superstar+1973, the+errand+boy+1961, p.s.+2004, crossroads+2002, barbarosa+1982, maze+2000, birdy+1984, cabin+boy+1994, bad+girls+1994, the+verdict+1982, harem+1985, beyond+the+sea+2004, shes+having+a+baby+1988, crush+2001, the+incredible+hulk+2008, eight+men+out+1988, the+desert+rats+1953, beyond+the+poseidon+adventure+1979, back+to+the+future+part+ii+1989, flying+tigers+1942, 267 ms"
"2022-02-08T19:18:09.523709,192619,recommendation request 17645-team17.isri.cmu.edu:8082, status 200, result: black+beauty+1994, the+cat+in+the+hat+2003, the+gauntlet+1977, ed+1996, family+plot+1976, the+other+side+of+the+mountain+1975, a+time+to+kill+1996, a+family+thing+1996, in+the+line+of+fire+1993, dead+reckoning+1947, the+island+1980, malice+1993, opportunity+knocks+1990, how+the+grinch+stole+christmas+2000, running+scared+1986, changing+lanes+2002, above+the+law+1988, dark+passage+1947, today+you+die+2005, absolute+power+1997, 360 ms"
"2022-02-08T19:18:10.320686,302541,recommendation request 17645-team17.isri.cmu.edu:8082, status 200, result: sullivans+travels+1941, cry+freedom+1987, barbershop+2002, sleepers+1996, last+holiday+2006, cazuza+time+doesnt+stop+2004, a+goofy+movie+1995, loving+you+1957, nothing+to+lose+1994, the+other+side+of+the+mountain+1975, behind+the+sun+2001, without+a+paddle+2004, asylum+1972, birdy+1984, another+thin+man+1939, the+client+1994, junebug+2005, island+2011, high+sierra+1941, spasmo+1974, 297 ms"
"2022-02-08T19:18:10.377006,218220,recommendation request 17645-team17.isri.cmu.edu:8082, status 200, result: north+by+northwest+1959, dead+of+winter+1987, curdled+1996, criminal+law+1988, the+five+senses+1999, rollerball+1975, the+longest+day+1962, my+man+godfrey+1957, the+proprietor+1996, family+plot+1976, star+wars+episode+iii+-+revenge+of+the+sith+2005, ed+1996, detective+story+1951, z+1969, +nos+amours+1983, lifeboat+1944, dollars+1971, phoenix+1998, the+great+escape+1963, company+man+2000, 311 ms"
"2022-02-08T19:18:10.431100,183469,recommendation request 17645-team17.isri.cmu.edu:8082, status 200, result: cry+freedom+1987, barbershop+2002, the+proprietor+1996, last+holiday+2006, detective+story+1951, z+1969, lifeboat+1944, a+little+princess+1995, casper+1995, another+thin+man+1939, a+patch+of+blue+1965, unforgiven+1992, the+comancheros+1961, jurassic+park+1993, bottle+rocket+1996, ali+2001, burnt+offerings+1976, breakdown+1997, romeo+and+juliet+1936, hook+1991, 326 ms"
"2022-02-08T19:18:11.331396,17420,recommendation request 17645-team17.isri.cmu.edu:8082, status 200, result: drop+zone+1994, rollerball+1975, the+three+brothers+1995, all+about+my+mother+1999, family+plot+1976, fly+me+to+the+moon+2012, the+promise+2005, the+closet+2001, without+a+paddle+2004, a+family+thing+1996, casper+1995, harry+and+tonto+1974, wake+of+death+2004, planet+of+the+apes+2001, albatross+2011, junebug+2005, changing+lanes+2002, romeo+and+juliet+1936, hopscotch+1980, my+one+and+only+2009, 282 ms"
"2022-02-08T19:18:11.332657,281284,recommendation request 17645-team17.isri.cmu.edu:8082, status 200, result: the+five+senses+1999, the+avengers+1998, raging+bull+1980, rancho+deluxe+1975, p.s.+2004, sling+blade+1996, true+crime+1996, the+wash+2001, maze+2000, lethal+weapon+3+1992, incognito+1997, barbarosa+1982, the+brothers+mcmullen+1995, inception+2010, nims+island+2008, moving+1988, iris+2001, lightning+jack+1994, analyze+that+2002, the+brothers+2001, 193 ms"
"2022-02-08T19:18:12.584061,19500,recommendation request 17645-team17.isri.cmu.edu:8082, status 200, result: six+pack+1982, lockout+2012, p.s.+2004, a+goofy+movie+1995, son+of+the+mask+2005, maze+2000, a+family+thing+1996, freaky+friday+1976, vision+quest+1985, a+little+princess+1995, haywire+2011, moving+1988, harry+and+tonto+1974, the+witches+of+eastwick+1987, topper+1937, the+brothers+2001, shes+having+a+baby+1988, free+willy+3+the+rescue+1997, crush+2001, the+incredible+hulk+2008, 537 ms"
"2022-02-08T19:18:12.784541,36695,recommendation request 17645-team17.isri.cmu.edu:8082, status 200, result: gleaming+the+cube+1989, whisper+of+the+heart+1995, rollerball+1975, the+five+senses+1999, 8+seconds+1994, childs+play+3+1991, the+next+three+days+2010, grand+canyon+1991, the+verdict+1982, phoenix+1998, the+island+1980, jurassic+park+1993, skinwalkers+2006, kull+the+conqueror+1997, mercenary+for+justice+2006, junebug+2005, the+hot+spot+1990, remember+the+night+1940, bloodsport+ii+1996, spasmo+1974, 732 ms"
"2022-02-08T19:18:13.423307,284878,recommendation request 17645-team17.isri.cmu.edu:8082, status 200, result: north+by+northwest+1959, the+five+senses+1999, p.s.+2004, the+other+side+of+the+mountain+1975, maze+2000, a+time+to+kill+1996, fuck+2005, the+beverly+hillbillies+1993, get+out+your+handkerchiefs+1978, hot+tub+time+machine+2010, the+letter+1940, the+brothers+2001, albatross+2011, full+speed+1996, serial+1980, look+whos+talking+too+1990, crush+2001, side+out+1990, untitled+2009, down+in+the+delta+1998, 293 ms"
"2022-02-08T19:18:13.465097,62473,recommendation request 17645-team17.isri.cmu.edu:8082, status 200, result: drop+zone+1994, rollerball+1975, top+secret+1984, robot+stories+2003, star+wars+episode+iii+-+revenge+of+the+sith+2005, p.s.+2004, the+other+side+of+the+mountain+1975, the+addams+family+1991, without+a+paddle+2004, northfork+2003, a+little+princess+1995, phoenix+1998, wake+of+death+2004, planet+of+the+apes+2001, changing+lanes+2002, last+night+1998, hopscotch+1980, today+you+die+2005, romeo+is+bleeding+1993, the+professional+1981, 313 ms"
"2022-02-08T19:18:13.461559,164931,recommendation request 17645-team17.isri.cmu.edu:8082, status 200, result: black+beauty+1994, the+nest+2002, rollerball+1975, raging+bull+1980, the+next+three+days+2010, true+crime+1996, code+of+silence+1985, a+little+princess+1995, fast++furious+6+2013, nighthawks+1981, phoenix+1998, battle+for+terra+2007, mobsters+1991, conan+the+barbarian+1982, the+hot+spot+1990, above+the+law+1988, 7+seconds+2005, hopscotch+1980, dark+passage+1947, dungeons++dragons+2000, 311 ms"
"2022-02-08T19:18:14.397777,162880,recommendation request 17645-team17.isri.cmu.edu:8082, status 200, result: abandon+2002, the+three+brothers+1995, the+house+of+yes+1997, waking+up+in+reno+2002, missing+1982, mystery_+alaska+1999, never+again+2002, the+last+minute+2001, small+soldiers+1998, i+do+2006, jackie+brown+1997, grande+cole+2004, that+darn+cat+1997, the+taste+of+others+2000, r.i.p.d.+2013, one+eight+seven+1997, guilty+as+sin+1993, glen+or+glenda+1953, the+italian+2010, blow+out+1981, 287 ms"
"2022-02-08T19:18:14.419625,14450,recommendation request 17645-team17.isri.cmu.edu:8082, status 200, result: the+dresser+1983, the+proprietor+1996, doc+hollywood+1991, the+brother+from+another+planet+1984, courage+under+fire+1996, edward+scissorhands+1990, the+opportunists+2000, moving+1988, the+verdict+1982, albatross+2011, marooned+1969, beyond+the+sea+2004, juice+1992, island+2011, the+living+daylights+1987, ali+2001, the+eagle+has+landed+1976, side+out+1990, six+weeks+1982, above+the+law+1988, 337 ms"
"2022-02-08T19:18:14.464625,251057,recommendation request 17645-team17.isri.cmu.edu:8082, status 200, result: curdled+1996, cry+freedom+1987, forbidden+zone+1980, mary+poppins+1964, the+house+of+yes+1997, p.s.+2004, the+other+side+of+the+mountain+1975, the+addams+family+1991, freaky+friday+1976, summer+rental+1985, cheaper+by+the+dozen+2+2005, paul+2011, the+beverly+hillbillies+1993, a+shock+to+the+system+1990, four+brothers+2005, the+mighty+1998, white+palace+1990, smokey+and+the+bandit+part+3+1983, an+american+carol+2008, little+murders+1971, 381 ms"
"2022-02-08T19:18:14.493172,116628,recommendation request 17645-team17.isri.cmu.edu:8082, status 200, result: the+five+senses+1999, suburban+commando+1991, forbidden+zone+1980, the+house+of+yes+1997, 8+seconds+1994, the+proprietor+1996, oh_+god+1977, last+holiday+2006, the+brother+from+another+planet+1984, p.s.+2004, a+family+thing+1996, forrest+gump+1994, dick+tracy+1990, johnny+english+2003, paul+2011, c.h.o.m.p.s.+1979, ira++abby+2006, jabberwocky+1977, the+white+sheik+1952, the+mighty+1998, 315 ms"
"2022-02-08T19:18:15.351277,171941,recommendation request 17645-team17.isri.cmu.edu:8082, status 200, result: the+five+senses+1999, barbershop+2002, about+last+night...+1986, raging+bull+1980, maze+2000, another+thin+man+1939, paparazzi+2004, the+island+1980, the+wizard+1989, for+keeps+1988, changing+lanes+2002, look+whos+talking+too+1990, mobsters+1991, crush+2001, side+out+1990, above+the+law+1988, rumble+fish+1983, return+to+me+2000, project+s+1993, fire+down+below+1997, 264 ms"
"2022-02-08T19:18:16.438722,154265,recommendation request 17645-team17.isri.cmu.edu:8082, status 200, result: rio+2+2014, mickeys+once+upon+a+christmas+1999, the+avengers+1998, the+five+senses+1999, cry+freedom+1987, raging+bull+1980, cazuza+time+doesnt+stop+2004, missing+1982, true+crime+1996, mystery_+alaska+1999, nothing+to+lose+1994, the+other+side+of+the+mountain+1975, behind+the+sun+2001, incognito+1997, the+aristocats+1970, nine+queens+2000, chicken+run+2000, apocalypto+2006, one+eight+seven+1997, guilty+as+sin+1993, 393 ms"
"2022-02-08T19:18:16.469931,132651,recommendation request 17645-team17.isri.cmu.edu:8082, status 200, result: the+cobbler+2014, charisma+1999, p.s.+2004, light+it+up+1999, maze+2000, nighthawks+1981, dead+reckoning+1947, sanjuro+1962, the+brothers+2001, junebug+2005, crush+2001, island+2011, evil+under+the+sun+1982, the+man+who+knew+too+much+1956, untitled+2009, my+one+and+only+2009, breakfast+on+pluto+2005, project+s+1993, american+splendor+2003, kagemusha+1980, 410 ms"
"2022-02-08T19:18:16.497852,62436,recommendation request 17645-team17.isri.cmu.edu:8082, status 200, result: switchback+1997, rollerball+1975, the+proprietor+1996, capricorn+one+1977, star+wars+episode+iii+-+revenge+of+the+sith+2005, the+conspiracy+2012, punch-drunk+love+2002, frenzy+1972, maze+2000, a+christmas+carol+2009, the+pompatus+of+love+1996, lifeboat+1944, chronicle+2012, paparazzi+2004, lionheart+1990, wake+of+death+2004, planet+of+the+apes+2001, macabre+1958, look+whos+talking+too+1990, crush+2001, 440 ms"
"2022-02-08T19:18:16.505830,105057,recommendation request 17645-team17.isri.cmu.edu:8082, status 200, result: cry+freedom+1987, drop+zone+1994, top+secret+1984, rollerball+1975, six+pack+1982, p.s.+2004, the+other+side+of+the+mountain+1975, the+addams+family+1991, maze+2000, a+family+thing+1996, without+a+paddle+2004, a+little+princess+1995, ice+castles+1978, harry+and+tonto+1974, phoenix+1998, wake+of+death+2004, planet+of+the+apes+2001, the+brothers+2001, running+scared+1986, desk+set+1957, 453 ms"
"2022-02-08T19:18:17.419173,305997,recommendation request 17645-team17.isri.cmu.edu:8082, status 200, result: the+perfect+score+2004, white+men+cant+jump+1992, shampoo+1975, bon+cop+bad+cop+2006, men+cry+bullets+1998, intersection+1994, punchline+1988, major+league+ii+1994, notting+hill+1999, playing+the+victim+2006, p.s.+2004, loving+you+1957, maze+2000, the+company+men+2010, 4+2005, moving+1988, company+man+2000, the+brothers+2001, my+beautiful+laundrette+1985, junebug+2005, 291 ms"
"2022-02-08T19:18:17.487139,139398,recommendation request 17645-team17.isri.cmu.edu:8082, status 200, result: american+virgin+2000, curdled+1996, p.s.+2004, a+goofy+movie+1995, walle+2008, maze+2000, snow+dogs+2002, freaky+friday+1976, the+brothers+mcmullen+1995, cabin+boy+1994, moving+1988, the+brothers+2001, cars+2+2011, the+hitch-hiker+1953, crush+2001, mobsters+1991, the+women+2008, his+girl+friday+1940, juno+2007, hall+pass+2011, 411 ms"
"2022-02-08T19:18:17.494076,123203,recommendation request 17645-team17.isri.cmu.edu:8082, status 200, result: shampoo+1975, black+beauty+1994, drop+zone+1994, mary+poppins+1964, p.s.+2004, freaky+friday+1976, a+little+princess+1995, splash+1984, ice+castles+1978, four+brothers+2005, out+to+sea+1997, island+2011, from+here+to+eternity+1953, return+to+the+blue+lagoon+1991, ali+2001, the+nuns+story+1959, hook+1991, the+loves+of+carmen+1948, bingo+1991, get+real+1998, 365 ms"
"2022-02-08T19:18:18.371046,19394,recommendation request 17645-team17.isri.cmu.edu:8082, status 200, result: 23+1998, throw+momma+from+the+train+1987, doc+hollywood+1991, p.s.+2004, cookie+1989, loving+you+1957, notting+hill+1999, the+other+side+of+the+mountain+1975, maze+2000, bachelor+in+paradise+1961, the+letter+1940, love+crazy+1941, phoenix+1998, the+saint+1997, patriot+games+1992, the+brothers+2001, on+the+town+1949, winnie+the+pooh+2011, juice+1992, crush+2001, 294 ms"
"2022-02-08T19:18:18.474600,14752,recommendation request 17645-team17.isri.cmu.edu:8082, status 200, result: drop+zone+1994, switchback+1997, robot+stories+2003, cazuza+time+doesnt+stop+2004, the+next+three+days+2010, true+crime+1996, billabong+odyssey+2003, the+other+side+of+the+mountain+1975, nothing+to+lose+1994, behind+the+sun+2001, love+story+1970, phoenix+1998, the+saint+1997, gravity+2013, junebug+2005, raising+victor+vargas+2002, changing+lanes+2002, the+hot+spot+1990, from+here+to+eternity+1953, ali+2001, 371 ms"
"2022-02-08T19:18:18.490572,216430,recommendation request 17645-team17.isri.cmu.edu:8082, status 200, result: the+five+senses+1999, the+house+of+yes+1997, 8+seconds+1994, the+proprietor+1996, doc+hollywood+1991, light+it+up+1999, lethal+weapon+3+1992, dick+tracy+1990, casper+1995, moving+1988, harry+and+tonto+1974, the+mighty+1998, jurassic+park+1993, junebug+2005, shes+having+a+baby+1988, the+nuns+story+1959, tough+guys+1986, from+the+hip+1987, hook+1991, lilians+story+1996, 346 ms"
"2022-02-08T19:18:18.517605,239175,recommendation request 17645-team17.isri.cmu.edu:8082, status 200, result: home+page+1998, shampoo+1975, the+five+senses+1999, about+last+night...+1986, the+dresser+1983, punchline+1988, p.s.+2004, maze+2000, guilty+as+sin+1993, bus+stop+1956, a+patch+of+blue+1965, the+brothers+2001, albatross+2011, junebug+2005, look+whos+talking+too+1990, crush+2001, romeo+and+juliet+1936, side+out+1990, six+weeks+1982, his+girl+friday+1940, 374 ms"
"2022-02-08T19:18:19.336682,202468,recommendation request 17645-team17.isri.cmu.edu:8082, status 200, result: barbershop+2002, intersection+1994, raging+bull+1980, dances+with+wolves+1990, a+family+thing+1996, another+thin+man+1939, apocalypto+2006, the+island+1980, wake+of+death+2004, planet+of+the+apes+2001, albatross+2011, gone+in+sixty+seconds+2000, hackers+1995, changing+lanes+2002, veronica+guerin+2003, the+living+daylights+1987, king+kong+lives+1986, scarface+1932, hopscotch+1980, escape+from+the+planet+of+the+apes+1971, 256 ms"
"2022-02-08T19:18:20.494542,298730,recommendation request 17645-team17.isri.cmu.edu:8082, status 200, result: coldblooded+1995, intersection+1994, the+conspiracy+2012, p.s.+2004, the+sky+crawlers+2008, edward+scissorhands+1990, the+aristocats+1970, tokyo+gore+police+2008, johnny+english+2003, highlander+the+search+for+vengeance+2007, dumb+and+dumber+to+2014, apocalypto+2006, the+island+1980, sanjuro+1962, gone+in+sixty+seconds+2000, mothra+vs.+godzilla+1964, macabre+1958, cars+2+2011, serial+1980, veronica+guerin+2003, 427 ms"
"2022-02-08T19:18:20.495461,23030,recommendation request 17645-team17.isri.cmu.edu:8082, status 200, result: curdled+1996, nothing+but+trouble+1991, doc+hollywood+1991, missing+1982, notting+hill+1999, mystery_+alaska+1999, national+lampoons+van+wilder+2002, cabin+boy+1994, bean+1997, the+letter+1940, one+eight+seven+1997, guilty+as+sin+1993, phoenix+1998, hunting+elephants+2013, island+2011, romeo+is+bleeding+1993, every+which+way+but+loose+1978, mumford+1999, l.i.e.+2001, the+in-laws+1979, 377 ms"
"2022-02-08T19:18:20.511731,293660,recommendation request 17645-team17.isri.cmu.edu:8082, status 200, result: the+nest+2002, cry+freedom+1987, what+doesnt+kill+you+2008, top+secret+1984, the+conspiracy+2012, the+other+side+of+the+mountain+1975, parker+2013, paul+2011, johnny+english+2003, the+beverly+hillbillies+1993, chicken+run+2000, moving+1988, apocalypto+2006, the+letter+1940, wake+of+death+2004, working+girl+1988, macabre+1958, the+matrix+revolutions+2003, white+palace+1990, jurassic+park+1993, 428 ms"
"2022-02-08T19:18:20.514555,237797,recommendation request 17645-team17.isri.cmu.edu:8082, status 200, result: the+glimmer+man+1996, eyewitness+1981, curdled+1996, lockout+2012, under+siege+1992, deep+rising+1998, a+time+to+kill+1996, vision+quest+1985, a+little+princess+1995, haywire+2011, the+witches+of+eastwick+1987, patriot+games+1992, on+deadly+ground+1994, the+hitch-hiker+1953, juice+1992, mobsters+1991, the+incredible+hulk+2008, breakdown+1997, above+the+law+1988, hopscotch+1980, 385 ms"
"2022-02-08T19:18:21.493212,269043,recommendation request 17645-team17.isri.cmu.edu:8082, status 200, result: cry+freedom+1987, mickeys+once+upon+a+christmas+1999, my+man+godfrey+1957, punchline+1988, ed+1996, p.s.+2004, true+crime+1996, maze+2000, jungle+fever+1991, dead+of+night+1945, northfork+2003, the+brothers+mcmullen+1995, made+in+u.s.a+1966, gumby+the+movie+1995, splash+1984, the+brothers+2001, hogfather+2006, crush+2001, his+girl+friday+1940, the+man+who+knew+too+much+1956, 409 ms"
"2022-02-08T19:18:21.580103,154080,recommendation request 17645-team17.isri.cmu.edu:8082, status 200, result: drop+zone+1994, mickeys+once+upon+a+christmas+1999, cry+freedom+1987, coldblooded+1995, punchline+1988, city+slickers+1991, p.s.+2004, son+of+the+mask+2005, courage+under+fire+1996, barbarosa+1982, the+other+side+of+the+mountain+1975, the+wash+2001, without+a+paddle+2004, bad+girls+1994, gumby+the+movie+1995, the+letter+1940, wake+of+death+2004, harem+1985, topper+1937, changing+lanes+2002, 490 ms"
"2022-02-08T19:18:21.629820,207114,recommendation request 17645-team17.isri.cmu.edu:8082, status 200, result: arranged+2007, six+pack+1982, punchline+1988, p.s.+2004, son+of+the+mask+2005, incognito+1997, a+family+thing+1996, detective+story+1951, the+godfather+part+iii+1990, forrest+gump+1994, harry+and+tonto+1974, the+letter+1940, phoenix+1998, love+story+1970, topper+1937, the+matrix+revolutions+2003, the+truman+show+1998, shes+having+a+baby+1988, the+brave+one+2007, the+women+2008, 539 ms"
"2022-02-08T19:18:21.626705,263286,recommendation request 17645-team17.isri.cmu.edu:8082, status 200, result: black+beauty+1994, eyewitness+1981, cry+freedom+1987, shampoo+1975, sleepers+1996, six+pack+1982, the+errand+boy+1961, barbarosa+1982, maze+2000, a+family+thing+1996, cabin+boy+1994, bad+girls+1994, harry+and+tonto+1974, the+letter+1940, phoenix+1998, the+yakuza+1974, the+client+1994, opportunity+knocks+1990, crush+2001, above+the+law+1988, 483 ms"
"2022-02-08T19:18:21.633287,76646,recommendation request 17645-team17.isri.cmu.edu:8082, status 200, result: the+nest+2002, what+doesnt+kill+you+2008, the+last+of+the+mohicans+1992, the+proprietor+1996, frenzy+1972, walle+2008, 633+squadron+1964, parker+2013, johnny+english+2003, the+great+escape+1963, couples+retreat+2009, cars+2+2011, the+matrix+revolutions+2003, rush+hour+3+2007, touch+of+evil+1958, from+dusk+till+dawn+1996, have+rocket_+will+travel+1959, the+brave+one+2007, juice+1992, mobsters+1991, 543 ms"
"2022-02-08T19:18:22.404066,175519,recommendation request 17645-team17.isri.cmu.edu:8082, status 200, result: the+young+victoria+2009, cry+freedom+1987, the+other+side+of+the+mountain+1975, an+amazing+couple+2002, lamerica+1994, the+world+unseen+2007, footloose+1984, frozen+2007, mr+accident+2000, ice+castles+1978, iris+2001, holy+motors+2012, harem+1985, albatross+2011, my+fair+lady+1964, in+this+world+2002, white+palace+1990, beyond+the+sea+2004, hadewijch+2009, two+friends+2002, 323 ms"
"2022-02-08T19:18:23.433249,147630,recommendation request 17645-team17.isri.cmu.edu:8082, status 200, result: the+perfect+score+2004, eyewitness+1981, drop+zone+1994, arranged+2007, switchback+1997, bon+cop+bad+cop+2006, p.s.+2004, the+next+three+days+2010, how+i+won+the+war+1967, son+of+the+mask+2005, incognito+1997, without+a+paddle+2004, cabin+boy+1994, the+letter+1940, phoenix+1998, wake+of+death+2004, company+man+2000, topper+1937, changing+lanes+2002, island+2011, 315 ms"
"2022-02-08T19:18:23.473084,167337,recommendation request 17645-team17.isri.cmu.edu:8082, status 200, result: drop+zone+1994, rollerball+1975, dreamgirls+2006, the+last+of+the+mohicans+1992, the+snowman+1982, star+wars+episode+iii+-+revenge+of+the+sith+2005, solomon+kane+2009, 633+squadron+1964, the+bridge+at+remagen+1969, the+saint+1997, planet+of+the+apes+2001, albatross+2011, platoon+1986, junebug+2005, changing+lanes+2002, people+like+us+2012, conan+the+barbarian+1982, the+women+2008, my+one+and+only+2009, down+in+the+delta+1998, 250 ms"
"2022-02-08T19:18:23.475204,188445,recommendation request 17645-team17.isri.cmu.edu:8082, status 200, result: gleaming+the+cube+1989, cry+freedom+1987, nothing+but+trouble+1991, the+five+senses+1999, bridget+joness+diary+2001, the+gauntlet+1977, raging+bull+1980, the+last+of+the+mohicans+1992, the+longest+day+1962, 633+squadron+1964, the+woman+2011, grand+canyon+1991, the+verdict+1982, the+yakuza+1974, the+client+1994, the+brave+one+2007, atonement+2007, airport+1975+1974, they+made+me+a+criminal+1939, career+opportunities+1991, 251 ms"
"2022-02-08T19:18:24.445196,218716,recommendation request 17645-team17.isri.cmu.edu:8082, status 200, result: melody+time+1948, my+man+godfrey+1957, ed+1996, walle+2008, the+aristocats+1970, gods+not+dead+2014, a+little+princess+1995, birdy+1984, one+man+band+2005, the+letter+1940, saludos+amigos+1942, harem+1985, cars+2+2011, junebug+2005, lifted+2006, the+fury+1978, eight+men+out+1988, my+one+and+only+2009, dugs+special+mission+2009, dinoshark+2010, 403 ms"
"2022-02-08T19:18:24.451034,258516,recommendation request 17645-team17.isri.cmu.edu:8082, status 200, result: out+of+sight+1998, rollerball+1975, bill+cosby+himself+1983, the+house+of+yes+1997, family+plot+1976, throw+momma+from+the+train+1987, p.s.+2004, cookie+1989, maze+2000, the+island+1980, a+patch+of+blue+1965, the+brothers+2001, for+keeps+1988, the+mighty+1998, jurassic+park+1993, kull+the+conqueror+1997, look+whos+talking+too+1990, crush+2001, scary+movie+5+2013, class+1983, 405 ms"
"2022-02-08T19:18:24.489099,161543,recommendation request 17645-team17.isri.cmu.edu:8082, status 200, result: narc+2002, sullivans+travels+1941, shampoo+1975, drop+zone+1994, mickeys+once+upon+a+christmas+1999, switchback+1997, intersection+1994, punchline+1988, last+holiday+2006, loving+you+1957, walle+2008, a+christmas+carol+2009, without+a+paddle+2004, footloose+1984, chicken+run+2000, my+fair+lady+1964, cars+2+2011, junebug+2005, changing+lanes+2002, serial+1980, 417 ms"
"2022-02-08T19:18:24.484370,194830,recommendation request 17645-team17.isri.cmu.edu:8082, status 200, result: lady+jane+1986, rollerball+1975, broken+embraces+2009, intersection+1994, missing+1982, p.s.+2004, sling+blade+1996, the+other+side+of+the+mountain+1975, maze+2000, northfork+2003, gumby+the+movie+1995, love+story+1970, dead+reckoning+1947, harem+1985, planet+of+the+apes+2001, the+brothers+2001, the+mighty+1998, an+education+2009, hogfather+2006, crush+2001, 351 ms"
"2022-02-08T19:18:25.475437,27550,recommendation request 17645-team17.isri.cmu.edu:8082, status 200, result: eyewitness+1981, coldblooded+1995, six+pack+1982, red+dawn+1984, frenzy+1972, true+crime+1996, rambo+first+blood+part+ii+1985, a+family+thing+1996, vision+quest+1985, a+little+princess+1995, forrest+gump+1994, dumb+and+dumber+to+2014, harry+and+tonto+1974, love+story+1970, the+witches+of+eastwick+1987, patriot+games+1992, shes+having+a+baby+1988, juice+1992, the+living+daylights+1987, breakdown+1997, 381 ms"
"2022-02-08T19:18:26.433391,238783,recommendation request 17645-team17.isri.cmu.edu:8082, status 200, result: shampoo+1975, the+parent+trap+1998, about+last+night...+1986, robot+stories+2003, ed+1996, p.s.+2004, crossroads+2002, the+country+bears+2002, snow+dogs+2002, big+hero+6+2014, maze+2000, a+family+thing+1996, northfork+2003, twentieth+century+1934, casper+1995, the+mighty+1998, jurassic+park+1993, murphys+romance+1985, crush+2001, the+nuns+story+1959, 311 ms"
"2022-02-08T19:18:26.465438,51469,recommendation request 17645-team17.isri.cmu.edu:8082, status 200, result: the+five+senses+1999, the+million+dollar+hotel+2000, the+last+of+the+mohicans+1992, raging+bull+1980, the+gauntlet+1977, true+crime+1996, courage+under+fire+1996, edward+scissorhands+1990, in+the+line+of+fire+1993, the+verdict+1982, dead+reckoning+1947, malice+1993, opportunity+knocks+1990, for+keeps+1988, junebug+2005, the+juror+1996, from+here+to+eternity+1953, side+out+1990, remember+the+night+1940, absolute+power+1997, 347 ms"
"2022-02-08T19:18:26.487350,87819,recommendation request 17645-team17.isri.cmu.edu:8082, status 200, result: barbershop+2002, missing+1982, p.s.+2004, mystery_+alaska+1999, barbarosa+1982, 633+squadron+1964, maze+2000, vision+quest+1985, nine+queens+2000, lifeboat+1944, grand+illusion+1937, z+1969, the+brothers+mcmullen+1995, another+thin+man+1939, heavens+gate+1980, a+little+princess+1995, the+witches+of+eastwick+1987, one+eight+seven+1997, guilty+as+sin+1993, albatross+2011, 365 ms"
"2022-02-08T19:18:27.464812,23530,recommendation request 17645-team17.isri.cmu.edu:8082, status 200, result: angels+with+dirty+faces+1938, sleepers+1996, wisegirls+2002, lockout+2012, punchline+1988, city+slickers+1991, off+limits+1988, barbarosa+1982, in+the+line+of+fire+1993, r.i.p.d.+2013, bad+girls+1994, haywire+2011, the+letter+1940, lets+do+it+again+1975, phoenix+1998, dead+reckoning+1947, the+yakuza+1974, the+client+1994, frantic+1988, geronimo+an+american+legend+1993, 381 ms"
"2022-02-08T19:18:27.481471,144080,recommendation request 17645-team17.isri.cmu.edu:8082, status 200, result: shampoo+1975, cry+freedom+1987, barbershop+2002, p.s.+2004, streets+of+fire+1984, light+it+up+1999, maze+2000, a+time+to+kill+1996, detective+story+1951, splash+1984, another+thin+man+1939, the+verdict+1982, the+yakuza+1974, the+client+1994, the+brothers+2001, crush+2001, the+incredible+hulk+2008, the+brave+one+2007, the+nuns+story+1959, lilians+story+1996, 434 ms"
"2022-02-08T19:18:27.512537,68995,recommendation request 17645-team17.isri.cmu.edu:8082, status 200, result: cry+freedom+1987, what+doesnt+kill+you+2008, six+pack+1982, rio+bravo+1959, missing+1982, p.s.+2004, the+official+story+1985, mystery_+alaska+1999, the+other+side+of+the+mountain+1975, maze+2000, frenzy+1972, a+time+to+kill+1996, birdy+1984, one+eight+seven+1997, guilty+as+sin+1993, working+girl+1988, island+2011, crush+2001, mighty+aphrodite+1995, the+incredible+hulk+2008, 464 ms"
"2022-02-08T19:18:27.542890,118355,recommendation request 17645-team17.isri.cmu.edu:8082, status 200, result: switchback+1997, forbidden+zone+1980, nothing+but+trouble+1991, six+pack+1982, my+man+godfrey+1957, ed+1996, road+to+morocco+1942, doc+hollywood+1991, p.s.+2004, red+dawn+1984, national+lampoons+van+wilder+2002, analyze+this+1999, a+family+thing+1996, caveman+1981, nims+island+2008, moving+1988, harry+and+tonto+1974, lionheart+1990, the+truman+show+1998, the+living+daylights+1987, 460 ms"
"2022-02-08T19:18:27.544204,36555,recommendation request 17645-team17.isri.cmu.edu:8082, status 200, result: election+2+2006, boarding+gate+2007, the+proprietor+1996, ip+man+2+2010, pauly+shore+is+dead+2003, father+of+the+bride+1991, freaky+friday+1976, splash+1984, harem+1985, beyond+the+sea+2004, leprechaun+2+1994, eating+raoul+1982, the+idolmaker+1980, hall+pass+2011, gremlins+1984, the+allnighter+1987, crazy+love+2007, dopamine+2003, blame+it+on+the+bellboy+1992, mumford+1999, 490 ms"
"2022-02-08T19:18:28.639786,154975,recommendation request 17645-team17.isri.cmu.edu:8082, status 200, result: whisper+of+the+heart+1995, suburban+commando+1991, robot+stories+2003, the+dresser+1983, charisma+1999, p.s.+2004, courage+under+fire+1996, the+other+side+of+the+mountain+1975, lethal+weapon+3+1992, edward+scissorhands+1990, nims+island+2008, dick+tracy+1990, harry+and+tonto+1974, c.h.o.m.p.s.+1979, the+verdict+1982, sanjuro+1962, albatross+2011, junebug+2005, six+weeks+1982, the+fury+1978, 549 ms"
"2022-02-08T19:18:28.660588,233906,recommendation request 17645-team17.isri.cmu.edu:8082, status 200, result: rollerball+1975, six+pack+1982, the+last+of+the+mohicans+1992, the+longest+day+1962, the+conspiracy+2012, last+holiday+2006, doc+hollywood+1991, p.s.+2004, frenzy+1972, one+little+indian+1973, 633+squadron+1964, the+andromeda+strain+1971, psycho+1998, moving+1988, planet+of+the+apes+2001, macabre+1958, hook+1991, hopscotch+1980, bingo+1991, spasmo+1974, 603 ms"
"2022-02-08T19:18:28.644219,145804,recommendation request 17645-team17.isri.cmu.edu:8082, status 200, result: gleaming+the+cube+1989, rollerball+1975, p.s.+2004, a+goofy+movie+1995, the+country+bears+2002, snow+dogs+2002, freaky+friday+1976, nims+island+2008, made+in+u.s.a+1966, trail+of+the+pink+panther+1982, curse+of+the+pink+panther+1983, grand+canyon+1991, the+verdict+1982, the+letter+1940, planet+of+the+apes+2001, junebug+2005, conan+the+barbarian+1982, from+here+to+eternity+1953, ali+2001, hook+1991, 578 ms"
"2022-02-08T19:18:29.375429,153020,recommendation request 17645-team17.isri.cmu.edu:8082, status 200, result: eyewitness+1981, rollerball+1975, a+goofy+movie+1995, spirit+stallion+of+the+cimarron+2002, freaky+friday+1976, bad+girls+1994, paintball+2009, moving+1988, the+verdict+1982, planet+of+the+apes+2001, on+deadly+ground+1994, junebug+2005, the+incredible+hulk+2008, above+the+law+1988, the+emperors+new+groove+2000, my+one+and+only+2009, ratatouille+2007, breakfast+on+pluto+2005, chicken+little+2005, the+idolmaker+1980, 263 ms"
"2022-02-08T19:18:29.391293,169690,recommendation request 17645-team17.isri.cmu.edu:8082, status 200, result: cry+freedom+1987, drop+zone+1994, rollerball+1975, my+man+godfrey+1957, ed+1996, the+other+side+of+the+mountain+1975, without+a+paddle+2004, wake+of+death+2004, planet+of+the+apes+2001, the+client+1994, running+scared+1986, changing+lanes+2002, have+rocket_+will+travel+1959, the+brave+one+2007, the+three+stooges+in+orbit+1962, hopscotch+1980, high+sierra+1941, they+made+me+a+criminal+1939, the+professional+1981, bulletproof+1996, 269 ms"
"2022-02-08T19:18:30.269115,141273,recommendation request 17645-team17.isri.cmu.edu:8082, status 200, result: dr.+no+1962, thumbelina+1994, a+little+princess+1995, scrooge+1970, the+octagon+1980, wake+of+death+2004, breakout+1975, gordy+1995, the+hanging+garden+1997, skyfall+2012, hopscotch+1980, jack+frost+1998, ronin+1998, today+you+die+2005, into+the+west+1992, atl+2006, i+am+number+four+2011, missing+in+action+1984, war_+inc.+2008, quest+for+camelot+1998, 188 ms"
"2022-02-08T19:18:30.505315,243005,recommendation request 17645-team17.isri.cmu.edu:8082, status 200, result: punchline+1988, city+slickers+1991, a+goofy+movie+1995, p.s.+2004, barbarosa+1982, the+other+side+of+the+mountain+1975, maze+2000, dont+tell+her+its+me+1990, freaky+friday+1976, bad+girls+1994, ice+castles+1978, patriot+games+1992, the+brothers+2001, winnie+the+pooh+2011, the+truman+show+1998, geronimo+an+american+legend+1993, crush+2001, from+here+to+eternity+1953, ali+2001, the+women+2008, 404 ms"
"2022-02-08T19:18:30.527879,92914,recommendation request 17645-team17.isri.cmu.edu:8082, status 200, result: eyewitness+1981, drop+zone+1994, ed+1996, p.s.+2004, maze+2000, analyze+this+1999, wildcats+1986, without+a+paddle+2004, father+of+the+bride+1991, cabin+boy+1994, moving+1988, wake+of+death+2004, the+brothers+2001, changing+lanes+2002, shes+having+a+baby+1988, ernest+in+the+army+1998, crush+2001, the+nuns+story+1959, hopscotch+1980, untitled+2009, 436 ms"
"2022-02-08T19:18:30.552255,119571,recommendation request 17645-team17.isri.cmu.edu:8082, status 200, result: rollerball+1975, the+avengers+1998, mary+poppins+1964, missing+1982, carnosaur+2+1995, the+addams+family+1991, incognito+1997, freaky+friday+1976, psycho+1998, ghoulies+ii+1987, analyze+that+2002, planet+of+the+apes+2001, evil+dead+ii+1987, from+beyond+1986, king+kong+lives+1986, the+brave+one+2007, near+dark+1987, conan+the+barbarian+1982, x+the+unknown+1956, pumpkinhead+1988, 455 ms"
"2022-02-08T19:18:30.551793,6185,recommendation request 17645-team17.isri.cmu.edu:8082, status 200, result: shampoo+1975, the+wedding+singer+1998, the+avengers+1998, bill+cosby+himself+1983, punchline+1988, frenzy+1972, true+crime+1996, incognito+1997, chicken+run+2000, analyze+that+2002, junebug+2005, the+truman+show+1998, juice+1992, some+days+are+better+than+others+2011, the+brave+one+2007, the+women+2008, mr.+jealousy+1997, beyond+therapy+1987, his+girl+friday+1940, above+the+law+1988, 454 ms"
"2022-02-08T19:18:31.430425,161086,recommendation request 17645-team17.isri.cmu.edu:8082, status 200, result: eyewitness+1981, the+wind+will+carry+us+1999, agnes+of+god+1985, the+proprietor+1996, the+circle+2000, an+amazing+couple+2002, the+other+side+of+the+mountain+1975, light+it+up+1999, lifeboat+1944, frozen+2007, the+letter+1940, masterminds+1997, a+patch+of+blue+1965, dry+cleaning+1997, full+speed+1996, an+education+2009, geronimo+an+american+legend+1993, juice+1992, romeo+and+juliet+1936, the+fan+1981, 371 ms"
"2022-02-08T19:18:31.372758,80004,recommendation request 17645-team17.isri.cmu.edu:8082, status 200, result: the+cat+in+the+hat+2003, rollerball+1975, the+five+senses+1999, and+now...+ladies+and+gentlemen...+2002, melody+time+1948, ed+1996, voices+of+a+distant+star+2002, paths+of+glory+1957, true+crime+1996, little+secrets+2001, one+little+indian+1973, the+aristocats+1970, dead+of+night+1945, northfork+2003, made+in+u.s.a+1966, lifeboat+1944, spy+kids+3-d+game+over+2003, casper+1995, dont+say+a+word+2001, all+quiet+on+the+western+front+1979, 335 ms"
"2022-02-08T19:18:31.449113,254164,recommendation request 17645-team17.isri.cmu.edu:8082, status 200, result: lockout+2012, ed+1996, red+dawn+1984, p.s.+2004, maze+2000, a+time+to+kill+1996, freaky+friday+1976, gumby+the+movie+1995, fulltime+killer+2001, in+too+deep+1999, moving+1988, haywire+2011, the+brood+1979, 9+2005, the+yakuza+1974, shivers+1975, the+brothers+2001, free+willy+3+the+rescue+1997, ernest+in+the+army+1998, juice+1992, 383 ms"
"2022-02-08T19:18:32.411371,60387,recommendation request 17645-team17.isri.cmu.edu:8082, status 200, result: sullivans+travels+1941, black+beauty+1994, rollerball+1975, top+secret+1984, the+dresser+1983, last+holiday+2006, star+wars+episode+iii+-+revenge+of+the+sith+2005, p.s.+2004, the+addams+family+1991, without+a+paddle+2004, nims+island+2008, a+little+princess+1995, the+last+legion+2007, the+island+1980, planet+of+the+apes+2001, albatross+2011, kull+the+conqueror+1997, the+incredible+hulk+2008, the+nuns+story+1959, six+weeks+1982, 312 ms"
"2022-02-08T19:18:32.441320,60467,recommendation request 17645-team17.isri.cmu.edu:8082, status 200, result: the+avengers+1998, the+proprietor+1996, light+it+up+1999, the+aristocats+1970, incognito+1997, lethal+weapon+3+1992, inception+2010, the+company+men+2010, fast++furious+6+2013, chicken+run+2000, nighthawks+1981, the+blue+max+1966, analyze+that+2002, albatross+2011, beneath+the+planet+of+the+apes+1970, the+matrix+revolutions+2003, crush+2001, the+brave+one+2007, the+matrix+1999, above+the+law+1988, 346 ms"
"2022-02-08T19:18:33.391548,157532,recommendation request 17645-team17.isri.cmu.edu:8082, status 200, result: the+million+dollar+hotel+2000, the+house+of+yes+1997, the+gauntlet+1977, the+snowman+1982, a+goofy+movie+1995, true+crime+1996, the+warriors+way+2010, flashdance+1983, freaky+friday+1976, fabled+2002, the+mighty+1998, painted+fire+2002, shes+having+a+baby+1988, king+and+the+clown+2005, the+juror+1996, mighty+aphrodite+1995, conan+the+barbarian+1982, from+the+hip+1987, the+emperors+new+groove+2000, breakfast+on+pluto+2005, 366 ms"
"2022-02-08T19:18:33.487684,205705,recommendation request 17645-team17.isri.cmu.edu:8082, status 200, result: rollerball+1975, bossa+nova+2000, rancho+deluxe+1975, barbarosa+1982, the+way+2010, moving+1988, lightning+jack+1994, harem+1985, the+yakuza+1974, planet+of+the+apes+2001, gravity+2013, winnie+the+pooh+2011, the+game+1997, romeo+and+juliet+1936, three+fugitives+1989, blood+and+sand+1989, carefree+1938, come+see+the+paradise+1990, ratatouille+2007, the+survivors+1983, 450 ms"
"2022-02-08T19:18:33.486970,270555,recommendation request 17645-team17.isri.cmu.edu:8082, status 200, result: the+nest+2002, cry+freedom+1987, bossa+nova+2000, about+last+night...+1986, the+bounty+1984, the+longest+day+1962, the+house+of+yes+1997, double+team+1997, childs+play+3+1991, sling+blade+1996, the+other+side+of+the+mountain+1975, the+way+2010, premium+rush+2012, lifeboat+1944, paul+2011, grand+illusion+1937, johnny+english+2003, haywire+2011, masterminds+1997, the+mighty+1998, 454 ms"
"2022-02-08T19:18:33.487972,64952,recommendation request 17645-team17.isri.cmu.edu:8082, status 200, result: the+perfect+score+2004, drop+zone+1994, bon+cop+bad+cop+2006, mary+poppins+1964, red+dawn+1984, sleeping+beauty+1959, 633+squadron+1964, the+aristocats+1970, lifeboat+1944, z+1969, grand+illusion+1937, heavens+gate+1980, dead+reckoning+1947, the+saint+1997, the+yakuza+1974, patriot+games+1992, jurassic+park+1993, shes+having+a+baby+1988, juice+1992, breakdown+1997, 461 ms"
"2022-02-08T19:18:34.243218,155829,recommendation request 17645-team17.isri.cmu.edu:8082, status 200, result: lockout+2012, northfork+2003, inception+2010, gumby+the+movie+1995, haywire+2011, masterminds+1997, from+dusk+till+dawn+1996, the+incredible+hulk+2008, 7+seconds+2005, the+art+of+war+2000, today+you+die+2005, sucker+punch+2011, bulletproof+1996, no+mercy+1986, captain+horatio+hornblower+r.n.+1951, back+to+the+future+part+ii+1989, beyond+the+poseidon+adventure+1979, maximum+risk+1996, the+in-laws+1979, bedknobs+and+broomsticks+1971, 217 ms"
"2022-02-08T19:18:34.413111,259753,recommendation request 17645-team17.isri.cmu.edu:8082, status 200, result: picture+perfect+1997, 8+seconds+1994, p.s.+2004, true+crime+1996, the+next+three+days+2010, the+other+side+of+the+mountain+1975, spirit+stallion+of+the+cimarron+2002, nims+island+2008, johnny+english+2003, desk+set+1957, out+to+sea+1997, the+women+2008, hook+1991, 7+seconds+2005, breakfast+on+pluto+2005, they+made+me+a+criminal+1939, shrek+the+third+2007, melvin+and+howard+1980, benji+1974, the+allnighter+1987, 333 ms"
"2022-02-08T19:18:34.438052,117122,recommendation request 17645-team17.isri.cmu.edu:8082, status 400, result: movie 1 not found, 379 ms"
"2022-02-08T19:18:34.448704,249375,recommendation request 17645-team17.isri.cmu.edu:8082, status 200, result: cry+freedom+1987, lockout+2012, p.s.+2004, the+other+side+of+the+mountain+1975, maze+2000, nims+island+2008, haywire+2011, the+island+1980, the+brothers+2001, white+palace+1990, bottle+rocket+1996, warriors+of+heaven+and+earth+2003, crush+2001, conan+the+barbarian+1982, from+here+to+eternity+1953, ali+2001, hook+1991, azumi+2003, untitled+2009, rumble+fish+1983, 354 ms"
"2022-02-08T19:18:36.435573,190198,recommendation request 17645-team17.isri.cmu.edu:8082, status 200, result: gleaming+the+cube+1989, drop+zone+1994, bill+cosby+himself+1983, a+goofy+movie+1995, barbarosa+1982, the+wash+2001, edward+scissorhands+1990, light+it+up+1999, without+a+paddle+2004, fuck+2005, freaky+friday+1976, a+field+in+england+2013, pitch+black+2000, z+1969, the+verdict+1982, love+hina+spring+special+-+i+wish+your+dream+2001, 9+2005, the+devils+1971, changing+lanes+2002, the+transformers+the+movie+1986, 327 ms"
"2022-02-08T19:18:36.485926,33008,recommendation request 17645-team17.isri.cmu.edu:8082, status 200, result: gleaming+the+cube+1989, curdled+1996, the+conspiracy+2012, cookie+1989, true+crime+1996, the+next+three+days+2010, code+of+silence+1985, in+too+deep+1999, lenfer+1994, grand+canyon+1991, phoenix+1998, the+verdict+1982, va+savoir+who+knows+2001, the+hitch-hiker+1953, mobsters+1991, the+incredible+hulk+2008, the+hot+spot+1990, the+man+who+knew+too+much+1956, 7+seconds+2005, firestarter+1984, 344 ms"
"2022-02-08T19:18:36.507779,305369,recommendation request 17645-team17.isri.cmu.edu:8082, status 200, result: edmond+2005, top+secret+1984, the+five+senses+1999, the+proprietor+1996, p.s.+2004, the+addams+family+1991, light+it+up+1999, a+little+princess+1995, nims+island+2008, pitch+black+2000, the+verdict+1982, harem+1985, a+patch+of+blue+1965, island+2011, romeo+and+juliet+1936, hook+1991, h.m.+pulham_+esq.+1941, terminator+2+judgment+day+1991, benji+1974, the+program+1993, 419 ms"
"2022-02-08T19:18:38.382903,287511,recommendation request 17645-team17.isri.cmu.edu:8082, status 200, result: n+1998, cry+freedom+1987, edmond+2005, and+now...+ladies+and+gentlemen...+2002, the+krays+1990, towelhead+2008, the+proprietor+1996, missing+1982, frenzy+1972, true+crime+1996, mystery_+alaska+1999, the+other+side+of+the+mountain+1975, courage+under+fire+1996, edward+scissorhands+1990, light+it+up+1999, the+next+three+days+2010, z+1969, inception+2010, the+verdict+1982, one+eight+seven+1997, 313 ms"
"2022-02-08T19:18:38.388078,192621,recommendation request 17645-team17.isri.cmu.edu:8082, status 200, result: cry+freedom+1987, arranged+2007, frenzy+1972, light+it+up+1999, the+next+karate+kid+1994, cars+2+2011, junebug+2005, serial+1980, warriors+of+heaven+and+earth+2003, above+the+law+1988, azumi+2003, the+emperors+new+groove+2000, absolute+power+1997, lassie+2005, chicken+little+2005, the+hidden+fortress+1958, melvin+and+howard+1980, benji+1974, dead+bang+1989, beyond+the+poseidon+adventure+1979, 368 ms"
"2022-02-08T19:18:39.466269,197849,recommendation request 17645-team17.isri.cmu.edu:8082, status 200, result: frenzy+1972, enough+2002, jungle+fever+1991, the+last+minute+2001, first+blood+1982, white+dog+1982, pitch+black+2000, psycho+1998, do+the+right+thing+1989, blow+out+1981, a+double+life+1947, diamond+men+2000, island+2011, psycho+iii+1986, the+fan+1981, mercy+2000, the+mummys+tomb+1942, terminator+2+judgment+day+1991, spellbound+1945, apartment+zero+1988, 378 ms"
"2022-02-08T19:18:39.530593,39754,recommendation request 17645-team17.isri.cmu.edu:8082, status 200, result: the+perfect+score+2004, bon+cop+bad+cop+2006, six+pack+1982, the+last+of+the+mohicans+1992, p.s.+2004, maze+2000, a+family+thing+1996, vision+quest+1985, a+little+princess+1995, moving+1988, harry+and+tonto+1974, the+witches+of+eastwick+1987, the+brothers+2001, for+keeps+1988, winnie+the+pooh+2011, shes+having+a+baby+1988, free+willy+3+the+rescue+1997, crush+2001, from+here+to+eternity+1953, the+incredible+hulk+2008, 443 ms"
"2022-02-08T19:18:39.749874,68600,recommendation request 17645-team17.isri.cmu.edu:8082, status 200, result: eyewitness+1981, curdled+1996, lockout+2012, a+goofy+movie+1995, vision+quest+1985, freaky+friday+1976, a+little+princess+1995, haywire+2011, the+witches+of+eastwick+1987, patriot+games+1992, winnie+the+pooh+2011, shes+having+a+baby+1988, the+hitch-hiker+1953, juice+1992, mobsters+1991, the+incredible+hulk+2008, breakdown+1997, hopscotch+1980, the+emperors+new+groove+2000, today+you+die+2005, 662 ms"
"2022-02-08T19:18:39.813982,245118,recommendation request 17645-team17.isri.cmu.edu:8082, status 200, result: eyewitness+1981, criminal+law+1988, the+last+of+the+mohicans+1992, intersection+1994, the+proprietor+1996, paths+of+glory+1957, frenzy+1972, how+i+won+the+war+1967, courage+under+fire+1996, 633+squadron+1964, birdy+1984, the+letter+1940, phoenix+1998, auntie+mame+1958, still+bill+2010, juice+1992, days+of+glory+1944, the+fury+1978, jennifer+eight+1992, spasmo+1974, 703 ms"
"2022-02-08T19:18:39.830390,48223,recommendation request 17645-team17.isri.cmu.edu:8082, status 200, result: curdled+1996, ed+1996, casualties+of+war+1989, the+conspiracy+2012, waking+up+in+reno+2002, that+was+then...+this+is+now+1985, never+again+2002, the+bridge+1959, the+hound+of+the+baskervilles+1978, jackie+brown+1997, father+of+the+bride+1991, splash+1984, old+yeller+1957, the+burbs+1989, rapa+nui+1994, hell+is+for+heroes+1962, the+mighty+1998, ernest+in+the+army+1998, mambo+italiano+2003, henry+portrait+of+a+serial+killer+1986, 666 ms"
"2022-02-08T19:18:39.855968,272948,recommendation request 17645-team17.isri.cmu.edu:8082, status 200, result: bossa+nova+2000, punchline+1988, a+very+harold++kumar+christmas+2011, p.s.+2004, cookie+1989, son+of+the+mask+2005, walle+2008, barbarosa+1982, maze+2000, snow+dogs+2002, big+hero+6+2014, a+family+thing+1996, caveman+1981, the+brothers+mcmullen+1995, the+way+2010, freaky+friday+1976, the+social+network+2010, oz+the+great+and+powerful+2013, the+brothers+2001, cars+2+2011, 712 ms"
"2022-02-08T19:18:39.856303,142081,recommendation request 17645-team17.isri.cmu.edu:8082, status 200, result: pandorum+2009, bill+cosby+himself+1983, sleepers+1996, stick+it+2006, devil+girl+from+mars+1954, p.s.+2004, the+other+side+of+the+mountain+1975, fulltime+killer+2001, in+too+deep+1999, the+letter+1940, cube+zero+2004, hackers+1995, junebug+2005, an+education+2009, warriors+of+heaven+and+earth+2003, island+2011, from+here+to+eternity+1953, ali+2001, the+women+2008, beyond+therapy+1987, 698 ms"
"2022-02-08T19:18:39.857413,254747,recommendation request 17645-team17.isri.cmu.edu:8082, status 200, result: the+perfect+score+2004, rollerball+1975, son+of+godzilla+1967, ed+1996, tokyo+gore+police+2008, casper+1995, your+friends++neighbors+1998, planet+of+the+apes+2001, mothra+vs.+godzilla+1964, the+longest+yard+1974, jurassic+park+1993, junebug+2005, the+serpent+and+the+rainbow+1988, hook+1991, bloodsport+ii+1996, my+one+and+only+2009, no+mercy+1986, the+allnighter+1987, the+naked+gun+2+the+smell+of+fear+1991, back+to+the+future+part+ii+1989, 735 ms"
"2022-02-08T19:18:40.532226,116657,recommendation request 17645-team17.isri.cmu.edu:8082, status 200, result: the+perfect+score+2004, rio+2+2014, frenzy+1972, true+crime+1996, crossroads+2002, walle+2008, the+aristocats+1970, analyze+this+1999, chicken+run+2000, moving+1988, one+man+band+2005, the+juror+1996, island+2011, lifted+2006, ice+age+dawn+of+the+dinosaurs+2009, dugs+special+mission+2009, ratatouille+2007, beverly+hills+cop+iii+1994, they+made+me+a+criminal+1939, shrek+the+third+2007, 445 ms"
"2022-02-08T19:18:41.404105,191991,recommendation request 17645-team17.isri.cmu.edu:8082, status 200, result: drop+zone+1994, lockout+2012, a+goofy+movie+1995, without+a+paddle+2004, freaky+friday+1976, gumby+the+movie+1995, haywire+2011, the+brood+1979, wake+of+death+2004, 9+2005, patriot+games+1992, shivers+1975, winnie+the+pooh+2011, changing+lanes+2002, shes+having+a+baby+1988, juice+1992, lifted+2006, breakdown+1997, hopscotch+1980, the+emperors+new+groove+2000, 394 ms"
"2022-02-08T19:18:41.385221,180652,recommendation request 17645-team17.isri.cmu.edu:8082, status 200, result: black+beauty+1994, drop+zone+1994, rollerball+1975, about+last+night...+1986, nothing+but+trouble+1991, the+house+of+yes+1997, the+other+side+of+the+mountain+1975, maze+2000, without+a+paddle+2004, detective+story+1951, the+godfather+part+iii+1990, ice+castles+1978, the+island+1980, wake+of+death+2004, planet+of+the+apes+2001, opportunity+knocks+1990, the+mighty+1998, changing+lanes+2002, have+rocket_+will+travel+1959, from+here+to+eternity+1953, 349 ms"
"2022-02-08T19:18:43.403141,192199,recommendation request 17645-team17.isri.cmu.edu:8082, status 200, result: dark+city+1950, intersection+1994, heart+condition+1990, horrible+bosses+2011, the+curious+case+of+benjamin+button+2008, the+proprietor+1996, p.s.+2004, that+was+then...+this+is+now+1985, house+of+dracula+1945, the+last+minute+2001, z+1969, spy+kids+3-d+game+over+2003, to+catch+a+thief+1955, company+man+2000, island+2011, faithful+1996, double+indemnity+1944, come+see+the+paradise+1990, the+abandoned+2006, thir13en+ghosts+2001, 262 ms"
"2022-02-08T19:18:43.529897,185474,recommendation request 17645-team17.isri.cmu.edu:8082, status 200, result: whisper+of+the+heart+1995, ed+1996, the+snowman+1982, barbarosa+1982, big+hero+6+2014, freaky+friday+1976, dick+tracy+1990, casper+1995, moving+1988, analyze+that+2002, sanjuro+1962, the+matrix+revolutions+2003, jurassic+park+1993, shes+having+a+baby+1988, the+brave+one+2007, hook+1991, bingo+1991, ratatouille+2007, spirited+away+2001, bulletproof+1996, 410 ms"
"2022-02-08T19:18:44.379833,99888,recommendation request 17645-team17.isri.cmu.edu:8082, status 200, result: my+man+godfrey+1957, ed+1996, frenzy+1972, analyze+this+1999, birdy+1984, prince+of+persia+the+sands+of+time+2010, pompeii+2014, the+beverly+hillbillies+1993, moving+1988, mobsters+1991, hopscotch+1980, jennifer+eight+1992, the+dream+team+1989, they+made+me+a+criminal+1939, little+murders+1971, the+war+zone+1999, exodus+1960, unfaithfully+yours+1984, beyond+the+poseidon+adventure+1979, lock+up+1989, 308 ms"
"2022-02-08T19:18:44.507295,162149,recommendation request 17645-team17.isri.cmu.edu:8082, status 200, result: palmetto+1998, experiment+in+terror+1962, crimewave+1985, true+crime+1996, see+no+evil+1971, the+box+2007, hardcore+1979, boiler+room+2000, the+underneath+1995, one+false+move+1992, the+chase+1966, heaven+1999, the+amateur+1981, what+became+of+us+2009, lakeview+terrace+2008, the+juror+1996, elsewhere+2009, ...and+justice+for+all+1979, go+1999, the+abandoned+2006, 376 ms"
"2022-02-08T19:18:44.507331,98568,recommendation request 17645-team17.isri.cmu.edu:8082, status 200, result: princess+mononoke+1997, commandments+1997, the+snowman+1982, the+princess+and+the+goblin+1992, the+croods+2013, p.s.+2004, once+around+1991, kikis+delivery+service+1989, maze+2000, emma+2009, the+brothers+mcmullen+1995, aladdin+1992, numb+2007, the+brothers+2001, only+you+1994, dedication+2007, alice+in+wonderland+1951, crush+2001, pumpkin+2002, final+fantasy+vii+advent+children+2005, 366 ms"
"2022-02-08T19:18:44.523212,248439,recommendation request 17645-team17.isri.cmu.edu:8082, status 200, result: shampoo+1975, cry+freedom+1987, rollerball+1975, ed+1996, punchline+1988, capricorn+one+1977, star+wars+episode+iii+-+revenge+of+the+sith+2005, the+other+side+of+the+mountain+1975, spirit+stallion+of+the+cimarron+2002, casper+1995, the+letter+1940, the+island+1980, planet+of+the+apes+2001, the+matrix+revolutions+2003, jurassic+park+1993, white+palace+1990, junebug+2005, conan+the+barbarian+1982, the+brave+one+2007, hook+1991, 414 ms"
"2022-02-08T19:18:44.538894,116634,recommendation request 17645-team17.isri.cmu.edu:8082, status 200, result: cry+freedom+1987, intersection+1994, my+man+godfrey+1957, ed+1996, the+conspiracy+2012, doc+hollywood+1991, loving+you+1957, crossroads+2002, flashdance+1983, freaky+friday+1976, harry+and+walter+go+to+new+york+1976, cabin+boy+1994, moving+1988, my+fair+lady+1964, macabre+1958, a+place+in+the+sun+1951, bingo+1991, the+mummys+hand+1940, the+idolmaker+1980, the+dream+team+1989, 366 ms"
"2022-02-08T19:18:44.542840,219718,recommendation request 17645-team17.isri.cmu.edu:8082, status 200, result: american+virgin+2000, rollerball+1975, bill+cosby+himself+1983, bridget+joness+diary+2001, red+dawn+1984, the+lucky+ones+2008, rambo+first+blood+part+ii+1985, lethal+weapon+3+1992, a+merry+friggin+christmas+2014, inception+2010, prince+of+persia+the+sands+of+time+2010, wake+of+death+2004, planet+of+the+apes+2001, the+matrix+1999, conan+the+barbarian+1982, a+madea+christmas+2013, beyond+therapy+1987, an+american+carol+2008, atonement+2007, dungeons++dragons+2000, 371 ms"
"2022-02-08T19:18:45.811469,135982,recommendation request 17645-team17.isri.cmu.edu:8082, status 200, result: rollerball+1975, the+avengers+1998, the+gauntlet+1977, punchline+1988, oh_+god+1977, capricorn+one+1977, doc+hollywood+1991, p.s.+2004, frenzy+1972, true+crime+1996, changeling+2008, incognito+1997, chronicle+2012, the+social+network+2010, transformers+dark+of+the+moon+2011, paparazzi+2004, dead+reckoning+1947, analyze+that+2002, planet+of+the+apes+2001, jurassic+park+1993, 661 ms"
"2022-02-08T19:18:45.859660,252843,recommendation request 17645-team17.isri.cmu.edu:8082, status 200, result: a+goofy+movie+1995, p.s.+2004, courage+under+fire+1996, rambo+first+blood+part+ii+1985, maze+2000, in+the+line+of+fire+1993, freaky+friday+1976, moving+1988, dead+reckoning+1947, patriot+games+1992, the+brothers+2001, winnie+the+pooh+2011, shes+having+a+baby+1988, free+willy+3+the+rescue+1997, juice+1992, island+2011, crush+2001, breakdown+1997, 10th++wolf+2006, the+emperors+new+groove+2000, 628 ms"
"2022-02-08T19:18:45.874124,18686,recommendation request 17645-team17.isri.cmu.edu:8082, status 200, result: mickeys+once+upon+a+christmas+1999, angst+1983, criminal+law+1988, raging+bull+1980, royal+deceit+1994, analyze+this+1999, vision+quest+1985, in+the+line+of+fire+1993, a+family+thing+1996, cabin+boy+1994, chicken+run+2000, moving+1988, albatross+2011, fabled+2002, the+matrix+revolutions+2003, mobsters+1991, the+brave+one+2007, help+1965, above+the+law+1988, lassie+2005, 698 ms"
"2022-02-08T19:18:45.874355,113928,recommendation request 17645-team17.isri.cmu.edu:8082, status 200, result: black+beauty+1994, drop+zone+1994, major+league+ii+1994, crossroads+2002, the+country+bears+2002, snow+dogs+2002, big+hero+6+2014, maze+2000, a+family+thing+1996, a+little+princess+1995, dick+tracy+1990, pitch+black+2000, moving+1988, harry+and+tonto+1974, where+the+heart+is+2000, the+saint+1997, gone+in+sixty+seconds+2000, opportunity+knocks+1990, junebug+2005, changing+lanes+2002, 642 ms"
"2022-02-08T19:18:45.887995,242049,recommendation request 17645-team17.isri.cmu.edu:8082, status 200, result: lockout+2012, missing+1982, p.s.+2004, frenzy+1972, mystery_+alaska+1999, the+country+bears+2002, snow+dogs+2002, spirit+stallion+of+the+cimarron+2002, big+hero+6+2014, true+crime+1996, pitch+black+2000, haywire+2011, iris+2001, one+eight+seven+1997, guilty+as+sin+1993, the+matrix+revolutions+2003, shes+having+a+baby+1988, island+2011, the+incredible+hulk+2008, the+brave+one+2007, 717 ms"
"2022-02-08T19:18:46.472776,110347,recommendation request 17645-team17.isri.cmu.edu:8082, status 200, result: american+virgin+2000, the+westerner+1940, the+snowman+1982, p.s.+2004, the+warriors+way+2010, the+dirty+dozen+next+mission+1985, barbarosa+1982, maze+2000, cabin+boy+1994, tap+1989, gumby+the+movie+1995, the+brood+1979, ghoulies+ii+1987, 9+2005, the+brothers+2001, shivers+1975, the+island+1980, crush+2001, conan+the+barbarian+1982, king+kong+lives+1986, 401 ms"
"2022-02-08T19:18:46.494876,31662,recommendation request 17645-team17.isri.cmu.edu:8082, status 400, result: movie 1 not found, 420 ms"
"2022-02-08T19:18:46.506500,72306,recommendation request 17645-team17.isri.cmu.edu:8082, status 200, result: rollerball+1975, the+house+of+yes+1997, punchline+1988, star+wars+episode+iii+-+revenge+of+the+sith+2005, frenzy+1972, true+crime+1996, hollow+man+2000, identity+2003, light+it+up+1999, in+the+line+of+fire+1993, critters+1986, a+shock+to+the+system+1990, planet+of+the+apes+2001, the+mighty+1998, the+matrix+revolutions+2003, junebug+2005, juice+1992, body+double+1984, the+brave+one+2007, from+the+hip+1987, 427 ms"
"2022-02-08T19:18:46.508919,62500,recommendation request 17645-team17.isri.cmu.edu:8082, status 200, result: curdled+1996, 8+seconds+1994, the+proprietor+1996, the+conspiracy+2012, family+plot+1976, true+crime+1996, light+it+up+1999, a+family+thing+1996, lifeboat+1944, beyond+2010, harry+and+tonto+1974, company+man+2000, we+are+the+best+2013, junebug+2005, island+2011, 7+seconds+2005, my+one+and+only+2009, spasmo+1974, the+rocker+2008, indestructible+man+1956, 429 ms"
"2022-02-08T19:18:47.397524,61384,recommendation request 17645-team17.isri.cmu.edu:8082, status 200, result: amlie+2001, drop+zone+1994, top+secret+1984, forbidden+zone+1980, arizona+dream+1993, p.s.+2004, the+clowns+1970, the+shaggy+d.a.+1976, maze+2000, a+time+to+kill+1996, i+do+2006, star+trek+insurrection+1998, emma+2009, the+brothers+mcmullen+1995, armageddon+1998, multiplicity+1996, the+saint+1997, the+brothers+2001, only+you+1994, dedication+2007, 263 ms"
"2022-02-08T19:18:47.415012,132158,recommendation request 17645-team17.isri.cmu.edu:8082, status 200, result: replicant+2001, frenzy+1972, a+goofy+movie+1995, the+other+side+of+the+mountain+1975, snow+dogs+2002, freaky+friday+1976, dead+reckoning+1947, the+yakuza+1974, money+train+1995, gravity+2013, cars+2+2011, the+game+1997, juice+1992, bloodsport+ii+1996, the+emperors+new+groove+2000, jennifer+eight+1992, ratatouille+2007, shrek+the+third+2007, project+s+1993, get+real+1998, 283 ms"
"2022-02-08T19:18:48.437030,43075,recommendation request 17645-team17.isri.cmu.edu:8082, status 200, result: rollerball+1975, barbershop+2002, major+league+ii+1994, p.s.+2004, maze+2000, dollars+1971, footloose+1984, another+thin+man+1939, moving+1988, bachelor+in+paradise+1961, love+crazy+1941, the+island+1980, my+fair+lady+1964, on+the+town+1949, jurassic+park+1993, junebug+2005, kull+the+conqueror+1997, crush+2001, have+rocket_+will+travel+1959, millions+2005, 361 ms"
"2022-02-08T19:18:48.521251,211601,recommendation request 17645-team17.isri.cmu.edu:8082, status 200, result: dead+of+winter+1987, eyewitness+1981, cry+freedom+1987, rollerball+1975, the+avengers+1998, the+conspiracy+2012, incognito+1997, the+island+1980, the+poughkeepsie+tapes+2007, analyze+that+2002, planet+of+the+apes+2001, macabre+1958, the+hills+have+eyes+2+2007, one+hour+photo+2002, the+brave+one+2007, above+the+law+1988, today+you+die+2005, rumble+fish+1983, airport+1975+1974, poltergeist+iii+1988, 436 ms"
"2022-02-08T19:18:48.545295,218388,recommendation request 17645-team17.isri.cmu.edu:8082, status 200, result: eyewitness+1981, the+million+dollar+hotel+2000, the+gauntlet+1977, 8+seconds+1994, the+conspiracy+2012, ivans+childhood+1962, courage+under+fire+1996, an+amazing+couple+2002, inception+2010, grand+illusion+1937, holy+motors+2012, dry+cleaning+1997, macabre+1958, island+2011, conan+the+barbarian+1982, the+fury+1978, the+art+of+war+2000, katyn+2007, spasmo+1974, never+let+me+go+2010, 425 ms"
"2022-02-08T19:18:48.547875,2442,recommendation request 17645-team17.isri.cmu.edu:8082, status 200, result: dead+of+winter+1987, shampoo+1975, cry+freedom+1987, rollerball+1975, what+doesnt+kill+you+2008, dark+city+1950, punchline+1988, the+conspiracy+2012, childs+play+3+1991, star+wars+episode+iii+-+revenge+of+the+sith+2005, frenzy+1972, a+time+to+kill+1996, twentieth+century+1934, birdy+1984, a+little+princess+1995, psycho+1998, phoenix+1998, harem+1985, planet+of+the+apes+2001, jaws+3-d+1983, 445 ms"
"2022-02-08T19:18:49.655821,299292,recommendation request 17645-team17.isri.cmu.edu:8082, status 200, result: the+cat+in+the+hat+2003, top+secret+1984, my+man+godfrey+1957, ed+1996, family+plot+1976, a+goofy+movie+1995, barbarosa+1982, the+addams+family+1991, in+the+line+of+fire+1993, a+little+princess+1995, dead+reckoning+1947, malice+1993, opportunity+knocks+1990, how+the+grinch+stole+christmas+2000, desk+set+1957, out+to+sea+1997, have+rocket_+will+travel+1959, the+three+stooges+in+orbit+1962, absolute+power+1997, today+you+die+2005, 583 ms"
"2022-02-08T19:18:49.698130,2351,recommendation request 17645-team17.isri.cmu.edu:8082, status 200, result: serenity+2005, its+all+about+love+2003, hero+1992, street+fighter+the+legend+of+chun-li+2009, airport+77+1977, money+talks+1997, running+out+of+time+1999, that+was+then...+this+is+now+1985, macgruber+2010, one+hundred+and+one+dalmatians+1961, crossroads+1986, johnny+english+2003, casshern+2004, the+yakuza+1974, nothing+to+lose+1997, gravity+2013, sudden+death+1995, atlas+shrugged+part+i+2011, breakout+1975, you+only+live+twice+1967, 552 ms"
"2022-02-08T19:18:49.793033,260294,recommendation request 17645-team17.isri.cmu.edu:8082, status 200, result: p.s.+2004, missing+1982, the+official+story+1985, sling+blade+1996, nothing+to+lose+1994, maze+2000, jungle+fever+1991, birdy+1984, opportunity+knocks+1990, the+mighty+1998, junebug+2005, juice+1992, crush+2001, the+fury+1978, remember+the+night+1940, dinoshark+2010, singham+2011, gung+ho+1986, the+program+1993, the+allnighter+1987, 720 ms"
"2022-02-08T19:18:49.894335,297871,recommendation request 17645-team17.isri.cmu.edu:8082, status 200, result: cry+freedom+1987, the+cobbler+2014, ed+1996, p.s.+2004, my+own+private+idaho+1991, kids+in+america+2005, frenzy+1972, the+other+side+of+the+mountain+1975, maze+2000, mystery_+alaska+1999, a+family+thing+1996, the+wizard+1989, albatross+2011, the+brothers+2001, the+mighty+1998, junebug+2005, yours_+mine+and+ours+1968, crush+2001, from+here+to+eternity+1953, ali+2001, 793 ms"
"2022-02-08T19:18:49.922415,21832,recommendation request 17645-team17.isri.cmu.edu:8082, status 200, result: curdled+1996, rollerball+1975, star+wars+episode+iii+-+revenge+of+the+sith+2005, notting+hill+1999, p.s.+2004, son+of+the+mask+2005, warriors+2002, maze+2000, light+it+up+1999, phoenix+1998, even+the+rain+2010, holy+motors+2012, planet+of+the+apes+2001, topper+1937, the+brothers+2001, my+beautiful+laundrette+1985, the+mighty+1998, the+hitch-hiker+1953, have+rocket_+will+travel+1959, crush+2001, 831 ms"
"2022-02-08T19:18:49.941444,233629,recommendation request 17645-team17.isri.cmu.edu:8082, status 400, result: movie 1 not found, 799 ms"
"2022-02-08T19:18:49.945805,308266,recommendation request 17645-team17.isri.cmu.edu:8082, status 0, result: java.util.concurrent.TimeoutException: Request timeout to 17645-team17.isri.cmu.edu/128.2.205.118:8082 after 800 ms, 838 ms"
"2022-02-08T19:18:50.122375,88981,recommendation request 17645-team17.isri.cmu.edu:8082, status 200, result: cry+freedom+1987, dark+city+1950, the+last+of+the+mohicans+1992, picture+perfect+1997, lockout+2012, raging+bull+1980, frenzy+1972, missing+1982, true+crime+1996, mystery_+alaska+1999, the+other+side+of+the+mountain+1975, 633+squadron+1964, the+bridge+at+remagen+1969, a+family+thing+1996, johnny+english+2003, haywire+2011, one+eight+seven+1997, the+island+1980, guilty+as+sin+1993, albatross+2011, 967 ms"
"2022-02-08T19:18:50.133605,117757,recommendation request 17645-team17.isri.cmu.edu:8082, status 200, result: shampoo+1975, curdled+1996, criminal+law+1988, the+house+of+yes+1997, my+man+godfrey+1957, ed+1996, p.s.+2004, the+other+side+of+the+mountain+1975, brimstone++treacle+1982, splash+1984, the+island+1980, the+mighty+1998, junebug+2005, the+hitch-hiker+1953, mobsters+1991, flowers+in+the+attic+1987, remember+the+night+1940, from+the+hip+1987, my+one+and+only+2009, lassie+2005, 935 ms"
"2022-02-08T19:18:50.484498,16092,recommendation request 17645-team17.isri.cmu.edu:8082, status 200, result: liar+liar+1997, down+periscope+1996, rhinestone+1984, toys+1992, the+family+man+2000, about+last+night...+1986, top+secret+1984, aquamarine+2006, p.s.+2004, maze+2000, never+again+2002, the+addams+family+1991, emma+2009, nims+island+2008, a+little+princess+1995, bulworth+1998, working+girl+1988, only+you+1994, opportunity+knocks+1990, the+producers+1967, 472 ms"
"2022-02-08T19:18:50.565370,43549,recommendation request 17645-team17.isri.cmu.edu:8082, status 200, result: detective+story+1951, bad+girls+1994, the+verdict+1982, the+letter+1940, the+matrix+revolutions+2003, shes+having+a+baby+1988, the+brave+one+2007, the+fury+1978, jennifer+eight+1992, they+made+me+a+criminal+1939, dungeons++dragons+2000, the+desert+rats+1953, edge+of+tomorrow+2014, the+hand+1981, the+robe+1953, l.i.e.+2001, leap+of+faith+1992, pinky+1949, against+the+dark+2009, the+blue+dahlia+1946, 548 ms"
"2022-02-08T19:18:50.578193,66572,recommendation request 17645-team17.isri.cmu.edu:8082, status 200, result: shampoo+1975, my+man+godfrey+1957, ed+1996, the+gauntlet+1977, red+dawn+1984, the+other+side+of+the+mountain+1975, maze+2000, a+time+to+kill+1996, a+little+princess+1995, gumby+the+movie+1995, ice+castles+1978, the+brood+1979, lionheart+1990, 9+2005, wake+of+death+2004, shivers+1975, crush+2001, mobsters+1991, the+living+daylights+1987, from+here+to+eternity+1953, 571 ms"
"2022-02-08T19:18:50.618021,178295,recommendation request 17645-team17.isri.cmu.edu:8082, status 200, result: the+perfect+score+2004, the+living+dead+girl+1982, cry+freedom+1987, arranged+2007, criminal+law+1988, mary+poppins+1964, ironweed+1987, frenzy+1972, the+aristocats+1970, dead+of+night+1945, the+return+of+the+living+dead+1985, detective+story+1951, phoenix+1998, the+longest+yard+1974, jennifer+eight+1992, ratatouille+2007, the+naked+gun+2+the+smell+of+fear+1991, the+gnome-mobile+1967, l.i.e.+2001, were+no+angels+1955, 589 ms"
"2022-02-08T19:18:50.655964,210147,recommendation request 17645-team17.isri.cmu.edu:8082, status 200, result: bill+cosby+himself+1983, top+secret+1984, a+goofy+movie+1995, the+princess+diaries+2+royal+engagement+2004, the+addams+family+1991, the+world+unseen+2007, asylum+1972, a+little+princess+1995, the+woman+2011, beneath+the+planet+of+the+apes+1970, shes+having+a+baby+1988, warriors+of+heaven+and+earth+2003, crush+2001, island+2011, scary+movie+5+2013, of+human+bondage+1934, beyond+therapy+1987, from+the+hip+1987, azumi+2003, atonement+2007, 630 ms"
"2022-02-08T19:18:50.654422,260530,recommendation request 17645-team17.isri.cmu.edu:8082, status 200, result: meet+me+in+st.+louis+1944, rollerball+1975, ed+1996, star+wars+episode+iii+-+revenge+of+the+sith+2005, sling+blade+1996, nims+island+2008, casper+1995, harem+1985, planet+of+the+apes+2001, the+mighty+1998, jurassic+park+1993, on+the+town+1949, murphys+romance+1985, island+2011, of+human+bondage+1934, hook+1991, bingo+1991, rushmore+1998, the+cutting+edge+1992, the+muppet+movie+1979, 620 ms"
"2022-02-08T19:18:50.687946,37449,recommendation request 17645-team17.isri.cmu.edu:8082, status 200, result: cry+freedom+1987, the+five+senses+1999, and+now...+ladies+and+gentlemen...+2002, p.s.+2004, frenzy+1972, a+goofy+movie+1995, maze+2000, lethal+weapon+3+1992, dick+tracy+1990, the+island+1980, shes+having+a+baby+1988, juice+1992, crush+2001, mobsters+1991, island+2011, the+man+who+knew+too+much+1956, the+emperors+new+groove+2000, rumble+fish+1983, airport+1975+1974, chicken+little+2005, 661 ms"
"2022-02-08T19:18:51.403566,118127,recommendation request 17645-team17.isri.cmu.edu:8082, status 200, result: drop+zone+1994, the+five+senses+1999, raging+bull+1980, the+conspiracy+2012, p.s.+2004, cookie+1989, the+other+side+of+the+mountain+1975, maze+2000, without+a+paddle+2004, a+little+princess+1995, casper+1995, wake+of+death+2004, macabre+1958, changing+lanes+2002, crush+2001, millions+2005, hook+1991, hopscotch+1980, bingo+1991, the+professional+1981, 322 ms"
"2022-02-08T19:18:51.427040,171309,recommendation request 17645-team17.isri.cmu.edu:8082, status 200, result: jaws+1975, rollerball+1975, the+snowman+1982, the+conspiracy+2012, baby+secret+of+the+lost+legend+1985, the+lookout+2007, gumby+the+movie+1995, star+wars+1977, phoenix+1998, x2+2003, bullets+over+broadway+1994, macabre+1958, breakout+1975, the+hot+spot+1990, in+hell+2003, the+crow+city+of+angels+1996, fantastic+four+2005, jaws+2+1978, dark+ride+2006, avatar+2009, 332 ms"
"2022-02-08T19:18:51.495255,248655,recommendation request 17645-team17.isri.cmu.edu:8082, status 200, result: black+beauty+1994, eyewitness+1981, drop+zone+1994, rollerball+1975, intersection+1994, star+wars+episode+iii+-+revenge+of+the+sith+2005, p.s.+2004, maze+2000, wintersleepers+1997, detective+story+1951, lifeboat+1944, a+little+princess+1995, planet+of+the+apes+2001, the+brothers+2001, crush+2001, days+of+glory+1944, side+out+1990, untitled+2009, today+you+die+2005, jennifer+eight+1992, 382 ms"
"2022-02-08T19:18:51.547375,127113,recommendation request 17645-team17.isri.cmu.edu:8082, status 200, result: cry+freedom+1987, rollerball+1975, forbidden+zone+1980, the+house+of+yes+1997, the+proprietor+1996, p.s.+2004, maze+2000, light+it+up+1999, jungle+fever+1991, z+1969, lifeboat+1944, casper+1995, planet+of+the+apes+2001, the+mighty+1998, jurassic+park+1993, bottle+rocket+1996, crush+2001, ali+2001, hook+1991, an+american+carol+2008, 451 ms"
"2022-02-08T19:18:52.366734,52990,recommendation request 17645-team17.isri.cmu.edu:8082, status 200, result: black+beauty+1994, the+snowman+1982, sling+blade+1996, p.s.+2004, walle+2008, one+little+indian+1973, maze+2000, a+little+princess+1995, the+brothers+mcmullen+1995, the+brothers+2001, the+mighty+1998, cars+2+2011, junebug+2005, crush+2001, conan+the+barbarian+1982, my+one+and+only+2009, dugs+special+mission+2009, ratatouille+2007, chicken+little+2005, dungeons++dragons+2000, 343 ms"
"2022-02-08T19:18:52.372432,265903,recommendation request 17645-team17.isri.cmu.edu:8082, status 200, result: shampoo+1975, the+house+of+yes+1997, p.s.+2004, frenzy+1972, true+crime+1996, dont+move+2004, the+next+three+days+2010, maze+2000, the+other+side+of+the+mountain+1975, an+amazing+couple+2002, random+hearts+1999, the+letter+1940, phoenix+1998, holy+motors+2012, the+brothers+2001, dry+cleaning+1997, a+man+and+a+woman+1966, for+keeps+1988, the+mighty+1998, junebug+2005, 302 ms"
"2022-02-08T19:18:53.430044,19128,recommendation request 17645-team17.isri.cmu.edu:8082, status 200, result: eyewitness+1981, rollerball+1975, my+man+godfrey+1957, ed+1996, p.s.+2004, the+other+side+of+the+mountain+1975, planet+of+the+apes+2001, the+wizard+1989, modesty+blaise+1966, serial+1980, hopscotch+1980, today+you+die+2005, the+dream+team+1989, bulletproof+1996, get+real+1998, fun+in+acapulco+1963, rocky+1976, divergent+2014, the+substitute+1996, bring+it+on+again+2004, 311 ms"
"2022-02-08T19:18:54.377406,200210,recommendation request 17645-team17.isri.cmu.edu:8082, status 200, result: the+perfect+score+2004, cry+freedom+1987, switchback+1997, bon+cop+bad+cop+2006, sleepers+1996, paths+of+glory+1957, how+i+won+the+war+1967, birdy+1984, harry+and+tonto+1974, masterminds+1997, phoenix+1998, a+shock+to+the+system+1990, the+letter+1940, the+yakuza+1974, the+client+1994, junebug+2005, the+hot+spot+1990, the+juror+1996, ali+2001, days+of+glory+1944, 342 ms"
"2022-02-08T19:18:54.375515,301225,recommendation request 17645-team17.isri.cmu.edu:8082, status 200, result: american+virgin+2000, shampoo+1975, out+of+sight+1998, nothing+but+trouble+1991, punchline+1988, family+plot+1976, freaky+friday+1976, dick+tracy+1990, national+lampoons+vacation+1983, opportunity+knocks+1990, junebug+2005, the+women+2008, his+girl+friday+1940, my+one+and+only+2009, bingo+1991, ratatouille+2007, bulletproof+1996, every+which+way+but+loose+1978, the+allnighter+1987, the+gnome-mobile+1967, 333 ms"
"2022-02-08T19:18:54.387402,104612,recommendation request 17645-team17.isri.cmu.edu:8082, status 200, result: cry+freedom+1987, six+pack+1982, a+goofy+movie+1995, a+family+thing+1996, freaky+friday+1976, forrest+gump+1994, harry+and+tonto+1974, love+story+1970, winnie+the+pooh+2011, running+scared+1986, changing+lanes+2002, shes+having+a+baby+1988, the+incredible+hulk+2008, the+emperors+new+groove+2000, ratatouille+2007, chicken+little+2005, bulletproof+1996, shrek+the+third+2007, melvin+and+howard+1980, fire+down+below+1997, 375 ms"
"2022-02-08T19:18:55.529644,78213,recommendation request 17645-team17.isri.cmu.edu:8082, status 200, result: replicant+2001, nothing+but+trouble+1991, werewolves+on+wheels+1971, return+of+the+fly+1959, p.s.+2004, carnosaur+2+1995, maze+2000, analyze+this+1999, birdy+1984, the+brothers+mcmullen+1995, moving+1988, national+lampoons+vacation+1983, phoenix+1998, the+brothers+2001, blind+fury+1989, conan+the+barbarian+1982, crush+2001, the+hot+spot+1990, juno+2007, dinoshark+2010, 298 ms"
"2022-02-08T19:18:55.576796,118420,recommendation request 17645-team17.isri.cmu.edu:8082, status 200, result: curdled+1996, cry+freedom+1987, sleepers+1996, p.s.+2004, maze+2000, vision+quest+1985, a+little+princess+1995, forrest+gump+1994, the+witches+of+eastwick+1987, the+letter+1940, phoenix+1998, patriot+games+1992, the+brothers+2001, the+yakuza+1974, the+client+1994, shes+having+a+baby+1988, the+hitch-hiker+1953, juice+1992, crush+2001, mobsters+1991, 443 ms"
"2022-02-08T19:18:55.576931,48815,recommendation request 17645-team17.isri.cmu.edu:8082, status 200, result: rollerball+1975, ed+1996, frenzy+1972, true+crime+1996, the+other+side+of+the+mountain+1975, lethal+weapon+3+1992, footloose+1984, dick+tracy+1990, casper+1995, ice+castles+1978, planet+of+the+apes+2001, jurassic+park+1993, crush+2001, from+here+to+eternity+1953, ali+2001, hook+1991, the+loves+of+carmen+1948, atonement+2007, the+idolmaker+1980, spasmo+1974, 400 ms"
"2022-02-08T19:18:56.414211,248017,recommendation request 17645-team17.isri.cmu.edu:8082, status 200, result: remember+me+2010, black+beauty+1994, eyewitness+1981, step+up+revolution+2012, the+house+of+yes+1997, p.s.+2004, a+goofy+movie+1995, courage+under+fire+1996, the+other+side+of+the+mountain+1975, maze+2000, freaky+friday+1976, a+little+princess+1995, the+new+adventures+of+pippi+longstocking+1988, the+water+horse+2007, joy+ride+2001, the+brothers+2001, the+client+1994, the+mighty+1998, crush+2001, island+2011, 350 ms"
"2022-02-08T19:18:56.418619,207393,recommendation request 17645-team17.isri.cmu.edu:8082, status 200, result: arranged+2007, barbershop+2002, notting+hill+1999, p.s.+2004, true+crime+1996, maze+2000, big+trouble+2002, another+thin+man+1939, moving+1988, blood_+guts_+bullets+and+octane+1998, masterminds+1997, the+yakuza+1974, the+brothers+2001, gravity+2013, my+beautiful+laundrette+1985, running+scared+1986, the+mighty+1998, changing+lanes+2002, the+game+1997, free+willy+3+the+rescue+1997, 360 ms"
"2022-02-08T19:18:56.457730,136904,recommendation request 17645-team17.isri.cmu.edu:8082, status 200, result: eyewitness+1981, the+conspiracy+2012, how+i+won+the+war+1967, barbarosa+1982, in+the+line+of+fire+1993, the+rage+carrie+2+1999, the+letter+1940, bully+2011, macabre+1958, the+matrix+revolutions+2003, junebug+2005, island+2011, the+brave+one+2007, the+juror+1996, body+double+1984, hopscotch+1980, my+one+and+only+2009, today+you+die+2005, eyes+of+laura+mars+1978, spasmo+1974, 389 ms"
"2022-02-08T19:18:57.412223,214167,recommendation request 17645-team17.isri.cmu.edu:8082, status 200, result: rocky+ii+1979, im+no+angel+1933, made+for+each+other+1939, the+best+man+1964, raging+bull+1980, black+sheep+1996, that+was+then...+this+is+now+1985, brain+donors+1992, cousins+1989, a+family+thing+1996, duck+soup+1933, igby+goes+down+2002, interiors+1978, citizens+band+1977, being+there+1979, albatross+2011, animal+crackers+1930, rocky+iii+1982, up+in+smoke+1978, down+in+the+delta+1998, 274 ms"
"2022-02-08T19:18:57.482943,123833,recommendation request 17645-team17.isri.cmu.edu:8082, status 200, result: avanti+1972, shampoo+1975, cant+hardly+wait+1998, shirin+in+love+2014, about+last+night...+1986, husbands+and+wives+1992, commandments+1997, making+love+1982, p.s.+2004, once+around+1991, loser+2000, maze+2000, five+times+two+2004, the+bishops+wife+1947, down+to+you+2000, emma+2009, love+and+other+catastrophes+1996, splash+1984, beyond+the+clouds+1995, burlesque+2010, 337 ms"
"2022-02-08T19:18:59.400601,211478,recommendation request 17645-team17.isri.cmu.edu:8082, status 200, result: replicant+2001, about+last+night...+1986, the+proprietor+1996, the+snowman+1982, missing+1982, mystery_+alaska+1999, big+hero+6+2014, light+it+up+1999, carnosaur+2+1995, northfork+2003, fantastic+4+rise+of+the+silver+surfer+2007, one+eight+seven+1997, guilty+as+sin+1993, gravity+2013, another+earth+2011, look+whos+talking+too+1990, island+2011, side+out+1990, x+the+unknown+1956, dinoshark+2010, 365 ms"
"2022-02-08T19:18:59.490123,70619,recommendation request 17645-team17.isri.cmu.edu:8082, status 200, result: rollerball+1975, barbershop+2002, rancho+deluxe+1975, star+wars+episode+iii+-+revenge+of+the+sith+2005, frenzy+1972, true+crime+1996, barbarosa+1982, wintersleepers+1997, another+thin+man+1939, moving+1988, lightning+jack+1994, planet+of+the+apes+2001, sanjuro+1962, marooned+1969, the+juror+1996, conan+the+barbarian+1982, island+2011, side+out+1990, spasmo+1974, private+lives+1931, 457 ms"
"2022-02-08T19:18:59.498323,111521,recommendation request 17645-team17.isri.cmu.edu:8082, status 200, result: black+beauty+1994, top+secret+1984, the+gauntlet+1977, missing+1982, barbarosa+1982, light+it+up+1999, the+beverly+hillbillies+1993, the+letter+1940, dead+presidents+1995, working+girl+1988, beyond+the+sea+2004, island+2011, above+the+law+1988, eight+men+out+1988, made+of+honor+2008, from+the+hip+1987, knockout+2000, ruby++quentin+2003, they+made+me+a+criminal+1939, little+murders+1971, 423 ms"
"2022-02-08T19:18:59.507513,131784,recommendation request 17645-team17.isri.cmu.edu:8082, status 200, result: drop+zone+1994, robot+stories+2003, the+longest+day+1962, the+conspiracy+2012, the+other+side+of+the+mountain+1975, streets+of+fire+1984, detective+story+1951, lifeboat+1944, dick+tracy+1990, grand+illusion+1937, paintball+2009, apocalypto+2006, lionheart+1990, four+brothers+2005, planet+of+the+apes+2001, the+island+1980, macabre+1958, changing+lanes+2002, in+harms+way+1965, juice+1992, 412 ms"
"2022-02-08T19:19:00.453185,117934,recommendation request 17645-team17.isri.cmu.edu:8082, status 200, result: eyewitness+1981, drop+zone+1994, rollerball+1975, the+dresser+1983, ed+1996, p.s.+2004, red+dawn+1984, the+promise+2005, all+the+mornings+of+the+world+1991, nims+island+2008, chronicle+2012, get+out+your+handkerchiefs+1978, four+brothers+2005, planet+of+the+apes+2001, albatross+2011, the+yakuza+1974, the+wizard+1989, full+speed+1996, millions+2005, six+weeks+1982, 346 ms"
"2022-02-08T19:19:00.490341,165060,recommendation request 17645-team17.isri.cmu.edu:8082, status 200, result: nothing+but+trouble+1991, criminal+law+1988, intersection+1994, ed+1996, paths+of+glory+1957, return+of+the+fly+1959, the+proprietor+1996, think+like+a+man+too+2014, how+i+won+the+war+1967, carnosaur+2+1995, z+1969, birdy+1984, the+great+escape+1963, phoenix+1998, the+yakuza+1974, the+wizard+1989, murphys+romance+1985, island+2011, juice+1992, the+nuns+story+1959, 347 ms"
"2022-02-08T19:19:00.521406,87881,recommendation request 17645-team17.isri.cmu.edu:8082, status 200, result: cry+freedom+1987, the+five+senses+1999, barbershop+2002, forbidden+zone+1980, raging+bull+1980, the+conspiracy+2012, p.s.+2004, the+other+side+of+the+mountain+1975, maze+2000, 42nd+street+1933, on+moonlight+bay+1951, casper+1995, the+beverly+hillbillies+1993, another+thin+man+1939, moving+1988, macabre+1958, jurassic+park+1993, desk+set+1957, shes+having+a+baby+1988, white+palace+1990, 462 ms"
"2022-02-08T19:19:00.533943,120226,recommendation request 17645-team17.isri.cmu.edu:8082, status 200, result: cry+freedom+1987, drop+zone+1994, rollerball+1975, my+man+godfrey+1957, ed+1996, star+wars+episode+iii+-+revenge+of+the+sith+2005, the+other+side+of+the+mountain+1975, without+a+paddle+2004, father+of+the+bride+1991, cabin+boy+1994, phoenix+1998, wake+of+death+2004, planet+of+the+apes+2001, changing+lanes+2002, hopscotch+1980, today+you+die+2005, romeo+is+bleeding+1993, the+dream+team+1989, the+professional+1981, bulletproof+1996, 339 ms"
"2022-02-08T19:19:01.406220,138622,recommendation request 17645-team17.isri.cmu.edu:8082, status 200, result: bill+cosby+himself+1983, 8+seconds+1994, true+crime+1996, the+other+side+of+the+mountain+1975, light+it+up+1999, marooned+1969, the+truman+show+1998, from+dusk+till+dawn+1996, ali+2001, beyond+therapy+1987, blood+and+sand+1989, 7+seconds+2005, knockout+2000, they+made+me+a+criminal+1939, never+let+me+go+2010, no+mercy+1986, get+real+1998, exodus+1960, rocky+1976, meatballs+4+1992, 385 ms"
"2022-02-08T19:19:01.421831,3745,recommendation request 17645-team17.isri.cmu.edu:8082, status 200, result: gleaming+the+cube+1989, cry+freedom+1987, rollerball+1975, switchback+1997, courage+under+fire+1996, a+family+thing+1996, premium+rush+2012, detective+story+1951, grand+canyon+1991, planet+of+the+apes+2001, albatross+2011, junebug+2005, rush+hour+3+2007, desk+set+1957, out+to+sea+1997, island+2011, the+man+who+knew+too+much+1956, my+one+and+only+2009, jennifer+eight+1992, breakfast+on+pluto+2005, 400 ms"
"2022-02-08T19:19:01.421875,34248,recommendation request 17645-team17.isri.cmu.edu:8082, status 200, result: barbershop+2002, sleepers+1996, the+house+of+yes+1997, the+longest+day+1962, raging+bull+1980, fathers+little+dividend+1951, a+family+thing+1996, lifeboat+1944, birdy+1984, grand+illusion+1937, fulltime+killer+2001, in+too+deep+1999, another+thin+man+1939, harem+1985, albatross+2011, hackers+1995, the+mighty+1998, shes+having+a+baby+1988, in+harms+way+1965, island+2011, 395 ms"
"2022-02-08T19:19:02.682055,235849,recommendation request 17645-team17.isri.cmu.edu:8082, status 200, result: eyewitness+1981, the+five+senses+1999, forbidden+zone+1980, six+pack+1982, raging+bull+1980, p.s.+2004, missing+1982, lethal+weapon+3+1992, the+world+unseen+2007, a+family+thing+1996, dont+say+a+word+2001, harry+and+tonto+1974, patriot+games+1992, sherlock+holmes+in+washington+1943, the+matrix+1999, mobsters+1991, juice+1992, from+the+hip+1987, an+american+carol+2008, today+you+die+2005, 413 ms"
"2022-02-08T19:19:02.791231,296399,recommendation request 17645-team17.isri.cmu.edu:8082, status 200, result: new+nightmare+1994, crush+1992, taps+1981, i+wake+up+screaming+1941, wisegirls+2002, bad+grandpa+2013, serpico+1973, black+sheep+1996, the+haunted+mansion+2003, death+note+2006, enough+2002, that+was+then...+this+is+now+1985, light+it+up+1999, east+of+eden+1955, the+last+minute+2001, detective+story+1951, the+verdict+1982, the+watcher+in+the+woods+1980, a+shock+to+the+system+1990, clockwatchers+1997, 523 ms"
"2022-02-08T19:19:02.798620,218172,recommendation request 17645-team17.isri.cmu.edu:8082, status 200, result: cry+freedom+1987, mickeys+once+upon+a+christmas+1999, robot+stories+2003, the+conspiracy+2012, true+crime+1996, walle+2008, flashdance+1983, the+virgin+suicides+1999, gumby+the+movie+1995, one+man+band+2005, one+eight+seven+1997, the+island+1980, macabre+1958, for+keeps+1988, shes+having+a+baby+1988, island+2011, the+juror+1996, lifted+2006, last+night+1998, dark+passage+1947, 518 ms"
"2022-02-08T19:19:02.799951,160680,recommendation request 17645-team17.isri.cmu.edu:8082, status 200, result: eyewitness+1981, cry+freedom+1987, edmond+2005, the+house+of+yes+1997, the+last+of+the+mohicans+1992, light+it+up+1999, dick+tracy+1990, the+island+1980, the+mighty+1998, veronica+guerin+2003, juice+1992, mobsters+1991, from+the+hip+1987, 7+seconds+2005, dark+passage+1947, shes+out+of+my+league+2010, today+you+die+2005, rumble+fish+1983, airport+1975+1974, no+mercy+1986, 524 ms"
"2022-02-08T19:19:02.814947,95364,recommendation request 17645-team17.isri.cmu.edu:8082, status 200, result: the+dresser+1983, the+last+of+the+mohicans+1992, punchline+1988, the+proprietor+1996, the+gauntlet+1977, p.s.+2004, missing+1982, a+goofy+movie+1995, 633+squadron+1964, maze+2000, the+great+escape+1963, malice+1993, the+brothers+2001, the+yakuza+1974, company+man+2000, winnie+the+pooh+2011, my+fair+lady+1964, albatross+2011, on+deadly+ground+1994, sherlock+holmes+in+washington+1943, 490 ms"
"2022-02-08T19:19:03.432971,187558,recommendation request 17645-team17.isri.cmu.edu:8082, status 200, result: cry+freedom+1987, ed+1996, frenzy+1972, lethal+weapon+3+1992, a+little+princess+1995, dick+tracy+1990, johnny+english+2003, casper+1995, dead+reckoning+1947, jurassic+park+1993, the+matrix+1999, hook+1991, bingo+1991, indestructible+man+1956, bulletproof+1996, holiday+1938, the+allnighter+1987, fire+down+below+1997, exodus+1960, dopamine+2003, 314 ms"
"2022-02-08T19:19:03.477259,198837,recommendation request 17645-team17.isri.cmu.edu:8082, status 200, result: rollerball+1975, the+longest+day+1962, ed+1996, star+wars+episode+iii+-+revenge+of+the+sith+2005, p.s.+2004, maze+2000, lifeboat+1944, grand+illusion+1937, casper+1995, jurassic+park+1993, shes+having+a+baby+1988, in+harms+way+1965, crush+2001, conan+the+barbarian+1982, hook+1991, today+you+die+2005, dungeons++dragons+2000, divergent+2014, leap+of+faith+1992, tomorrow+never+dies+1997, 361 ms"
"2022-02-08T19:19:03.542423,71310,recommendation request 17645-team17.isri.cmu.edu:8082, status 200, result: murder+by+numbers+2002, major+league+ii+1994, the+bridge+1959, striptease+1996, moving+1988, the+letter+1940, shopping+1994, hell+is+for+heroes+1962, gravity+2013, harsh+times+2005, sonny+2002, so+fine+1981, battle+of+britain+1969, the+roaring+twenties+1939, in+hell+2003, above+the+law+1988, all+quiet+on+the+western+front+1930, they+drive+by+night+1940, hot+to+trot+1988, atl+2006, 412 ms"
"2022-02-08T19:19:04.478587,88850,recommendation request 17645-team17.isri.cmu.edu:8082, status 200, result: serpico+1973, primal+fear+1996, detective+story+1951, prince+of+the+city+1981, the+godfather+part+iii+1990, thin+ice+2011, ministry+of+fear+1944, the+blue+dahlia+1946, were+no+angels+1989, morocco+1930, capone+1975, the+gambler+1974, the+godfather+1972, the+conversation+1974, the+wrong+man+1956, ace+in+the+hole+1951, internal+affairs+1990, goodfellas+1990, jennifer+eight+1992, if....+1968, 357 ms"
"2022-02-08T19:19:04.474423,123126,recommendation request 17645-team17.isri.cmu.edu:8082, status 200, result: rollerball+1975, dreamgirls+2006, intersection+1994, star+wars+episode+iii+-+revenge+of+the+sith+2005, the+pit+and+the+pendulum+1961, loving+you+1957, 633+squadron+1964, a+family+thing+1996, bellflower+2011, lifeboat+1944, z+1969, grand+illusion+1937, heavens+gate+1980, the+yakuza+1974, planet+of+the+apes+2001, gravity+2013, another+earth+2011, beyond+the+sea+2004, the+game+1997, the+incredible+hulk+2008, 355 ms"
"2022-02-08T19:19:04.492634,307140,recommendation request 17645-team17.isri.cmu.edu:8082, status 200, result: eyewitness+1981, drop+zone+1994, rollerball+1975, robot+stories+2003, star+wars+episode+iii+-+revenge+of+the+sith+2005, p.s.+2004, frenzy+1972, without+a+paddle+2004, northfork+2003, father+of+the+bride+1991, cabin+boy+1994, chronicle+2012, wake+of+death+2004, planet+of+the+apes+2001, changing+lanes+2002, island+2011, last+night+1998, hopscotch+1980, jennifer+eight+1992, phantoms+1998, 374 ms"
"2022-02-08T19:19:05.314153,117711,recommendation request 17645-team17.isri.cmu.edu:8082, status 200, result: bridget+joness+diary+2001, kissing+a+fool+1998, about+a+boy+2002, housesitter+1992, flirting+with+disaster+1996, once+around+1991, all+night+long+1981, this+is+40+2012, never+again+2002, latter+days+2003, the+four+seasons+1981, sixteen+candles+1984, heartbeeps+1981, send+me+no+flowers+1964, the+40+year+old+virgin+2005, shes+all+that+1999, view+from+the+top+2003, the+pallbearer+1996, wimbledon+2004, definitely_+maybe+2008, 214 ms"
"2022-02-08T19:19:05.460816,215555,recommendation request 17645-team17.isri.cmu.edu:8082, status 200, result: cry+freedom+1987, agnes+of+god+1985, the+conspiracy+2012, childs+play+3+1991, capricorn+one+1977, missing+1982, mystery_+alaska+1999, the+other+side+of+the+mountain+1975, light+it+up+1999, footloose+1984, spy+kids+3-d+game+over+2003, psycho+1998, one+eight+seven+1997, the+island+1980, guilty+as+sin+1993, my+fair+lady+1964, white+palace+1990, blind+fury+1989, island+2011, above+the+law+1988, 362 ms"
"2022-02-08T19:19:05.528185,162684,recommendation request 17645-team17.isri.cmu.edu:8082, status 200, result: drop+zone+1994, rollerball+1975, doc+hollywood+1991, a+goofy+movie+1995, without+a+paddle+2004, freaky+friday+1976, moving+1988, harry+and+tonto+1974, wake+of+death+2004, planet+of+the+apes+2001, leprechaun+4+in+space+1996, junebug+2005, changing+lanes+2002, shes+having+a+baby+1988, time+bandits+1981, north+1994, above+the+law+1988, hopscotch+1980, made+of+honor+2008, my+one+and+only+2009, 400 ms"
"2022-02-08T19:19:05.553109,23954,recommendation request 17645-team17.isri.cmu.edu:8082, status 200, result: drop+zone+1994, p.s.+2004, the+other+side+of+the+mountain+1975, maze+2000, without+a+paddle+2004, a+family+thing+1996, a+shock+to+the+system+1990, the+saint+1997, wake+of+death+2004, the+mighty+1998, desk+set+1957, changing+lanes+2002, out+to+sea+1997, crush+2001, island+2011, the+juror+1996, ali+2001, flowers+in+the+attic+1987, hopscotch+1980, boys+and+girls+2000, 394 ms"
"2022-02-08T19:19:05.560072,135261,recommendation request 17645-team17.isri.cmu.edu:8082, status 200, result: rollerball+1975, ed+1996, star+wars+episode+iii+-+revenge+of+the+sith+2005, carnosaur+2+1995, lifeboat+1944, dick+tracy+1990, casper+1995, moving+1988, analyze+that+2002, planet+of+the+apes+2001, evil+dead+ii+1987, jurassic+park+1993, veronica+guerin+2003, mobsters+1991, hook+1991, 7+seconds+2005, the+fan+1981, x+the+unknown+1956, dinoshark+2010, orgy+of+the+dead+1965, 420 ms"
"2022-02-08T19:19:06.410165,278808,recommendation request 17645-team17.isri.cmu.edu:8082, status 200, result: the+last+of+the+mohicans+1992, punchline+1988, city+slickers+1991, a+goofy+movie+1995, red+dawn+1984, p.s.+2004, barbarosa+1982, maze+2000, vision+quest+1985, freaky+friday+1976, a+little+princess+1995, bad+girls+1994, the+witches+of+eastwick+1987, patriot+games+1992, the+brothers+2001, for+keeps+1988, geronimo+an+american+legend+1993, the+living+daylights+1987, from+here+to+eternity+1953, crush+2001, 275 ms"
"2022-02-08T19:19:06.426352,77,recommendation request 17645-team17.isri.cmu.edu:8082, status 200, result: shampoo+1975, eyewitness+1981, intersection+1994, loving+you+1957, the+other+side+of+the+mountain+1975, maze+2000, edward+scissorhands+1990, vision+quest+1985, a+little+princess+1995, birdy+1984, the+verdict+1982, the+witches+of+eastwick+1987, guilty+as+sin+1993, harem+1985, serial+1980, modesty+blaise+1966, crush+2001, the+incredible+hulk+2008, a+place+in+the+sun+1951, hopscotch+1980, 272 ms"
"2022-02-08T19:19:07.460109,226740,recommendation request 17645-team17.isri.cmu.edu:8082, status 200, result: top+secret+1984, barbershop+2002, the+dresser+1983, rio+bravo+1959, love+jones+1997, notting+hill+1999, p.s.+2004, the+other+side+of+the+mountain+1975, the+addams+family+1991, maze+2000, a+little+princess+1995, ice+castles+1978, another+thin+man+1939, national+lampoons+vacation+1983, a+patch+of+blue+1965, albatross+2011, the+brothers+2001, my+beautiful+laundrette+1985, crush+2001, from+here+to+eternity+1953, 354 ms"
"2022-02-08T19:19:07.468840,99293,recommendation request 17645-team17.isri.cmu.edu:8082, status 200, result: eyewitness+1981, drop+zone+1994, the+last+of+the+mohicans+1992, the+longest+day+1962, major+league+ii+1994, 633+squadron+1964, without+a+paddle+2004, uncommon+valor+1983, moving+1988, derailed+2002, wake+of+death+2004, flight+of+the+intruder+1991, changing+lanes+2002, so+fine+1981, battle+of+britain+1969, hopscotch+1980, all+quiet+on+the+western+front+1930, today+you+die+2005, hot+to+trot+1988, the+professional+1981, 388 ms"
"2022-02-08T19:19:07.460319,30930,recommendation request 17645-team17.isri.cmu.edu:8082, status 200, result: top+secret+1984, the+house+of+yes+1997, intersection+1994, the+proprietor+1996, ed+1996, frenzy+1972, the+addams+family+1991, fuck+2005, father+of+the+bride+1991, a+little+princess+1995, lifeboat+1944, cabin+boy+1994, casper+1995, the+mighty+1998, jurassic+park+1993, serial+1980, shes+having+a+baby+1988, mobsters+1991, outrage+2009, hook+1991, 380 ms"
"2022-02-08T19:19:07.486274,306437,recommendation request 17645-team17.isri.cmu.edu:8082, status 200, result: down+periscope+1996, rhinestone+1984, cry+freedom+1987, drop+zone+1994, nine+lives+2005, frenzy+1972, the+other+side+of+the+mountain+1975, never+again+2002, the+andromeda+strain+1971, the+mother+2003, without+a+paddle+2004, uncommon+valor+1983, armageddon+1998, ice+castles+1978, psycho+1998, wake+of+death+2004, flight+of+the+intruder+1991, breakout+1975, away+from+her+2006, desk+set+1957, 404 ms"
"2022-02-08T19:19:08.458932,203975,recommendation request 17645-team17.isri.cmu.edu:8082, status 200, result: the+family+man+2000, beethovens+2nd+1993, kissing+a+fool+1998, ed+1996, 8+seconds+1994, housesitter+1992, once+around+1991, never+again+2002, american+gigolo+1980, the+big+blue+1988, the+ghost++mr.+chicken+1966, the+little+rascals+1994, gilda+1946, uncertainty+2009, the+wizard+1989, heartbeeps+1981, send+me+no+flowers+1964, the+son+of+the+sheik+1926, the+sheltering+sky+1990, cuba+1979, 406 ms"
"2022-02-08T19:19:08.456678,158611,recommendation request 17645-team17.isri.cmu.edu:8082, status 200, result: rollerball+1975, agnes+of+god+1985, the+proprietor+1996, p.s.+2004, maze+2000, light+it+up+1999, detective+story+1951, lifeboat+1944, the+godfather+part+iii+1990, cell+211+2009, one+eight+seven+1997, the+brothers+2001, the+reader+2008, the+matrix+revolutions+2003, battle+for+terra+2007, geronimo+an+american+legend+1993, crush+2001, the+brave+one+2007, above+the+law+1988, untitled+2009, 444 ms"
"2022-02-08T19:19:08.467976,256251,recommendation request 17645-team17.isri.cmu.edu:8082, status 200, result: drop+zone+1994, edmond+2005, cry+freedom+1987, mary+poppins+1964, dreamgirls+2006, barbarosa+1982, the+addams+family+1991, light+it+up+1999, freaky+friday+1976, a+shock+to+the+system+1990, phoenix+1998, the+saint+1997, albatross+2011, beyond+the+sea+2004, junebug+2005, changing+lanes+2002, people+like+us+2012, millions+2005, made+of+honor+2008, my+one+and+only+2009, 452 ms"
"2022-02-08T19:19:09.387112,103942,recommendation request 17645-team17.isri.cmu.edu:8082, status 200, result: down+periscope+1996, rhinestone+1984, murder+by+numbers+2002, serpico+1973, the+golden+voyage+of+sinbad+1973, that+was+then...+this+is+now+1985, never+again+2002, detective+story+1951, striptease+1996, the+letter+1940, desk+set+1957, out+to+sea+1997, sonny+2002, the+big+heat+1953, shes+having+a+baby+1988, the+roaring+twenties+1939, get+over+it+2001, the+two+jakes+1990, the+craft+1996, jennifer+eight+1992, 304 ms"
"2022-02-08T19:19:09.521340,286067,recommendation request 17645-team17.isri.cmu.edu:8082, status 200, result: shampoo+1975, rollerball+1975, star+wars+episode+iii+-+revenge+of+the+sith+2005, p.s.+2004, cookie+1989, fathers+little+dividend+1951, maze+2000, spirit+stallion+of+the+cimarron+2002, light+it+up+1999, bachelor+in+paradise+1961, love+crazy+1941, on+the+town+1949, crush+2001, have+rocket_+will+travel+1959, millions+2005, shes+out+of+my+league+2010, made+of+honor+2008, boys+and+girls+2000, ruby++quentin+2003, chicken+little+2005, 382 ms"
"2022-02-08T19:19:09.519455,173895,recommendation request 17645-team17.isri.cmu.edu:8082, status 200, result: top+secret+1984, about+last+night...+1986, six+pack+1982, the+addams+family+1991, maze+2000, a+family+thing+1996, a+little+princess+1995, harry+and+tonto+1974, platoon+1986, serial+bad+weddings+2014, have+rocket_+will+travel+1959, crush+2001, side+out+1990, the+three+stooges+in+orbit+1962, ruby++quentin+2003, holiday+1938, d.a.r.y.l.+1985, heaven++earth+1993, nothing+in+common+1986, 8+1963, 348 ms"
"2022-02-08T19:19:10.416916,196842,recommendation request 17645-team17.isri.cmu.edu:8082, status 200, result: switchback+1997, six+pack+1982, the+last+of+the+mohicans+1992, 8+seconds+1994, the+snowman+1982, p.s.+2004, courage+under+fire+1996, big+hero+6+2014, sleeping+beauty+1959, without+a+paddle+2004, a+family+thing+1996, freaky+friday+1976, harry+and+tonto+1974, wake+of+death+2004, a+man+and+a+woman+1966, for+keeps+1988, winnie+the+pooh+2011, changing+lanes+2002, island+2011, from+here+to+eternity+1953, 322 ms"
"2022-02-08T19:19:10.463965,288997,recommendation request 17645-team17.isri.cmu.edu:8082, status 200, result: the+book+of+eli+2010, sling+blade+1996, that+was+then...+this+is+now+1985, the+matrix+reloaded+2003, cromwell+1970, demolition+man+1993, the+pumaman+1980, iris+2001, flash+gordon+1936, freejack+1992, the+time+machine+2002, the+mighty+1998, the+matrix+revolutions+2003, an+education+2009, the+brave+one+2007, swordfish+2001, deep+blue+sea+1999, persuasion+1995, the+snapper+1993, the+war+1994, 355 ms"
"2022-02-08T19:19:10.442572,305827,recommendation request 17645-team17.isri.cmu.edu:8082, status 200, result: point+of+no+return+1993, murder+by+numbers+2002, the+last+of+the+mohicans+1992, serpico+1973, the+longest+day+1962, 633+squadron+1964, detective+story+1951, a+little+princess+1995, the+letter+1940, frantic+1988, juice+1992, morocco+1930, salton+sea+2002, the+godfather+1972, battle+of+britain+1969, all+quiet+on+the+western+front+1930, jennifer+eight+1992, atl+2006, exodus+1960, el+cid+1961, 337 ms"
"2022-02-08T19:19:10.668586,19095,recommendation request 17645-team17.isri.cmu.edu:8082, status 200, result: cry+freedom+1987, the+proprietor+1996, the+conspiracy+2012, childs+play+3+1991, mission+to+mir+1997, a+family+thing+1996, detective+story+1951, z+1969, lifeboat+1944, fuck+2005, psycho+1998, the+verdict+1982, a+patch+of+blue+1965, albatross+2011, jaws+3-d+1983, junebug+2005, the+serpent+and+the+rainbow+1988, from+here+to+eternity+1953, ali+2001, romeo+and+juliet+1936, 565 ms"
"2022-02-08T19:19:10.680662,111229,recommendation request 17645-team17.isri.cmu.edu:8082, status 200, result: eyewitness+1981, the+parent+trap+1998, cry+freedom+1987, drop+zone+1994, six+pack+1982, a+goofy+movie+1995, mutiny+on+the+bounty+1962, walle+2008, snow+dogs+2002, a+family+thing+1996, freaky+friday+1976, without+a+paddle+2004, harry+and+tonto+1974, wake+of+death+2004, cars+2+2011, changing+lanes+2002, hopscotch+1980, the+arrival+1996, dugs+special+mission+2009, ratatouille+2007, 548 ms"
"2022-02-08T19:19:10.688469,126077,recommendation request 17645-team17.isri.cmu.edu:8082, status 200, result: drop+zone+1994, rollerball+1975, the+conspiracy+2012, desert+blue+1999, frenzy+1972, true+crime+1996, p.s.+2004, brimstone++treacle+1982, without+a+paddle+2004, northfork+2003, your+friends++neighbors+1998, cadillac+man+1990, the+saint+1997, patriot+games+1992, planet+of+the+apes+2001, stonewall+1995, macabre+1958, the+object+of+beauty+1991, changing+lanes+2002, junebug+2005, 578 ms"
"2022-02-08T19:19:10.684870,216137,recommendation request 17645-team17.isri.cmu.edu:8082, status 200, result: bill+cosby+himself+1983, about+last+night...+1986, mickeys+once+upon+a+christmas+1999, the+wedding+singer+1998, p.s.+2004, maze+2000, forrest+gump+1994, gumby+the+movie+1995, shes+having+a+baby+1988, crush+2001, the+women+2008, side+out+1990, drillbit+taylor+2008, beyond+therapy+1987, ratatouille+2007, a+christmas+carol+1984, the+allnighter+1987, get+real+1998, meatballs+4+1992, the+incredibles+2004, 546 ms"
"2022-02-08T19:19:11.513597,98606,recommendation request 17645-team17.isri.cmu.edu:8082, status 200, result: drop+zone+1994, helen+of+troy+1956, the+librarian+the+curse+of+the+judas+chalice+2008, without+a+paddle+2004, uncommon+valor+1983, first+blood+1982, prince+of+persia+the+sands+of+time+2010, inception+2010, to+catch+a+thief+1955, wake+of+death+2004, flight+of+the+intruder+1991, changing+lanes+2002, hopscotch+1980, double+indemnity+1944, the+art+of+war+2000, they+made+me+a+criminal+1939, the+professional+1981, sucker+punch+2011, the+sorcerers+apprentice+2010, captain+horatio+hornblower+r.n.+1951, 392 ms"
"2022-02-08T19:19:11.682723,69303,recommendation request 17645-team17.isri.cmu.edu:8082, status 200, result: drop+zone+1994, mickeys+once+upon+a+christmas+1999, intersection+1994, p.s.+2004, barbarosa+1982, maze+2000, dick+tracy+1990, chicken+run+2000, the+beverly+hillbillies+1993, moving+1988, masterminds+1997, four+brothers+2005, the+brothers+2001, junebug+2005, crush+2001, the+women+2008, the+fury+1978, 7+seconds+2005, my+one+and+only+2009, dinoshark+2010, 569 ms"
"2022-02-08T19:19:11.697017,285504,recommendation request 17645-team17.isri.cmu.edu:8082, status 200, result: rollerball+1975, about+last+night...+1986, robot+stories+2003, p.s.+2004, a+goofy+movie+1995, the+langoliers+1995, the+other+side+of+the+mountain+1975, maze+2000, thank+you+for+smoking+2005, freaky+friday+1976, the+brothers+mcmullen+1995, phoenix+1998, the+brothers+2001, marooned+1969, for+keeps+1988, junebug+2005, look+whos+talking+too+1990, the+juror+1996, crush+2001, sherlock+holmes+in+washington+1943, 577 ms"
"2022-02-08T19:19:11.718559,232174,recommendation request 17645-team17.isri.cmu.edu:8082, status 200, result: dreamgirls+2006, the+last+of+the+mohicans+1992, the+conspiracy+2012, missing+1982, the+promise+2005, the+langoliers+1995, mystery_+alaska+1999, phoenix+1998, one+eight+seven+1997, guilty+as+sin+1993, the+yakuza+1974, albatross+2011, marooned+1969, dead+reckoning+1947, people+like+us+2012, the+juror+1996, island+2011, return+to+horror+high+1987, dinoshark+2010, spasmo+1974, 586 ms"
"2022-02-08T19:19:11.803159,307700,recommendation request 17645-team17.isri.cmu.edu:8082, status 200, result: curdled+1996, cry+freedom+1987, rollerball+1975, ed+1996, the+conspiracy+2012, childs+play+3+1991, lethal+weapon+3+1992, big+trouble+2002, casper+1995, psycho+1998, the+letter+1940, planet+of+the+apes+2001, jaws+3-d+1983, jurassic+park+1993, junebug+2005, the+serpent+and+the+rainbow+1988, the+hitch-hiker+1953, mobsters+1991, conan+the+barbarian+1982, hook+1991, 668 ms"
"2022-02-08T19:19:11.814806,224238,recommendation request 17645-team17.isri.cmu.edu:8082, status 200, result: rollerball+1975, the+conspiracy+2012, frenzy+1972, true+crime+1996, die+weisse+rose+1982, signs+of+life+1968, murder_+my+sweet+1944, 9+2005, money+train+1995, the+yakuza+1974, fabled+2002, planet+of+the+apes+2001, juice+1992, mobsters+1991, conan+the+barbarian+1982, the+juror+1996, island+2011, of+human+bondage+1934, gozu+2003, dungeons++dragons+2000, 674 ms"
"2022-02-08T19:19:11.808390,214414,recommendation request 17645-team17.isri.cmu.edu:8082, status 200, result: angst+1983, barbershop+2002, robot+stories+2003, criminal+law+1988, the+house+of+yes+1997, bossa+nova+2000, p.s.+2004, sling+blade+1996, the+other+side+of+the+mountain+1975, maze+2000, the+way+2010, northfork+2003, another+thin+man+1939, masterminds+1997, the+brothers+2001, fabled+2002, the+mighty+1998, music+and+lyrics+2007, hogfather+2006, crush+2001, 676 ms"
"2022-02-08T19:19:12.461425,268222,recommendation request 17645-team17.isri.cmu.edu:8082, status 200, result: the+nest+2002, rollerball+1975, what+doesnt+kill+you+2008, the+promise+2005, the+dance+of+reality+2013, parker+2013, the+pompatus+of+love+1996, johnny+english+2003, in+too+deep+1999, nighthawks+1981, planet+of+the+apes+2001, fabled+2002, we+are+the+best+2013, rush+hour+3+2007, island+2011, side+out+1990, 7+seconds+2005, made+of+honor+2008, ruby++quentin+2003, sucker+punch+2011, 444 ms"
"2022-02-08T19:19:12.753863,224809,recommendation request 17645-team17.isri.cmu.edu:8082, status 200, result: shampoo+1975, neighbors+1981, forces+of+nature+1999, son+of+frankenstein+1939, enough+2002, that+was+then...+this+is+now+1985, never+again+2002, just+go+with+it+2011, the+mummy+1999, house+of+dracula+1945, light+it+up+1999, twentieth+century+1934, the+mummys+curse+1944, the+letter+1940, sonny+2002, murphys+romance+1985, the+roaring+twenties+1939, psycho+iii+1986, the+owl+and+the+pussycat+1970, get+over+it+2001, 691 ms"
"2022-02-08T19:19:12.845637,88103,recommendation request 17645-team17.isri.cmu.edu:8082, status 0, result: java.util.concurrent.TimeoutException: Request timeout to 17645-team17.isri.cmu.edu/128.2.205.118:8082 after 800 ms, 826 ms"
"2022-02-08T19:19:12.849222,152602,recommendation request 17645-team17.isri.cmu.edu:8082, status 0, result: java.util.concurrent.TimeoutException: Request timeout to 17645-team17.isri.cmu.edu/128.2.205.118:8082 after 800 ms, 810 ms"
"2022-02-08T19:19:12.844979,250774,recommendation request 17645-team17.isri.cmu.edu:8082, status 0, result: java.util.concurrent.TimeoutException: Request timeout to 17645-team17.isri.cmu.edu/128.2.205.118:8082 after 800 ms, 826 ms"
"2022-02-08T19:19:12.847684,193862,recommendation request 17645-team17.isri.cmu.edu:8082, status 0, result: java.util.concurrent.TimeoutException: Request timeout to 17645-team17.isri.cmu.edu/128.2.205.118:8082 after 800 ms, 827 ms"
"2022-02-08T19:19:12.944793,188078,recommendation request 17645-team17.isri.cmu.edu:8082, status 0, result: java.util.concurrent.TimeoutException: Request timeout to 17645-team17.isri.cmu.edu/128.2.205.118:8082 after 800 ms, 841 ms"
"2022-02-08T19:19:12.958365,213278,recommendation request 17645-team17.isri.cmu.edu:8082, status 0, result: java.util.concurrent.TimeoutException: Request timeout to 17645-team17.isri.cmu.edu/128.2.205.118:8082 after 800 ms, 901 ms"
"2022-02-08T19:19:12.968051,178524,recommendation request 17645-team17.isri.cmu.edu:8082, status 0, result: java.util.concurrent.TimeoutException: Request timeout to 17645-team17.isri.cmu.edu/128.2.205.118:8082 after 800 ms, 863 ms"
"2022-02-08T19:19:12.968025,190113,recommendation request 17645-team17.isri.cmu.edu:8082, status 0, result: java.util.concurrent.TimeoutException: Request timeout to 17645-team17.isri.cmu.edu/128.2.205.118:8082 after 800 ms, 840 ms"
"2022-02-08T19:19:12.968131,9937,recommendation request 17645-team17.isri.cmu.edu:8082, status 0, result: java.util.concurrent.TimeoutException: Request timeout to 17645-team17.isri.cmu.edu/128.2.205.118:8082 after 800 ms, 863 ms"
"2022-02-08T19:19:13.357158,115105,recommendation request 17645-team17.isri.cmu.edu:8082, status 200, result: the+glimmer+man+1996, cry+freedom+1987, arranged+2007, the+last+of+the+mohicans+1992, under+siege+1992, light+it+up+1999, a+time+to+kill+1996, forrest+gump+1994, big+trouble+2002, the+verdict+1982, blood_+guts_+bullets+and+octane+1998, masterminds+1997, guilty+as+sin+1993, patriot+games+1992, on+deadly+ground+1994, shes+having+a+baby+1988, juice+1992, breakdown+1997, above+the+law+1988, a+knights+tale+2001, 268 ms"
"2022-02-08T19:19:13.381494,166,recommendation request 17645-team17.isri.cmu.edu:8082, status 200, result: shampoo+1975, drop+zone+1994, rollerball+1975, melody+time+1948, rio+bravo+1959, the+dresser+1983, the+punisher+1989, punchline+1988, the+amazing+spider-man+2012, the+wash+2001, parker+2013, the+aristocats+1970, without+a+paddle+2004, prince+of+persia+the+sands+of+time+2010, in+too+deep+1999, saludos+amigos+1942, planet+of+the+apes+2001, albatross+2011, stand+and+deliver+1988, junebug+2005, 293 ms"
"2022-02-08T19:19:14.464792,231150,recommendation request 17645-team17.isri.cmu.edu:8082, status 200, result: angel+on+my+shoulder+1946, p.s.+2004, code+of+silence+1985, dick+tracy+1990, apocalypto+2006, phoenix+1998, the+saint+1997, gone+in+sixty+seconds+2000, topper+1937, junebug+2005, head+over+heels+2001, the+hot+spot+1990, conan+the+barbarian+1982, the+incredible+hulk+2008, my+one+and+only+2009, dugs+special+mission+2009, ratatouille+2007, starship+troopers+1997, dungeons++dragons+2000, cars+2006, 403 ms"
"2022-02-08T19:19:14.467562,127298,recommendation request 17645-team17.isri.cmu.edu:8082, status 200, result: shampoo+1975, barbershop+2002, punchline+1988, walle+2008, the+last+legion+2007, another+thin+man+1939, one+man+band+2005, the+island+1980, the+mighty+1998, junebug+2005, music+and+lyrics+2007, kull+the+conqueror+1997, some+days+are+better+than+others+2011, from+here+to+eternity+1953, ali+2001, help+1965, lifted+2006, island+2011, his+girl+friday+1940, of+human+bondage+1934, 401 ms"
"2022-02-08T19:19:14.464954,302323,recommendation request 17645-team17.isri.cmu.edu:8082, status 200, result: eyewitness+1981, about+last+night...+1986, robot+stories+2003, 8+seconds+1994, p.s.+2004, the+other+side+of+the+mountain+1975, maze+2000, in+the+line+of+fire+1993, northfork+2003, chronicle+2012, ice+castles+1978, dead+reckoning+1947, malice+1993, an+education+2009, island+2011, from+here+to+eternity+1953, ali+2001, crush+2001, last+night+1998, side+out+1990, 398 ms"
"2022-02-08T19:19:15.300816,18564,recommendation request 17645-team17.isri.cmu.edu:8082, status 200, result: can-can+1960, a+rumor+of+angels+2000, the+five+senses+1999, rollerball+1975, 8+seconds+1994, the+proprietor+1996, the+brave+1997, that+was+then...+this+is+now+1985, five+times+two+2004, albert+nobbs+2011, alice+in+wonderland+1933, steel+1997, superman+returns+2006, the+time+machine+2002, stardom+2000, man+of+steel+2013, invincible+2006, superman+ii+1980, excalibur+1981, clean+2004, 181 ms"
"2022-02-08T19:19:16.371835,174708,recommendation request 17645-team17.isri.cmu.edu:8082, status 200, result: cry+freedom+1987, drop+zone+1994, six+pack+1982, notting+hill+1999, sling+blade+1996, p.s.+2004, maze+2000, a+time+to+kill+1996, vision+quest+1985, dont+tell+her+its+me+1990, a+little+princess+1995, bean+1997, the+witches+of+eastwick+1987, the+saint+1997, the+yakuza+1974, the+brothers+2001, my+beautiful+laundrette+1985, the+mighty+1998, desk+set+1957, out+to+sea+1997, 292 ms"
"2022-02-08T19:19:16.510204,230589,recommendation request 17645-team17.isri.cmu.edu:8082, status 200, result: melody+time+1948, mary+poppins+1964, agnes+of+god+1985, bridget+joness+diary+2001, frenzy+1972, the+other+side+of+the+mountain+1975, freaky+friday+1976, detective+story+1951, the+new+adventures+of+pippi+longstocking+1988, psycho+1998, saludos+amigos+1942, the+water+horse+2007, dead+presidents+1995, the+yakuza+1974, the+client+1994, white+palace+1990, an+education+2009, hook+1991, bingo+1991, knockout+2000, 408 ms"
"2022-02-08T19:19:16.501435,169841,recommendation request 17645-team17.isri.cmu.edu:8082, status 200, result: american+virgin+2000, cry+freedom+1987, leaving+normal+1992, the+other+side+of+the+mountain+1975, spirit+stallion+of+the+cimarron+2002, vision+quest+1985, a+family+thing+1996, harry+and+tonto+1974, the+island+1980, harem+1985, private+parts+1972, the+poughkeepsie+tapes+2007, junebug+2005, island+2011, my+one+and+only+2009, rumble+fish+1983, airport+1975+1974, chicken+little+2005, they+made+me+a+criminal+1939, shrek+the+third+2007, 450 ms"
"2022-02-08T19:19:17.492082,281912,recommendation request 17645-team17.isri.cmu.edu:8082, status 200, result: north+by+northwest+1959, drop+zone+1994, switchback+1997, rollerball+1975, coldblooded+1995, ed+1996, northfork+2003, dick+tracy+1990, casper+1995, hot+tub+time+machine+2010, hellboy+2004, the+saint+1997, gone+in+sixty+seconds+2000, gravity+2013, another+earth+2011, jurassic+park+1993, changing+lanes+2002, murphys+romance+1985, juice+1992, hook+1991, 379 ms"
"2022-02-08T19:19:18.530267,265393,recommendation request 17645-team17.isri.cmu.edu:8082, status 200, result: eyewitness+1981, rio+bravo+1959, raging+bull+1980, p.s.+2004, the+haunted+mansion+2003, a+goofy+movie+1995, lethal+weapon+3+1992, a+family+thing+1996, freaky+friday+1976, nims+island+2008, dick+tracy+1990, inception+2010, fast++furious+6+2013, the+fast+and+the+furious+2001, stand+and+deliver+1988, sherlock+holmes+in+washington+1943, mobsters+1991, the+fury+1978, above+the+law+1988, eight+men+out+1988, 525 ms"
"2022-02-08T19:19:18.711065,232121,recommendation request 17645-team17.isri.cmu.edu:8082, status 200, result: curdled+1996, cry+freedom+1987, p.s.+2004, a+goofy+movie+1995, son+of+the+mask+2005, red+dawn+1984, freaky+friday+1976, guilty+as+sin+1993, topper+1937, shes+having+a+baby+1988, the+hitch-hiker+1953, the+living+daylights+1987, the+incredible+hulk+2008, mobsters+1991, the+women+2008, above+the+law+1988, the+emperors+new+groove+2000, ratatouille+2007, shrek+the+third+2007, fire+down+below+1997, 702 ms"
"2022-02-08T19:19:18.722835,21007,recommendation request 17645-team17.isri.cmu.edu:8082, status 200, result: the+five+senses+1999, criminal+law+1988, the+house+of+yes+1997, raging+bull+1980, viva+zapata+1952, intersection+1994, the+country+bears+2002, snow+dogs+2002, streets+of+fire+1984, asylum+1972, freaky+friday+1976, gumby+the+movie+1995, phoenix+1998, the+brood+1979, the+devils+1971, 9+2005, shivers+1975, the+mighty+1998, the+matrix+revolutions+2003, junebug+2005, 623 ms"
"2022-02-08T19:19:18.722880,175252,recommendation request 17645-team17.isri.cmu.edu:8082, status 200, result: drop+zone+1994, bill+cosby+himself+1983, rollerball+1975, frenzy+1972, the+other+side+of+the+mountain+1975, light+it+up+1999, without+a+paddle+2004, phoenix+1998, wake+of+death+2004, planet+of+the+apes+2001, marooned+1969, running+scared+1986, desk+set+1957, out+to+sea+1997, changing+lanes+2002, the+truman+show+1998, ali+2001, beyond+therapy+1987, hopscotch+1980, jennifer+eight+1992, 704 ms"
"2022-02-08T19:19:19.435828,62198,recommendation request 17645-team17.isri.cmu.edu:8082, status 200, result: rollerball+1975, a+goofy+movie+1995, red+dawn+1984, vision+quest+1985, freaky+friday+1976, a+little+princess+1995, the+witches+of+eastwick+1987, planet+of+the+apes+2001, patriot+games+1992, winnie+the+pooh+2011, shes+having+a+baby+1988, juice+1992, the+living+daylights+1987, the+incredible+hulk+2008, breakdown+1997, above+the+law+1988, the+emperors+new+groove+2000, ratatouille+2007, shrek+the+third+2007, patton+1970, 380 ms"
"2022-02-08T19:19:19.450243,298311,recommendation request 17645-team17.isri.cmu.edu:8082, status 200, result: the+dresser+1983, the+house+of+yes+1997, maze+2000, northfork+2003, gumby+the+movie+1995, psycho+1998, where+the+heart+is+2000, the+yakuza+1974, albatross+2011, the+mighty+1998, junebug+2005, waiting+to+exhale+1995, island+2011, crush+2001, from+here+to+eternity+1953, north+1994, ever+after+a+cinderella+story+1998, six+weeks+1982, above+the+law+1988, x+the+unknown+1956, 375 ms"
"2022-02-08T19:19:19.490413,252221,recommendation request 17645-team17.isri.cmu.edu:8082, status 200, result: the+perfect+score+2004, eyewitness+1981, curdled+1996, switchback+1997, bon+cop+bad+cop+2006, six+pack+1982, mary+poppins+1964, p.s.+2004, a+goofy+movie+1995, son+of+the+mask+2005, the+addams+family+1991, a+family+thing+1996, freaky+friday+1976, chronicle+2012, harry+and+tonto+1974, topper+1937, the+hitch-hiker+1953, island+2011, mobsters+1991, the+women+2008, 377 ms"
"2022-02-08T19:19:19.497316,282928,recommendation request 17645-team17.isri.cmu.edu:8082, status 200, result: drop+zone+1994, bill+cosby+himself+1983, top+secret+1984, the+proprietor+1996, frenzy+1972, the+addams+family+1991, without+a+paddle+2004, a+little+princess+1995, lifeboat+1944, gumby+the+movie+1995, the+flight+of+dragons+1982, one+eight+seven+1997, wake+of+death+2004, bully+2011, albatross+2011, the+truman+show+1998, changing+lanes+2002, mobsters+1991, eye+of+the+beholder+1999, beyond+therapy+1987, 344 ms"
"2022-02-08T19:19:20.506048,188436,recommendation request 17645-team17.isri.cmu.edu:8082, status 200, result: wreck-it+ralph+2012, punchline+1988, 8+seconds+1994, city+slickers+1991, a+goofy+movie+1995, frenzy+1972, true+crime+1996, barbarosa+1982, light+it+up+1999, a+time+to+kill+1996, freaky+friday+1976, bad+girls+1994, the+verdict+1982, the+yakuza+1974, a+man+and+a+woman+1966, geronimo+an+american+legend+1993, the+incredible+hulk+2008, ali+2001, quartet+1981, lone+star+1996, 409 ms"
"2022-02-08T19:19:20.515384,165554,recommendation request 17645-team17.isri.cmu.edu:8082, status 200, result: eyewitness+1981, rollerball+1975, melody+time+1948, intersection+1994, dances+with+wolves+1990, p.s.+2004, loving+you+1957, all+the+mornings+of+the+world+1991, the+aristocats+1970, freaky+friday+1976, holy+motors+2012, saludos+amigos+1942, a+patch+of+blue+1965, working+girl+1988, a+man+and+a+woman+1966, serial+1980, les+misrables+1934, romeo+and+juliet+1936, synecdoche_+new+york+2008, crossed+tracks+2007, 441 ms"
"2022-02-08T19:19:20.535002,291479,recommendation request 17645-team17.isri.cmu.edu:8082, status 200, result: the+cat+in+the+hat+2003, cry+freedom+1987, drop+zone+1994, top+secret+1984, robot+stories+2003, rollerball+1975, ed+1996, family+plot+1976, p.s.+2004, a+goofy+movie+1995, barbarosa+1982, the+addams+family+1991, the+other+side+of+the+mountain+1975, without+a+paddle+2004, northfork+2003, a+little+princess+1995, ice+castles+1978, the+beverly+hillbillies+1993, wake+of+death+2004, planet+of+the+apes+2001, 435 ms"
"2022-02-08T19:19:20.541431,54522,recommendation request 17645-team17.isri.cmu.edu:8082, status 200, result: the+perfect+score+2004, eyewitness+1981, curdled+1996, switchback+1997, bon+cop+bad+cop+2006, 8+seconds+1994, frenzy+1972, true+crime+1996, p.s.+2004, son+of+the+mask+2005, once+bitten+1985, the+letter+1940, the+yakuza+1974, topper+1937, shes+having+a+baby+1988, the+hitch-hiker+1953, mobsters+1991, m.+butterfly+1993, the+women+2008, quartet+1981, 481 ms"
"2022-02-08T19:19:21.464250,288970,recommendation request 17645-team17.isri.cmu.edu:8082, status 200, result: black+beauty+1994, the+cat+in+the+hat+2003, the+five+senses+1999, six+pack+1982, ed+1996, notting+hill+1999, p.s.+2004, barbarosa+1982, maze+2000, contempt+1963, casper+1995, bad+girls+1994, babe+pig+in+the+city+1998, the+letter+1940, dead+reckoning+1947, malice+1993, the+brothers+2001, working+girl+1988, how+the+grinch+stole+christmas+2000, my+beautiful+laundrette+1985, 411 ms"
"2022-02-08T19:19:21.522842,283262,recommendation request 17645-team17.isri.cmu.edu:8082, status 200, result: tootsie+1982, my+bosss+daughter+2003, robocop+1987, bill+cosby+himself+1983, forbidden+zone+1980, bob+roberts+1992, 8mm+1999, blue+thunder+1983, p.s.+2004, a.c.o.d.+2013, gidget+1959, the+pumaman+1980, return+of+the+ghostbusters+2007, gamer+2009, the+promotion+2008, a+league+of+their+own+1992, multiplicity+1996, death+becomes+her+1992, no+mans+land+1987, scary+movie+3+2003, 400 ms"
"2022-02-08T19:19:21.600810,70548,recommendation request 17645-team17.isri.cmu.edu:8082, status 200, result: cry+freedom+1987, rollerball+1975, top+secret+1984, robot+stories+2003, my+man+godfrey+1957, family+plot+1976, p.s.+2004, the+addams+family+1991, without+a+paddle+2004, northfork+2003, a+little+princess+1995, casper+1995, johnny+english+2003, the+island+1980, jurassic+park+1993, kull+the+conqueror+1997, island+2011, have+rocket_+will+travel+1959, last+night+1998, the+three+stooges+in+orbit+1962, 538 ms"
"2022-02-08T19:19:21.647595,156023,recommendation request 17645-team17.isri.cmu.edu:8082, status 200, result: ed+1996, walle+2008, flashdance+1983, bellflower+2011, forrest+gump+1994, fast++furious+6+2013, casper+1995, nighthawks+1981, one+man+band+2005, masterminds+1997, jurassic+park+1993, serial+1980, shes+having+a+baby+1988, north+1994, lifted+2006, scarface+1932, hook+1991, hopscotch+1980, 7+seconds+2005, dugs+special+mission+2009, 609 ms"
"2022-02-08T19:19:21.689707,144747,recommendation request 17645-team17.isri.cmu.edu:8082, status 200, result: shampoo+1975, dark+city+1950, punchline+1988, city+slickers+1991, true+crime+1996, barbarosa+1982, the+other+side+of+the+mountain+1975, die+another+day+2002, cabin+boy+1994, casper+1995, bad+girls+1994, random+hearts+1999, desk+set+1957, out+to+sea+1997, geronimo+an+american+legend+1993, texasville+1990, hook+1991, the+emperors+new+groove+2000, bingo+1991, jennifer+eight+1992, 605 ms"
"2022-02-08T19:19:21.733074,291517,recommendation request 17645-team17.isri.cmu.edu:8082, status 200, result: remember+me+2010, robot+stories+2003, my+man+godfrey+1957, ed+1996, the+other+side+of+the+mountain+1975, light+it+up+1999, spirit+stallion+of+the+cimarron+2002, the+beverly+hillbillies+1993, harry+and+tonto+1974, the+verdict+1982, albatross+2011, desk+set+1957, junebug+2005, shes+having+a+baby+1988, last+night+1998, remember+the+night+1940, the+fan+1981, my+one+and+only+2009, down+in+the+delta+1998, the+dream+team+1989, 638 ms"
"2022-02-08T19:19:21.733117,190988,recommendation request 17645-team17.isri.cmu.edu:8082, status 200, result: american+virgin+2000, the+five+senses+1999, barbershop+2002, arranged+2007, raging+bull+1980, true+crime+1996, the+promise+2005, the+hound+of+the+baskervilles+1978, nims+island+2008, another+thin+man+1939, critters+1986, the+yakuza+1974, junebug+2005, body+double+1984, from+here+to+eternity+1953, ali+2001, the+fury+1978, the+unknown+1927, hook+1991, my+one+and+only+2009, 666 ms"
"2022-02-08T19:19:22.389299,18847,recommendation request 17645-team17.isri.cmu.edu:8082, status 200, result: replicant+2001, black+beauty+1994, shampoo+1975, punchline+1988, the+conspiracy+2012, childs+play+3+1991, p.s.+2004, son+of+the+mask+2005, a+little+princess+1995, johnny+english+2003, psycho+1998, topper+1937, jaws+3-d+1983, jurassic+park+1993, the+serpent+and+the+rainbow+1988, junebug+2005, some+days+are+better+than+others+2011, the+nuns+story+1959, the+women+2008, hook+1991, 345 ms"
"2022-02-08T19:19:22.453912,44674,recommendation request 17645-team17.isri.cmu.edu:8082, status 200, result: barbershop+2002, intersection+1994, the+longest+day+1962, walle+2008, the+brothers+mcmullen+1995, lifeboat+1944, grand+illusion+1937, another+thin+man+1939, one+man+band+2005, opportunity+knocks+1990, junebug+2005, serial+1980, in+harms+way+1965, warriors+of+heaven+and+earth+2003, conan+the+barbarian+1982, heartbreakers+2001, the+women+2008, lifted+2006, the+incredible+hulk+2008, azumi+2003, 334 ms"
"2022-02-08T19:19:22.479423,285895,recommendation request 17645-team17.isri.cmu.edu:8082, status 200, result: the+five+senses+1999, the+longest+day+1962, frenzy+1972, father+of+the+bride+1991, lifeboat+1944, grand+illusion+1937, guilty+as+sin+1993, a+patch+of+blue+1965, serial+1980, shes+having+a+baby+1988, in+harms+way+1965, juice+1992, romeo+and+juliet+1936, h.m.+pulham_+esq.+1941, dinoshark+2010, jennifer+eight+1992, patton+1970, fun+in+acapulco+1963, d.a.r.y.l.+1985, mumford+1999, 421 ms"
"2022-02-08T19:19:23.409674,236264,recommendation request 17645-team17.isri.cmu.edu:8082, status 200, result: eyewitness+1981, drop+zone+1994, barbershop+2002, 8+seconds+1994, true+crime+1996, without+a+paddle+2004, in+the+line+of+fire+1993, ice+castles+1978, another+thin+man+1939, paintball+2009, wake+of+death+2004, desk+set+1957, out+to+sea+1997, changing+lanes+2002, the+truman+show+1998, junebug+2005, the+juror+1996, from+here+to+eternity+1953, remember+the+night+1940, hopscotch+1980, 358 ms"
"2022-02-08T19:19:23.348650,145006,recommendation request 17645-team17.isri.cmu.edu:8082, status 200, result: curdled+1996, drop+zone+1994, cry+freedom+1987, six+pack+1982, lockout+2012, frenzy+1972, spirit+stallion+of+the+cimarron+2002, a+family+thing+1996, without+a+paddle+2004, haywire+2011, harry+and+tonto+1974, phoenix+1998, wake+of+death+2004, patriot+games+1992, changing+lanes+2002, the+hitch-hiker+1953, juice+1992, mobsters+1991, hopscotch+1980, chicken+little+2005, 322 ms"
"2022-02-08T19:19:24.425944,109466,recommendation request 17645-team17.isri.cmu.edu:8082, status 200, result: drop+zone+1994, rollerball+1975, punchline+1988, star+wars+episode+iii+-+revenge+of+the+sith+2005, ironweed+1987, hollow+man+2000, warriors+2002, vision+quest+1985, a+little+princess+1995, the+witches+of+eastwick+1987, even+the+rain+2010, holy+motors+2012, the+saint+1997, planet+of+the+apes+2001, the+island+1980, a+patch+of+blue+1965, dead+reckoning+1947, malice+1993, changing+lanes+2002, romeo+and+juliet+1936, 347 ms"
"2022-02-08T19:19:24.493467,211941,recommendation request 17645-team17.isri.cmu.edu:8082, status 200, result: picture+bride+1995, anonymous+2011, the+countess+2009, l.i.e.+2001, that+was+then...+this+is+now+1985, shadow+magic+2000, ghosts+of+mississippi+1996, the+right+stuff+1983, z+1969, birdy+1984, the+emperor+and+the+assassin+1998, the+human+condition+ii+road+to+eternity+1959, crazy+in+alabama+1999, a+river+runs+through+it+1992, empire+of+the+sun+1987, sneakers+1992, white+nights+1985, together+2002, my+girl+1991, beefcake+1998, 365 ms"
"2022-02-08T19:19:24.429278,49002,recommendation request 17645-team17.isri.cmu.edu:8082, status 200, result: curdled+1996, rollerball+1975, the+other+side+of+the+mountain+1975, in+the+line+of+fire+1993, the+letter+1940, dead+reckoning+1947, the+island+1980, guilty+as+sin+1993, patriot+games+1992, gravity+2013, the+hitch-hiker+1953, juice+1992, mobsters+1991, breakdown+1997, above+the+law+1988, 10th++wolf+2006, dark+passage+1947, bulletproof+1996, get+real+1998, rocky+1976, 305 ms"
"2022-02-08T19:19:25.507514,190777,recommendation request 17645-team17.isri.cmu.edu:8082, status 200, result: leave+it+to+beaver+1997, back+to+the+future+part+iii+1990, my+man+godfrey+1957, ed+1996, k-9+1989, lethal+weapon+3+1992, the+incredible+shrinking+woman+1981, the+matrix+reloaded+2003, nims+island+2008, e.t.+the+extra-terrestrial+1982, paul+2011, casper+1995, inception+2010, johnny+english+2003, r.i.p.d.+2013, the+water+horse+2007, balto+1995, wake+of+death+2004, screwed+2000, jurassic+park+1993, 411 ms"
"2022-02-08T19:19:25.539677,123341,recommendation request 17645-team17.isri.cmu.edu:8082, status 200, result: switchback+1997, forbidden+zone+1980, lockout+2012, the+conspiracy+2012, childs+play+3+1991, p.s.+2004, walle+2008, big+hero+6+2014, maze+2000, code+of+silence+1985, lethal+weapon+3+1992, prince+of+persia+the+sands+of+time+2010, haywire+2011, psycho+1998, big+trouble+2002, phoenix+1998, lionheart+1990, the+brothers+2001, jaws+3-d+1983, cars+2+2011, 438 ms"
"2022-02-08T19:19:25.571751,222059,recommendation request 17645-team17.isri.cmu.edu:8082, status 200, result: drop+zone+1994, raging+bull+1980, a+goofy+movie+1995, true+crime+1996, a+family+thing+1996, freaky+friday+1976, a+little+princess+1995, phoenix+1998, four+brothers+2005, the+hot+spot+1990, hook+1991, the+emperors+new+groove+2000, bingo+1991, ratatouille+2007, romeo+is+bleeding+1993, they+made+me+a+criminal+1939, shrek+the+third+2007, rocky+1976, boy+a+2007, l.i.e.+2001, 401 ms"
"2022-02-08T19:19:25.594038,75977,recommendation request 17645-team17.isri.cmu.edu:8082, status 200, result: the+glimmer+man+1996, the+new+age+1994, sleepers+1996, 8+seconds+1994, a+goofy+movie+1995, red+dawn+1984, under+siege+1992, maze+2000, a+time+to+kill+1996, freaky+friday+1976, winnie+the+pooh+2011, on+deadly+ground+1994, junebug+2005, shes+having+a+baby+1988, crush+2001, the+incredible+hulk+2008, the+living+daylights+1987, the+women+2008, above+the+law+1988, my+one+and+only+2009, 384 ms"
"2022-02-08T19:19:25.606879,293485,recommendation request 17645-team17.isri.cmu.edu:8082, status 200, result: a+nightmare+on+elm+street+part+2+freddys+revenge+1985, a+goofy+movie+1995, true+crime+1996, dead+of+night+1945, made+in+u.s.a+1966, critters+1986, taxi+2004, the+house+on+sorority+row+1983, eragon+2006, mobsters+1991, the+nuns+story+1959, the+man+who+knew+too+much+1956, hopscotch+1980, thir13en+ghosts+2001, house+of+wax+1953, fantastic+four+2005, the+incredibles+2004, homicidal+1961, l.i.e.+2001, were+no+angels+1955, 435 ms"
"2022-02-08T19:19:26.269596,299031,recommendation request 17645-team17.isri.cmu.edu:8082, status 200, result: curdled+1996, cry+freedom+1987, rollerball+1975, the+longest+day+1962, lockout+2012, the+proprietor+1996, james+and+the+giant+peach+1996, a+goofy+movie+1995, sling+blade+1996, z+1969, lifeboat+1944, grand+illusion+1937, haywire+2011, planet+of+the+apes+2001, the+mighty+1998, desk+set+1957, out+to+sea+1997, in+harms+way+1965, the+hitch-hiker+1953, mobsters+1991, 243 ms"
"2022-02-08T19:19:26.473767,40696,recommendation request 17645-team17.isri.cmu.edu:8082, status 200, result: the+parent+trap+1998, nothing+but+trouble+1991, ed+1996, doc+hollywood+1991, missing+1982, little+secrets+2001, mystery_+alaska+1999, walle+2008, snow+dogs+2002, one+little+indian+1973, national+lampoons+van+wilder+2002, maze+2000, freaky+friday+1976, birdy+1984, the+brothers+mcmullen+1995, tap+1989, casper+1995, one+man+band+2005, one+eight+seven+1997, guilty+as+sin+1993, 428 ms"
"2022-02-08T19:19:26.484137,140666,recommendation request 17645-team17.isri.cmu.edu:8082, status 200, result: gleaming+the+cube+1989, the+amazing+spider-man+2012, cazuza+time+doesnt+stop+2004, missing+1982, mystery_+alaska+1999, nothing+to+lose+1994, behind+the+sun+2001, on+moonlight+bay+1951, prince+of+persia+the+sands+of+time+2010, 42nd+street+1933, grand+canyon+1991, the+verdict+1982, one+eight+seven+1997, the+island+1980, guilty+as+sin+1993, the+wizard+1989, my+fair+lady+1964, shes+having+a+baby+1988, juice+1992, island+2011, 425 ms"
"2022-02-08T19:19:26.492720,27924,recommendation request 17645-team17.isri.cmu.edu:8082, status 200, result: the+cat+in+the+hat+2003, mickeys+once+upon+a+christmas+1999, top+secret+1984, rollerball+1975, switchback+1997, ed+1996, the+golden+voyage+of+sinbad+1973, star+wars+episode+iii+-+revenge+of+the+sith+2005, the+addams+family+1991, a+little+princess+1995, gumby+the+movie+1995, the+island+1980, planet+of+the+apes+2001, how+the+grinch+stole+christmas+2000, the+matrix+revolutions+2003, jurassic+park+1993, kull+the+conqueror+1997, conan+the+barbarian+1982, the+brave+one+2007, hook+1991, 462 ms"
"2022-02-08T19:19:27.513404,12465,recommendation request 17645-team17.isri.cmu.edu:8082, status 200, result: eyewitness+1981, cry+freedom+1987, rollerball+1975, six+pack+1982, a+family+thing+1996, harry+and+tonto+1974, guilty+as+sin+1993, the+yakuza+1974, planet+of+the+apes+2001, patriot+games+1992, shes+having+a+baby+1988, juice+1992, breakdown+1997, 10th++wolf+2006, hopscotch+1980, today+you+die+2005, patton+1970, beyond+the+poseidon+adventure+1979, divergent+2014, l.i.e.+2001, 452 ms"
"2022-02-08T19:19:27.570585,297165,recommendation request 17645-team17.isri.cmu.edu:8082, status 200, result: sullivans+travels+1941, nothing+but+trouble+1991, oh_+god+1977, my+man+godfrey+1957, ed+1996, the+house+of+yes+1997, last+holiday+2006, p.s.+2004, sling+blade+1996, the+promise+2005, the+other+side+of+the+mountain+1975, maze+2000, without+a+paddle+2004, the+brothers+mcmullen+1995, inception+2010, haywire+2011, phoenix+1998, the+brothers+2001, hackers+1995, the+mighty+1998, 481 ms"
"2022-02-08T19:19:27.602173,239691,recommendation request 17645-team17.isri.cmu.edu:8082, status 200, result: cry+freedom+1987, dark+city+1950, intersection+1994, p.s.+2004, sling+blade+1996, maze+2000, northfork+2003, the+next+karate+kid+1994, where+the+heart+is+2000, the+brothers+2001, the+mighty+1998, waiting+to+exhale+1995, hogfather+2006, island+2011, crush+2001, the+juror+1996, ali+2001, ever+after+a+cinderella+story+1998, the+fan+1981, untitled+2009, 504 ms"
"2022-02-08T19:19:27.608371,128223,recommendation request 17645-team17.isri.cmu.edu:8082, status 200, result: rollerball+1975, raging+bull+1980, the+snowman+1982, barbarosa+1982, the+other+side+of+the+mountain+1975, a+family+thing+1996, footloose+1984, planet+of+the+apes+2001, for+keeps+1988, my+fair+lady+1964, look+whos+talking+too+1990, mr.+jealousy+1997, side+out+1990, the+women+2008, eight+men+out+1988, the+idolmaker+1980, little+murders+1971, the+allnighter+1987, get+real+1998, dopamine+2003, 526 ms"
"2022-02-08T19:19:27.632897,147200,recommendation request 17645-team17.isri.cmu.edu:8082, status 200, result: melody+time+1948, the+dresser+1983, the+gauntlet+1977, major+league+ii+1994, frenzy+1972, the+aristocats+1970, a+time+to+kill+1996, jungle+fever+1991, forrest+gump+1994, moving+1988, ghoulies+ii+1987, saludos+amigos+1942, albatross+2011, ready+to+rumble+2000, shes+having+a+baby+1988, return+to+horror+high+1987, six+weeks+1982, above+the+law+1988, oh_+god+book+ii+1980, dark+passage+1947, 527 ms"
"2022-02-08T19:19:28.369477,308327,recommendation request 17645-team17.isri.cmu.edu:8082, status 200, result: lockout+2012, p.s.+2004, red+dawn+1984, son+of+the+mask+2005, courage+under+fire+1996, the+other+side+of+the+mountain+1975, birdy+1984, ice+castles+1978, haywire+2011, harem+1985, patriot+games+1992, topper+1937, winnie+the+pooh+2011, shes+having+a+baby+1988, juice+1992, island+2011, from+here+to+eternity+1953, ali+2001, the+women+2008, the+living+daylights+1987, 347 ms"
"2022-02-08T19:19:28.456960,163723,recommendation request 17645-team17.isri.cmu.edu:8082, status 200, result: the+cat+in+the+hat+2003, curdled+1996, the+last+of+the+mohicans+1992, ed+1996, the+longest+day+1962, p.s.+2004, 633+squadron+1964, vision+quest+1985, a+family+thing+1996, a+little+princess+1995, casper+1995, babe+pig+in+the+city+1998, the+witches+of+eastwick+1987, the+letter+1940, company+man+2000, how+the+grinch+stole+christmas+2000, rat+2001, the+hitch-hiker+1953, mobsters+1991, the+incredible+hulk+2008, 434 ms"
"2022-02-08T19:19:28.453724,144043,recommendation request 17645-team17.isri.cmu.edu:8082, status 200, result: eyewitness+1981, man+of+the+year+2006, bridget+joness+diary+2001, the+last+of+the+mohicans+1992, p.s.+2004, frenzy+1972, true+crime+1996, courage+under+fire+1996, shaft+in+africa+1973, 633+squadron+1964, the+bridge+at+remagen+1969, maze+2000, red+dawn+1984, parker+2013, the+last+legion+2007, in+too+deep+1999, the+island+1980, platoon+1986, kull+the+conqueror+1997, murphys+romance+1985, 422 ms"
"2022-02-08T19:19:28.462642,217253,recommendation request 17645-team17.isri.cmu.edu:8082, status 200, result: american+virgin+2000, eyewitness+1981, drop+zone+1994, rollerball+1975, cry+freedom+1987, the+gauntlet+1977, frenzy+1972, loving+you+1957, the+other+side+of+the+mountain+1975, the+woman+2011, the+island+1980, the+yakuza+1974, the+client+1994, planet+of+the+apes+2001, white+palace+1990, king+kong+lives+1986, the+brave+one+2007, above+the+law+1988, hopscotch+1980, today+you+die+2005, 406 ms"
"2022-02-08T19:19:29.434805,253316,recommendation request 17645-team17.isri.cmu.edu:8082, status 200, result: the+family+man+2000, love+and+death+1975, the+cat+in+the+hat+2003, my+man+godfrey+1957, the+specials+2000, ed+1996, family+plot+1976, p.s.+2004, that+was+then...+this+is+now+1985, midnight+1939, never+again+2002, cq+2001, a+family+thing+1996, birdy+1984, the+secret+of+my+success+1987, harem+1985, screwed+2000, opportunity+knocks+1990, how+the+grinch+stole+christmas+2000, heartbeeps+1981, 414 ms"
"2022-02-08T19:19:29.308506,235689,recommendation request 17645-team17.isri.cmu.edu:8082, status 200, result: rumble+in+the+bronx+1995, donovans+reef+1963, american+pimp+1999, ed+1996, now+you+see+him_+now+you+dont+1972, who+am+i+1998, p.s.+2004, horse+feathers+1932, running+out+of+time+1999, maze+2000, rush+hour+1998, midnight+1939, a+family+thing+1996, the+dancemaker+1998, emma+2009, premium+rush+2012, a+better+tomorrow+ii+1987, never+again+2002, i+do+2006, lethal+weapon+3+1992, 284 ms"
"2022-02-08T19:19:29.480682,247812,recommendation request 17645-team17.isri.cmu.edu:8082, status 200, result: replicant+2001, cry+freedom+1987, missing+1982, frenzy+1972, lethal+weapon+3+1992, z+1969, dick+tracy+1990, critters+1986, apocalypto+2006, the+saint+1997, quarantine+2008, gone+in+sixty+seconds+2000, the+matrix+1999, mobsters+1991, island+2011, of+human+bondage+1934, dinoshark+2010, airport+1975+1974, starship+troopers+1997, indestructible+man+1956, 456 ms"
"2022-02-08T19:19:29.486571,232511,recommendation request 17645-team17.isri.cmu.edu:8082, status 200, result: gleaming+the+cube+1989, curdled+1996, drop+zone+1994, rollerball+1975, the+gauntlet+1977, star+wars+episode+iii+-+revenge+of+the+sith+2005, last+holiday+2006, inception+2010, grand+canyon+1991, the+verdict+1982, four+brothers+2005, planet+of+the+apes+2001, the+yakuza+1974, the+hitch-hiker+1953, juice+1992, mobsters+1991, conan+the+barbarian+1982, dark+passage+1947, dungeons++dragons+2000, captain+america+the+winter+soldier+2014, 460 ms"
"2022-02-08T19:19:29.483928,209983,recommendation request 17645-team17.isri.cmu.edu:8082, status 200, result: barbershop+2002, p.s.+2004, maze+2000, detective+story+1951, another+thin+man+1939, one+eight+seven+1997, the+island+1980, the+brothers+2001, opportunity+knocks+1990, juice+1992, island+2011, crush+2001, untitled+2009, jennifer+eight+1992, they+made+me+a+criminal+1939, bulletproof+1996, quiz+show+1994, zoot+suit+1981, apollo+13+1995, l.i.e.+2001, 446 ms"
"2022-02-08T19:19:30.533101,173078,recommendation request 17645-team17.isri.cmu.edu:8082, status 200, result: out+of+sight+1998, the+cat+in+the+hat+2003, curdled+1996, barbershop+2002, ed+1996, bustin+loose+1981, family+plot+1976, p.s.+2004, maze+2000, casper+1995, babe+pig+in+the+city+1998, another+thin+man+1939, the+brothers+2001, how+the+grinch+stole+christmas+2000, junebug+2005, desk+set+1957, rat+2001, out+to+sea+1997, island+2011, the+hitch-hiker+1953, 490 ms"
"2022-02-08T19:19:30.533024,44479,recommendation request 17645-team17.isri.cmu.edu:8082, status 200, result: white+heat+1949, the+last+of+the+mohicans+1992, the+petrified+forest+1936, mildred+pierce+1945, key+largo+1948, the+longest+day+1962, all+the+queens+men+2001, desert+blue+1999, that+was+then...+this+is+now+1985, red+tails+2012, henry+v+1944, anzio+1968, true+crime+1999, your+friends++neighbors+1998, clean_+shaven+1993, i+am+a+fugitive+from+a+chain+gang+1932, the+adventures+of+sebastian+cole+1998, the+letter+1940, the+great+escape+1963, clockwatchers+1997, 463 ms"
"2022-02-08T19:19:30.557950,7721,recommendation request 17645-team17.isri.cmu.edu:8082, status 200, result: bridget+joness+diary+2001, dreamgirls+2006, intersection+1994, the+conspiracy+2012, p.s.+2004, loving+you+1957, sleeping+beauty+1959, maze+2000, the+last+laugh+1924, a+family+thing+1996, father+of+the+bride+1991, bellflower+2011, sex+and+the+city+2008, gumby+the+movie+1995, the+flight+of+dragons+1982, harry+and+tonto+1974, the+blue+max+1966, planet+of+the+apes+2001, topper+1937, the+brothers+2001, 485 ms"
"2022-02-08T19:19:30.557720,54577,recommendation request 17645-team17.isri.cmu.edu:8082, status 200, result: dead+of+winter+1987, sullivans+travels+1941, rollerball+1975, raging+bull+1980, dances+with+wolves+1990, last+holiday+2006, star+wars+episode+iii+-+revenge+of+the+sith+2005, frenzy+1972, p.s.+2004, without+a+paddle+2004, detective+story+1951, lifeboat+1944, forrest+gump+1994, a+family+thing+1996, northfork+2003, planet+of+the+apes+2001, gravity+2013, another+earth+2011, juice+1992, days+of+glory+1944, 512 ms"
"2022-02-08T19:19:30.584485,305536,recommendation request 17645-team17.isri.cmu.edu:8082, status 200, result: remember+me+2010, the+five+senses+1999, the+thief+of+bagdad+1924, male+and+female+1919, the+last+laugh+1924, frozen+2007, nims+island+2008, mothlight+1963, the+letter+1940, 2010+moby+dick+2010, the+truman+show+1998, junebug+2005, mighty+aphrodite+1995, m.+butterfly+1993, remember+the+night+1940, hook+1991, my+one+and+only+2009, dugs+special+mission+2009, bingo+1991, ratatouille+2007, 463 ms"
"2022-02-08T19:19:31.442540,295134,recommendation request 17645-team17.isri.cmu.edu:8082, status 200, result: eyewitness+1981, notting+hill+1999, p.s.+2004, maze+2000, a+time+to+kill+1996, love+story+1970, masterminds+1997, the+yakuza+1974, the+brothers+2001, my+beautiful+laundrette+1985, shes+having+a+baby+1988, crush+2001, the+incredible+hulk+2008, 7+seconds+2005, hopscotch+1980, untitled+2009, today+you+die+2005, they+made+me+a+criminal+1939, no+mercy+1986, back+to+the+future+part+ii+1989, 408 ms"
"2022-02-08T19:19:31.494493,208391,recommendation request 17645-team17.isri.cmu.edu:8082, status 200, result: replicant+2001, eyewitness+1981, rollerball+1975, barbershop+2002, amityville+ii+the+possession+1982, cookie+1989, p.s.+2004, the+promise+2005, walle+2008, dick+tracy+1990, another+thin+man+1939, national+lampoons+loaded+weapon+1+1993, one+man+band+2005, national+lampoons+vacation+1983, apocalypto+2006, the+saint+1997, planet+of+the+apes+2001, gone+in+sixty+seconds+2000, ghoulies+ii+1987, phoenix+1998, 431 ms"
"2022-02-08T19:19:31.503303,191629,recommendation request 17645-team17.isri.cmu.edu:8082, status 200, result: eyewitness+1981, melody+time+1948, the+last+of+the+mohicans+1992, punchline+1988, ed+1996, city+slickers+1991, red+dawn+1984, p.s.+2004, barbarosa+1982, maze+2000, chronicle+2012, bad+girls+1994, saludos+amigos+1942, the+brothers+2001, for+keeps+1988, shes+having+a+baby+1988, ernest+in+the+army+1998, geronimo+an+american+legend+1993, island+2011, from+here+to+eternity+1953, 419 ms"
"2022-02-08T19:19:31.508014,111114,recommendation request 17645-team17.isri.cmu.edu:8082, status 200, result: american+virgin+2000, eyewitness+1981, rollerball+1975, mary+poppins+1964, the+gauntlet+1977, lockout+2012, big+hero+6+2014, gods+not+dead+2014, prince+of+persia+the+sands+of+time+2010, spy+kids+3-d+game+over+2003, gumby+the+movie+1995, the+yakuza+1974, warriors+of+heaven+and+earth+2003, juice+1992, azumi+2003, dark+passage+1947, the+arrival+1996, the+hidden+fortress+1958, underdog+2007, the+program+1993, 448 ms"
"2022-02-08T19:19:32.532984,303717,recommendation request 17645-team17.isri.cmu.edu:8082, status 200, result: shampoo+1975, black+beauty+1994, love+jones+1997, 8+seconds+1994, p.s.+2004, the+other+side+of+the+mountain+1975, maze+2000, the+pompatus+of+love+1996, a+little+princess+1995, the+brothers+mcmullen+1995, the+brothers+2001, an+education+2009, shes+having+a+baby+1988, touch+of+evil+1958, from+dusk+till+dawn+1996, crush+2001, the+women+2008, the+nuns+story+1959, 7+seconds+2005, dark+passage+1947, 445 ms"
"2022-02-08T19:19:32.538335,238366,recommendation request 17645-team17.isri.cmu.edu:8082, status 200, result: neighbors+1981, the+tingler+1959, my+giant+1998, frenzy+1972, that+was+then...+this+is+now+1985, the+andromeda+strain+1971, little+big+league+1994, the+lookout+2007, psycho+1998, the+truth+about+charlie+2002, christine+1983, and+then+there+were+none+1945, the+grifters+1990, sonny+2002, dead+set+2008, i+sell+the+dead+2008, the+guardian+1990, axed+2012, faithful+1996, spasmo+1974, 443 ms"
"2022-02-08T19:19:32.568102,187392,recommendation request 17645-team17.isri.cmu.edu:8082, status 200, result: 8+seconds+1994, that+was+then...+this+is+now+1985, midnight+1939, the+last+minute+2001, once+bitten+1985, how+to+train+your+dragon+2+2014, spirit+stallion+of+the+cimarron+2002, casper+1995, final+fantasy+the+spirits+within+2001, the+yakuza+1974, you+and+i+2006, hotel+transylvania+2012, sonny+2002, shrek+the+halls+2007, island+2011, m.+butterfly+1993, petes+dragon+1977, in+hell+2003, hook+1991, above+the+law+1988, 457 ms"
"2022-02-08T19:19:32.615716,86816,recommendation request 17645-team17.isri.cmu.edu:8082, status 200, result: eyewitness+1981, drop+zone+1994, nothing+but+trouble+1991, rollerball+1975, six+pack+1982, the+amazing+spider-man+2012, the+golden+voyage+of+sinbad+1973, sling+blade+1996, courage+under+fire+1996, macgruber+2010, a+family+thing+1996, without+a+paddle+2004, in+too+deep+1999, harry+and+tonto+1974, wake+of+death+2004, the+mighty+1998, changing+lanes+2002, mobsters+1991, island+2011, hopscotch+1980, 524 ms"
"2022-02-08T19:19:32.633687,158961,recommendation request 17645-team17.isri.cmu.edu:8082, status 200, result: whisper+of+the+heart+1995, robot+stories+2003, the+dresser+1983, viva+zapata+1952, ed+1996, the+conspiracy+2012, 28+weeks+later+2007, p.s.+2004, altered+2006, light+it+up+1999, northfork+2003, the+godfather+part+iii+1990, casper+1995, the+devils+1971, albatross+2011, jurassic+park+1993, jersey+boys+2014, last+night+1998, six+weeks+1982, hook+1991, 492 ms"
"2022-02-08T19:19:32.632812,139232,recommendation request 17645-team17.isri.cmu.edu:8082, status 200, result: six+pack+1982, lockout+2012, desert+blue+1999, p.s.+2004, sling+blade+1996, nims+island+2008, forrest+gump+1994, haywire+2011, your+friends++neighbors+1998, love+story+1970, the+mighty+1998, beyond+the+sea+2004, winnie+the+pooh+2011, shes+having+a+baby+1988, junebug+2005, hook+1991, my+one+and+only+2009, ratatouille+2007, benji+1974, get+real+1998, 499 ms"
"2022-02-08T19:19:33.427210,94987,recommendation request 17645-team17.isri.cmu.edu:8082, status 200, result: robot+stories+2003, the+conspiracy+2012, childs+play+3+1991, street+fighter+the+legend+of+chun-li+2009, carnosaur+2+1995, brimstone++treacle+1982, the+woman+2011, the+virgin+suicides+1999, excision+2012, psycho+1998, the+fog+2005, planet+of+the+apes+2001, macabre+1958, for+keeps+1988, the+serpent+and+the+rainbow+1988, last+night+1998, the+curse+of+the+cat+people+1944, cry_wolf+2005, dinoshark+2010, the+fan+1981, 383 ms"
"2022-02-08T19:19:33.647080,98328,recommendation request 17645-team17.isri.cmu.edu:8082, status 200, result: the+cat+in+the+hat+2003, ed+1996, family+plot+1976, missing+1982, the+official+story+1985, a+goofy+movie+1995, how+i+won+the+war+1967, barbarosa+1982, lethal+weapon+3+1992, birdy+1984, another+thin+man+1939, opportunity+knocks+1990, how+the+grinch+stole+christmas+2000, the+matrix+revolutions+2003, junebug+2005, shes+having+a+baby+1988, the+brave+one+2007, remember+the+night+1940, the+emperors+new+groove+2000, private+lives+1931, 578 ms"
"2022-02-08T19:19:33.657118,272617,recommendation request 17645-team17.isri.cmu.edu:8082, status 200, result: dead+of+winter+1987, the+dresser+1983, punchline+1988, the+conspiracy+2012, childs+play+3+1991, double+team+1997, the+lost+weekend+1945, pitch+black+2000, psycho+1998, the+sluggers+wife+1985, masterminds+1997, hellboy+2004, the+poughkeepsie+tapes+2007, the+devils+1971, albatross+2011, jaws+3-d+1983, patriot+games+1992, the+serpent+and+the+rainbow+1988, from+dusk+till+dawn+1996, juice+1992, 596 ms"
"2022-02-08T19:19:33.679604,101052,recommendation request 17645-team17.isri.cmu.edu:8082, status 200, result: the+nest+2002, whisper+of+the+heart+1995, what+doesnt+kill+you+2008, dreamgirls+2006, intersection+1994, oh_+god+1977, the+snowman+1982, desert+blue+1999, loving+you+1957, parker+2013, bellflower+2011, gumby+the+movie+1995, your+friends++neighbors+1998, johnny+english+2003, moving+1988, apocalypto+2006, the+witches+of+eastwick+1987, gone+in+sixty+seconds+2000, junebug+2005, rush+hour+3+2007, 623 ms"
"2022-02-08T19:19:33.682601,55009,recommendation request 17645-team17.isri.cmu.edu:8082, status 200, result: dead+of+winter+1987, the+dresser+1983, blue+crush+2002, red+dawn+1984, p.s.+2004, premium+rush+2012, vision+quest+1985, a+little+princess+1995, the+witches+of+eastwick+1987, the+poughkeepsie+tapes+2007, planet+of+the+apes+2001, albatross+2011, opportunity+knocks+1990, evil+dead+ii+1987, rush+hour+3+2007, the+living+daylights+1987, six+weeks+1982, above+the+law+1988, hopscotch+1980, bloodsport+ii+1996, 625 ms"
"2022-02-08T19:19:33.700707,163853,recommendation request 17645-team17.isri.cmu.edu:8082, status 200, result: the+cat+in+the+hat+2003, drop+zone+1994, rollerball+1975, ed+1996, p.s.+2004, casper+1995, babe+pig+in+the+city+1998, four+brothers+2005, planet+of+the+apes+2001, how+the+grinch+stole+christmas+2000, jurassic+park+1993, desk+set+1957, out+to+sea+1997, rat+2001, the+truman+show+1998, junebug+2005, conan+the+barbarian+1982, mobsters+1991, dark+passage+1947, my+one+and+only+2009, 650 ms"
"2022-02-08T19:19:34.600099,295905,recommendation request 17645-team17.isri.cmu.edu:8082, status 200, result: the+cat+in+the+hat+2003, rollerball+1975, top+secret+1984, robot+stories+2003, my+man+godfrey+1957, ed+1996, family+plot+1976, p.s.+2004, the+other+side+of+the+mountain+1975, the+addams+family+1991, light+it+up+1999, in+the+line+of+fire+1993, northfork+2003, a+little+princess+1995, dead+reckoning+1947, malice+1993, planet+of+the+apes+2001, opportunity+knocks+1990, how+the+grinch+stole+christmas+2000, marooned+1969, 576 ms"
"2022-02-08T19:19:34.767146,178107,recommendation request 17645-team17.isri.cmu.edu:8082, status 200, result: cry+freedom+1987, rollerball+1975, james+and+the+giant+peach+1996, the+snowman+1982, bandidas+2006, star+wars+episode+iii+-+revenge+of+the+sith+2005, a+goofy+movie+1995, p.s.+2004, the+wash+2001, the+other+side+of+the+mountain+1975, nims+island+2008, taxi+2004, four+brothers+2005, planet+of+the+apes+2001, white+palace+1990, mobsters+1991, hook+1991, shrek+the+third+2007, patton+1970, exodus+1960, 731 ms"
"2022-02-08T19:19:34.767190,147143,recommendation request 17645-team17.isri.cmu.edu:8082, status 200, result: out+of+sight+1998, nothing+but+trouble+1991, im+reed+fish+2007, the+house+of+yes+1997, the+red+shoes+1948, 8+seconds+1994, a+time+to+kill+1996, freaky+friday+1976, the+mighty+1998, junebug+2005, have+rocket_+will+travel+1959, the+brave+one+2007, among+giants+1998, quartet+1981, the+three+stooges+in+orbit+1962, hook+1991, high+sierra+1941, my+one+and+only+2009, bingo+1991, a+price+above+rubies+1998, 750 ms"
"2022-02-08T19:19:35.411204,131164,recommendation request 17645-team17.isri.cmu.edu:8082, status 200, result: the+cat+in+the+hat+2003, cry+freedom+1987, rollerball+1975, top+secret+1984, ed+1996, the+proprietor+1996, family+plot+1976, star+wars+episode+iii+-+revenge+of+the+sith+2005, crossroads+2002, the+country+bears+2002, the+addams+family+1991, snow+dogs+2002, big+hero+6+2014, a+little+princess+1995, lifeboat+1944, the+beverly+hillbillies+1993, planet+of+the+apes+2001, opportunity+knocks+1990, how+the+grinch+stole+christmas+2000, desk+set+1957, 321 ms"
"2022-02-08T19:19:35.400939,281835,recommendation request 17645-team17.isri.cmu.edu:8082, status 200, result: black+beauty+1994, the+nest+2002, what+doesnt+kill+you+2008, the+avengers+1998, the+conspiracy+2012, p.s.+2004, maze+2000, lethal+weapon+3+1992, incognito+1997, parker+2013, cabin+boy+1994, a+little+princess+1995, inception+2010, casper+1995, johnny+english+2003, analyze+that+2002, macabre+1958, the+matrix+revolutions+2003, jurassic+park+1993, rush+hour+3+2007, 308 ms"
"2022-02-08T19:19:35.421336,188245,recommendation request 17645-team17.isri.cmu.edu:8082, status 200, result: black+beauty+1994, dead+of+winter+1987, the+cat+in+the+hat+2003, about+last+night...+1986, ed+1996, frenzy+1972, in+the+line+of+fire+1993, a+little+princess+1995, casper+1995, dead+reckoning+1947, one+eight+seven+1997, the+poughkeepsie+tapes+2007, malice+1993, how+the+grinch+stole+christmas+2000, juice+1992, look+whos+talking+too+1990, sunday+bloody+sunday+1971, the+nuns+story+1959, side+out+1990, hook+1991, 329 ms"
"2022-02-08T19:19:36.130188,207352,recommendation request 17645-team17.isri.cmu.edu:8082, status 200, result: dial+m+for+murder+1954, in+the+mouth+of+madness+1994, the+raven+2012, frenzy+1972, true+crime+1996, eye+of+god+1997, cellular+2004, the+stranger+1946, the+sign+of+four+2001, the+last+of+sheila+1973, domestic+disturbance+2001, crossfire+1947, frequency+2000, blink+1994, cleaner+2007, the+maltese+falcon+1941, tightrope+1984, leave+2011, spasmo+1974, they+made+me+a+criminal+1939, 122 ms"
"2022-02-08T19:19:36.209301,261368,recommendation request 17645-team17.isri.cmu.edu:8082, status 200, result: dolores+claiborne+1995, malena+2000, la+terra+trema+1948, il+divo+2008, medea+1969, dig+2004, the+entertainer+1960, la+notte+1961, black+sheep+1996, the+decline+of+western+civilization+1981, dont+move+2004, that+was+then...+this+is+now+1985, lamerica+1994, in+the+line+of+fire+1993, the+lookout+2007, ice+castles+1978, city+of+women+1980, third+star+2010, still+bill+2010, restoration+1995, 198 ms"
"2022-02-08T19:19:37.380664,102444,recommendation request 17645-team17.isri.cmu.edu:8082, status 200, result: eyewitness+1981, cry+freedom+1987, curdled+1996, dark+city+1950, the+other+side+of+the+mountain+1975, silver+city+2004, the+yakuza+1974, the+hitch-hiker+1953, island+2011, mobsters+1991, x+the+unknown+1956, above+the+law+1988, the+arrival+1996, they+made+me+a+criminal+1939, the+faculty+1998, patton+1970, get+real+1998, exodus+1960, rocky+1976, heaven++earth+1993, 349 ms"
"2022-02-08T19:19:37.524272,17814,recommendation request 17645-team17.isri.cmu.edu:8082, status 200, result: the+five+senses+1999, the+proprietor+1996, circus+2000, p.s.+2004, how+i+won+the+war+1967, that+was+then...+this+is+now+1985, maze+2000, never+again+2002, cq+2001, lifeboat+1944, emma+2009, the+brothers+2001, only+you+1994, platoon+1986, dedication+2007, in+harms+way+1965, before+sunrise+1995, crush+2001, bottle+rocket+1996, sonny+2002, 485 ms"
"2022-02-08T19:19:37.537869,213808,recommendation request 17645-team17.isri.cmu.edu:8082, status 200, result: black+beauty+1994, cry+freedom+1987, drop+zone+1994, the+gauntlet+1977, last+holiday+2006, the+other+side+of+the+mountain+1975, nine+queens+2000, inception+2010, one+eight+seven+1997, white+palace+1990, island+2011, the+incredible+hulk+2008, above+the+law+1988, made+of+honor+2008, the+art+of+war+2000, ruby++quentin+2003, spasmo+1974, sucker+punch+2011, melvin+and+howard+1980, s.+darko+2009, 503 ms"
"2022-02-08T19:19:39.550030,142663,recommendation request 17645-team17.isri.cmu.edu:8082, status 200, result: wreck-it+ralph+2012, the+dresser+1983, a+goofy+movie+1995, p.s.+2004, walle+2008, maze+2000, the+dance+of+reality+2013, spirit+stallion+of+the+cimarron+2002, the+aristocats+1970, freaky+friday+1976, forrest+gump+1994, albatross+2011, stonewall+1995, the+brothers+2001, the+truman+show+1998, shes+having+a+baby+1988, crush+2001, six+weeks+1982, remember+the+night+1940, made+of+honor+2008, 504 ms"
"2022-02-08T19:19:39.629735,155147,recommendation request 17645-team17.isri.cmu.edu:8082, status 200, result: the+nest+2002, robot+stories+2003, punchline+1988, notting+hill+1999, p.s.+2004, the+promise+2005, courage+under+fire+1996, light+it+up+1999, parker+2013, edward+scissorhands+1990, maze+2000, in+too+deep+1999, the+verdict+1982, phoenix+1998, the+brothers+2001, my+beautiful+laundrette+1985, junebug+2005, cherrybomb+2009, crush+2001, millions+2005, 583 ms"
"2022-02-08T19:19:39.630179,308781,recommendation request 17645-team17.isri.cmu.edu:8082, status 200, result: the+cat+in+the+hat+2003, man+of+the+year+2006, ed+1996, a+goofy+movie+1995, freaky+friday+1976, pitch+black+2000, apocalypto+2006, phoenix+1998, the+blue+max+1966, planet+of+the+apes+2001, gone+in+sixty+seconds+2000, how+the+grinch+stole+christmas+2000, beneath+the+planet+of+the+apes+1970, veronica+guerin+2003, cherrybomb+2009, hook+1991, above+the+law+1988, the+emperors+new+groove+2000, escape+from+the+planet+of+the+apes+1971, ratatouille+2007, 578 ms"
"2022-02-08T19:19:39.737323,238738,recommendation request 17645-team17.isri.cmu.edu:8082, status 200, result: shampoo+1975, eyewitness+1981, cry+freedom+1987, notting+hill+1999, p.s.+2004, red+dawn+1984, the+other+side+of+the+mountain+1975, maze+2000, in+the+line+of+fire+1993, birdy+1984, random+hearts+1999, the+letter+1940, harem+1985, the+brothers+2001, my+beautiful+laundrette+1985, modesty+blaise+1966, an+education+2009, crush+2001, the+living+daylights+1987, ali+2001, 658 ms"
"2022-02-08T19:19:39.811185,237165,recommendation request 17645-team17.isri.cmu.edu:8082, status 200, result: the+perfect+score+2004, bon+cop+bad+cop+2006, six+pack+1982, the+last+of+the+mohicans+1992, lockout+2012, notting+hill+1999, p.s.+2004, maze+2000, a+time+to+kill+1996, a+family+thing+1996, forrest+gump+1994, haywire+2011, moving+1988, harry+and+tonto+1974, love+story+1970, the+yakuza+1974, the+brothers+2001, for+keeps+1988, my+beautiful+laundrette+1985, free+willy+3+the+rescue+1997, 723 ms"
"2022-02-08T19:19:39.822345,165011,recommendation request 17645-team17.isri.cmu.edu:8082, status 200, result: replicant+2001, dead+of+winter+1987, about+last+night...+1986, ed+1996, the+proprietor+1996, the+brother+from+another+planet+1984, p.s.+2004, maze+2000, casper+1995, blackfish+2013, slap+her...+shes+french+2002, where+the+heart+is+2000, the+poughkeepsie+tapes+2007, the+brothers+2001, marooned+1969, jurassic+park+1993, waiting+to+exhale+1995, look+whos+talking+too+1990, more+than+a+game+2008, island+2011, 741 ms"
"2022-02-08T19:19:39.818495,72399,recommendation request 17645-team17.isri.cmu.edu:8082, status 200, result: sleepers+1996, dark+city+1950, intersection+1994, the+proprietor+1996, cazuza+time+doesnt+stop+2004, p.s.+2004, nothing+to+lose+1994, maze+2000, behind+the+sun+2001, z+1969, the+brothers+mcmullen+1995, silver+city+2004, the+brothers+2001, serial+1980, shes+having+a+baby+1988, crush+2001, the+fury+1978, x+the+unknown+1956, juno+2007, dinoshark+2010, 739 ms"
"2022-02-08T19:19:40.355038,42748,recommendation request 17645-team17.isri.cmu.edu:8082, status 200, result: cry+freedom+1987, the+dresser+1983, paths+of+glory+1957, p.s.+2004, how+i+won+the+war+1967, the+other+side+of+the+mountain+1975, maze+2000, jungle+fever+1991, birdy+1984, ice+castles+1978, back+to+school+1986, albatross+2011, the+brothers+2001, desk+set+1957, out+to+sea+1997, crush+2001, from+here+to+eternity+1953, ali+2001, class+1983, six+weeks+1982, 311 ms"
"2022-02-08T19:19:40.497671,58052,recommendation request 17645-team17.isri.cmu.edu:8082, status 200, result: eyewitness+1981, drop+zone+1994, cry+freedom+1987, nothing+but+trouble+1991, switchback+1997, what+doesnt+kill+you+2008, forbidden+zone+1980, ed+1996, doc+hollywood+1991, frenzy+1972, p.s.+2004, national+lampoons+van+wilder+2002, a+time+to+kill+1996, casper+1995, the+beverly+hillbillies+1993, moving+1988, national+lampoons+vacation+1983, the+island+1980, the+saint+1997, jurassic+park+1993, 376 ms"
"2022-02-08T19:19:40.507063,85165,recommendation request 17645-team17.isri.cmu.edu:8082, status 200, result: the+five+senses+1999, barbershop+2002, forbidden+zone+1980, raging+bull+1980, rain+man+1988, p.s.+2004, cookie+1989, maze+2000, a+family+thing+1996, nims+island+2008, casper+1995, another+thin+man+1939, the+brothers+2001, jurassic+park+1993, crush+2001, heartbreakers+2001, hook+1991, an+american+carol+2008, untitled+2009, return+to+me+2000, 439 ms"
"2022-02-08T19:19:40.523458,124148,recommendation request 17645-team17.isri.cmu.edu:8082, status 200, result: the+perfect+score+2004, cry+freedom+1987, ed+1996, the+red+shoes+1948, 8+seconds+1994, the+snowman+1982, a+goofy+movie+1995, freaky+friday+1976, nims+island+2008, casper+1995, gumby+the+movie+1995, the+flight+of+dragons+1982, the+longest+yard+1974, jurassic+park+1993, island+2011, conan+the+barbarian+1982, quartet+1981, hook+1991, the+emperors+new+groove+2000, bingo+1991, 440 ms"
"2022-02-08T19:19:41.309209,181922,recommendation request 17645-team17.isri.cmu.edu:8082, status 200, result: lockout+2012, the+snowman+1982, red+dawn+1984, vision+quest+1985, a+little+princess+1995, casper+1995, haywire+2011, the+witches+of+eastwick+1987, planet+of+the+apes+2001, beyond+the+sea+2004, hook+1991, above+the+law+1988, the+emperors+new+groove+2000, dugs+special+mission+2009, ratatouille+2007, chicken+little+2005, cars+2006, the+hunchback+of+notre+dame+1996, my+neighbors+the+yamadas+1999, la+luna+2011, 279 ms"
"2022-02-08T19:19:41.309591,192662,recommendation request 17645-team17.isri.cmu.edu:8082, status 200, result: mister+roberts+1955, murder+by+numbers+2002, the+bridge+1959, armageddon+1998, striptease+1996, moving+1988, the+letter+1940, hell+is+for+heroes+1962, breakout+1975, sonny+2002, so+fine+1981, battle+of+britain+1969, the+roaring+twenties+1939, all+quiet+on+the+western+front+1930, today+you+die+2005, they+drive+by+night+1940, bulletproof+1996, patton+1970, atl+2006, dennis+the+menace+1993, 277 ms"
"2022-02-08T19:19:42.543411,44110,recommendation request 17645-team17.isri.cmu.edu:8082, status 200, result: six+pack+1982, notting+hill+1999, p.s.+2004, deep+rising+1998, barbarosa+1982, maze+2000, lethal+weapon+3+1992, a+family+thing+1996, a+little+princess+1995, harry+and+tonto+1974, the+brothers+2001, my+beautiful+laundrette+1985, the+matrix+1999, crush+2001, the+incredible+hulk+2008, hook+1991, dinoshark+2010, bingo+1991, untitled+2009, indestructible+man+1956, 444 ms"
"2022-02-08T19:19:42.542133,224359,recommendation request 17645-team17.isri.cmu.edu:8082, status 200, result: down+periscope+1996, rhinestone+1984, taps+1981, the+gauntlet+1977, key+largo+1948, harry+and+tonto+1974, the+yakuza+1974, bulworth+1998, clockwatchers+1997, the+losers+2010, following+1998, junebug+2005, juice+1992, the+town+2010, dark+passage+1947, my+one+and+only+2009, the+king+of+comedy+1982, batman+begins+2005, angela+1995, lucas+1986, 398 ms"
"2022-02-08T19:19:42.547587,114943,recommendation request 17645-team17.isri.cmu.edu:8082, status 200, result: remember+me+2010, taking+sides+2001, backbeat+1994, the+last+of+the+mohicans+1992, lucky+them+2013, the+proprietor+1996, how+i+won+the+war+1967, that+was+then...+this+is+now+1985, never+again+2002, just+go+with+it+2011, lethal+weapon+3+1992, the+king+is+alive+2000, lifeboat+1944, gidget+1959, never+been+kissed+1999, harem+1985, glory+road+2006, albatross+2011, on+deadly+ground+1994, invincible+2006, 445 ms"
"2022-02-08T19:19:42.615942,26300,recommendation request 17645-team17.isri.cmu.edu:8082, status 200, result: drop+zone+1994, ed+1996, the+proprietor+1996, raging+bull+1980, paths+of+glory+1957, the+brother+from+another+planet+1984, red+dawn+1984, without+a+paddle+2004, northfork+2003, birdy+1984, z+1969, chronicle+2012, casper+1995, the+great+escape+1963, harem+1985, the+saint+1997, patriot+games+1992, marooned+1969, another+earth+2011, jurassic+park+1993, 516 ms"
"2022-02-08T19:19:42.627697,122745,recommendation request 17645-team17.isri.cmu.edu:8082, status 200, result: about+last+night...+1986, man+of+the+year+2006, the+last+of+the+mohicans+1992, the+proprietor+1996, royal+deceit+1994, frenzy+1972, one+little+indian+1973, 633+squadron+1964, the+great+escape+1963, dead+reckoning+1947, harem+1985, sanjuro+1962, winnie+the+pooh+2011, running+scared+1986, changing+lanes+2002, look+whos+talking+too+1990, the+nuns+story+1959, side+out+1990, ratatouille+2007, lassie+2005, 483 ms"
"2022-02-08T19:19:42.637105,22309,recommendation request 17645-team17.isri.cmu.edu:8082, status 200, result: step+up+revolution+2012, arranged+2007, dreamgirls+2006, the+snows+of+kilimanjaro+1952, dont+move+2004, sling+blade+1996, p.s.+2004, a+slave+of+love+1976, the+other+side+of+the+mountain+1975, iris+2001, the+mighty+1998, full+speed+1996, an+education+2009, people+like+us+2012, the+hundred-foot+journey+2014, blood+and+sand+1989, hav+plenty+1997, come+see+the+paradise+1990, once+2007, the+program+1993, 528 ms"
"2022-02-08T19:19:43.368016,46143,recommendation request 17645-team17.isri.cmu.edu:8082, status 200, result: shampoo+1975, drop+zone+1994, nothing+but+trouble+1991, melody+time+1948, ed+1996, doc+hollywood+1991, loving+you+1957, national+lampoons+van+wilder+2002, spirit+stallion+of+the+cimarron+2002, the+aristocats+1970, a+family+thing+1996, casper+1995, random+hearts+1999, harry+and+tonto+1974, national+lampoons+vacation+1983, the+saint+1997, saludos+amigos+1942, jurassic+park+1993, junebug+2005, texasville+1990, 272 ms"
"2022-02-08T19:19:43.410417,167462,recommendation request 17645-team17.isri.cmu.edu:8082, status 200, result: nothing+but+trouble+1991, maze+2000, lethal+weapon+3+1992, incognito+1997, freaky+friday+1976, splash+1984, moving+1988, sweet+liberty+1986, crush+2001, class+1983, eight+men+out+1988, mr.+deeds+2002, the+art+of+war+2000, holiday+1938, the+allnighter+1987, the+gnome-mobile+1967, dopamine+2003, happily+ever+after+2004, seven+alone+1974, mumford+1999, 313 ms"
"2022-02-08T19:19:43.403891,2189,recommendation request 17645-team17.isri.cmu.edu:8082, status 200, result: gleaming+the+cube+1989, wreck-it+ralph+2012, 8+seconds+1994, the+proprietor+1996, missing+1982, frenzy+1972, a+goofy+movie+1995, mystery_+alaska+1999, thank+you+for+smoking+2005, the+aristocats+1970, lifeboat+1944, grand+canyon+1991, the+verdict+1982, one+eight+seven+1997, guilty+as+sin+1993, planet+of+the+apes+2001, cars+2+2011, junebug+2005, juice+1992, island+2011, 306 ms"
"2022-02-08T19:19:44.345381,125335,recommendation request 17645-team17.isri.cmu.edu:8082, status 200, result: drop+zone+1994, doc+hollywood+1991, snow+dogs+2002, premium+rush+2012, freaky+friday+1976, cabin+boy+1994, moving+1988, the+saint+1997, another+earth+2011, beyond+the+sea+2004, the+truman+show+1998, rush+hour+3+2007, changing+lanes+2002, shes+having+a+baby+1988, juice+1992, the+incredible+hulk+2008, help+1965, back+to+the+future+part+ii+1989, dopamine+2003, l.i.e.+2001, 329 ms"
"2022-02-08T19:19:44.419111,293038,recommendation request 17645-team17.isri.cmu.edu:8082, status 200, result: gleaming+the+cube+1989, bossa+nova+2000, the+five+senses+1999, 8+seconds+1994, the+proprietor+1996, p.s.+2004, the+other+side+of+the+mountain+1975, edward+scissorhands+1990, father+of+the+bride+1991, cabin+boy+1994, moving+1988, the+verdict+1982, analyze+that+2002, full+speed+1996, junebug+2005, an+education+2009, m.+butterfly+1993, quartet+1981, my+one+and+only+2009, breakfast+on+pluto+2005, 366 ms"
"2022-02-08T19:19:44.438220,6631,recommendation request 17645-team17.isri.cmu.edu:8082, status 200, result: eyewitness+1981, cry+freedom+1987, drop+zone+1994, the+cat+in+the+hat+2003, sleepers+1996, rollerball+1975, ed+1996, the+proprietor+1996, family+plot+1976, without+a+paddle+2004, lifeboat+1944, chronicle+2012, the+beverly+hillbillies+1993, one+eight+seven+1997, wake+of+death+2004, planet+of+the+apes+2001, the+client+1994, opportunity+knocks+1990, how+the+grinch+stole+christmas+2000, desk+set+1957, 413 ms"
"2022-02-08T19:19:45.405890,144672,recommendation request 17645-team17.isri.cmu.edu:8082, status 200, result: black+beauty+1994, the+cat+in+the+hat+2003, drop+zone+1994, rollerball+1975, top+secret+1984, ed+1996, missing+1982, frenzy+1972, mystery_+alaska+1999, the+addams+family+1991, a+little+princess+1995, 42nd+street+1933, on+moonlight+bay+1951, pitch+black+2000, moving+1988, one+eight+seven+1997, guilty+as+sin+1993, the+saint+1997, planet+of+the+apes+2001, how+the+grinch+stole+christmas+2000, 286 ms"
"2022-02-08T19:19:45.565187,74938,recommendation request 17645-team17.isri.cmu.edu:8082, status 200, result: black+beauty+1994, the+perfect+score+2004, switchback+1997, sleepers+1996, the+dresser+1983, the+last+of+the+mohicans+1992, ed+1996, frenzy+1972, how+i+won+the+war+1967, barbarosa+1982, macgruber+2010, without+a+paddle+2004, in+the+line+of+fire+1993, dick+tracy+1990, casper+1995, fulltime+killer+2001, in+too+deep+1999, big+trouble+2002, albatross+2011, hackers+1995, 499 ms"
"2022-02-08T19:19:46.490758,183093,recommendation request 17645-team17.isri.cmu.edu:8082, status 200, result: dead+of+winter+1987, the+five+senses+1999, the+million+dollar+hotel+2000, the+longest+day+1962, 8+seconds+1994, the+proprietor+1996, the+conspiracy+2012, childs+play+3+1991, the+gauntlet+1977, sling+blade+1996, p.s.+2004, mystery_+alaska+1999, maze+2000, a+family+thing+1996, lifeboat+1944, grand+illusion+1937, casper+1995, psycho+1998, where+the+heart+is+2000, the+poughkeepsie+tapes+2007, 422 ms"
"2022-02-08T19:19:46.501145,294489,recommendation request 17645-team17.isri.cmu.edu:8082, status 200, result: n+1998, intersection+1994, the+proprietor+1996, dont+move+2004, frenzy+1972, a+moment+to+remember+2004, a+slave+of+love+1976, mackennas+gold+1969, p.s.+2004, the+dance+of+reality+2013, analyze+this+1999, take+care+of+my+cat+2001, the+last+laugh+1924, moving+1988, cadillac+man+1990, the+yakuza+1974, fabled+2002, full+speed+1996, painted+fire+2002, another+earth+2011, 426 ms"
"2022-02-08T19:19:46.510663,72063,recommendation request 17645-team17.isri.cmu.edu:8082, status 200, result: eyewitness+1981, switchback+1997, the+dresser+1983, notting+hill+1999, the+lucky+ones+2008, p.s.+2004, the+other+side+of+the+mountain+1975, maze+2000, dont+tell+her+its+me+1990, the+company+men+2010, ice+castles+1978, albatross+2011, the+brothers+2001, my+beautiful+laundrette+1985, junebug+2005, an+education+2009, crush+2001, from+here+to+eternity+1953, ali+2001, the+women+2008, 425 ms"
"2022-02-08T19:19:46.514154,236507,recommendation request 17645-team17.isri.cmu.edu:8082, status 200, result: gleaming+the+cube+1989, taps+1981, serpico+1973, suddenly+1954, money+talks+1997, gorky+park+1983, that+was+then...+this+is+now+1985, code+of+silence+1985, detective+story+1951, the+falcon+and+the+snowman+1985, grand+canyon+1991, the+verdict+1982, phoenix+1998, men+of+honor+2000, bulworth+1998, morocco+1930, the+hot+spot+1990, laura+1944, the+godfather+1972, conan+the+barbarian+1982, 427 ms"
"2022-02-08T19:19:47.420688,70042,recommendation request 17645-team17.isri.cmu.edu:8082, status 200, result: bill+cosby+himself+1983, the+dresser+1983, derrida+2002, hearts+in+atlantis+2001, lucky+them+2013, that+was+then...+this+is+now+1985, never+again+2002, crossroads+1986, z+1969, ever+since+the+world+ended+2001, putzel+2012, albatross+2011, chaos+2001, gravity+2013, the+boys+are+back+2009, atlas+shrugged+part+i+2011, innocence+2004, only+yesterday+1991, six+weeks+1982, beyond+therapy+1987, 354 ms"
"2022-02-08T19:19:47.402718,283263,recommendation request 17645-team17.isri.cmu.edu:8082, status 200, result: rollerball+1975, forbidden+zone+1980, barbershop+2002, ed+1996, star+wars+episode+iii+-+revenge+of+the+sith+2005, p.s.+2004, fathers+little+dividend+1951, casper+1995, another+thin+man+1939, critters+1986, moving+1988, planet+of+the+apes+2001, the+hidden+1987, jurassic+park+1993, desk+set+1957, out+to+sea+1997, 2010+moby+dick+2010, the+truman+show+1998, blind+fury+1989, changing+lanes+2002, 386 ms"
"2022-02-08T19:19:48.556874,11876,recommendation request 17645-team17.isri.cmu.edu:8082, status 200, result: titanic+1953, viva+zapata+1952, serpico+1973, suddenly+1954, the+next+three+days+2010, p.s.+2004, yellow+sky+1948, maze+2000, never+again+2002, emma+2009, phoenix+1998, the+favor+1994, the+brothers+2001, only+you+1994, dedication+2007, morocco+1930, crush+2001, appaloosa+2008, untitled+2009, telling+you+1998, 405 ms"
"2022-02-08T19:19:48.640927,157810,recommendation request 17645-team17.isri.cmu.edu:8082, status 200, result: drop+zone+1994, p.s.+2004, frenzy+1972, true+crime+1996, the+other+side+of+the+mountain+1975, maze+2000, an+amazing+couple+2002, gods+not+dead+2014, bean+1997, holy+motors+2012, harem+1985, the+yakuza+1974, the+brothers+2001, dry+cleaning+1997, four+brothers+2005, jurassic+park+1993, crush+2001, above+the+law+1988, untitled+2009, come+see+the+paradise+1990, 527 ms"
"2022-02-08T19:19:48.643749,141709,recommendation request 17645-team17.isri.cmu.edu:8082, status 200, result: the+perfect+score+2004, lockout+2012, family+plot+1976, notting+hill+1999, p.s.+2004, national+lampoons+van+wilder+2002, maze+2000, dick+tracy+1990, big+trouble+2002, haywire+2011, national+lampoons+vacation+1983, planet+of+the+apes+2001, gone+in+sixty+seconds+2000, the+brothers+2001, my+beautiful+laundrette+1985, the+longest+yard+1974, evil+dead+ii+1987, warriors+of+heaven+and+earth+2003, crush+2001, azumi+2003, 527 ms"
"2022-02-08T19:19:48.739349,146570,recommendation request 17645-team17.isri.cmu.edu:8082, status 200, result: punchline+1988, the+snowman+1982, city+slickers+1991, major+league+ii+1994, 8+seconds+1994, big+hero+6+2014, barbarosa+1982, code+of+silence+1985, once+bitten+1985, bad+girls+1994, moving+1988, masterminds+1997, phoenix+1998, the+yakuza+1974, changing+lanes+2002, geronimo+an+american+legend+1993, the+hot+spot+1990, the+incredible+hulk+2008, m.+butterfly+1993, quartet+1981, 619 ms"
"2022-02-08T19:19:48.835570,11789,recommendation request 17645-team17.isri.cmu.edu:8082, status 200, result: lady+jane+1986, switchback+1997, broken+embraces+2009, intersection+1994, missing+1982, frenzy+1972, p.s.+2004, mackennas+gold+1969, maze+2000, fuck+2005, fulltime+killer+2001, psycho+1998, in+too+deep+1999, love+story+1970, popatopolis+2009, lionheart+1990, harem+1985, the+yakuza+1974, the+brothers+2001, malice+1993, 683 ms"
"2022-02-08T19:19:48.970638,261855,recommendation request 17645-team17.isri.cmu.edu:8082, status 200, result: american+virgin+2000, shampoo+1975, rollerball+1975, top+secret+1984, forces+of+nature+1999, star+wars+episode+iii+-+revenge+of+the+sith+2005, frenzy+1972, the+addams+family+1991, light+it+up+1999, a+little+princess+1995, twentieth+century+1934, spy+kids+3-d+game+over+2003, the+client+1994, murphys+romance+1985, island+2011, the+nuns+story+1959, the+owl+and+the+pussycat+1970, gone+girl+2014, shes+out+of+control+1989, d.a.r.y.l.+1985, 815 ms"
"2022-02-08T19:19:49.093821,135467,recommendation request 17645-team17.isri.cmu.edu:8082, status 0, result: java.util.concurrent.TimeoutException: Request timeout to 17645-team17.isri.cmu.edu/128.2.205.118:8082 after 800 ms, 927 ms"
"2022-02-08T19:19:49.130292,172065,recommendation request 17645-team17.isri.cmu.edu:8082, status 0, result: java.util.concurrent.TimeoutException: Request timeout to 17645-team17.isri.cmu.edu/128.2.205.118:8082 after 800 ms, 972 ms"
"2022-02-08T19:19:49.038084,219019,recommendation request 17645-team17.isri.cmu.edu:8082, status 200, result: cry+freedom+1987, mickeys+once+upon+a+christmas+1999, dreamgirls+2006, intersection+1994, p.s.+2004, true+crime+1996, cookie+1989, loving+you+1957, the+wash+2001, bellflower+2011, nims+island+2008, bad+girls+1994, chicken+run+2000, the+verdict+1982, the+island+1980, planet+of+the+apes+2001, warriors+of+heaven+and+earth+2003, the+juror+1996, the+fury+1978, hook+1991, 882 ms"
"2022-02-08T19:19:49.098828,221753,recommendation request 17645-team17.isri.cmu.edu:8082, status 0, result: java.util.concurrent.TimeoutException: Request timeout to 17645-team17.isri.cmu.edu/128.2.205.118:8082 after 800 ms, 939 ms"
"2022-02-08T19:19:49.528317,91435,recommendation request 17645-team17.isri.cmu.edu:8082, status 200, result: curdled+1996, the+house+of+yes+1997, intersection+1994, oh_+god+1977, p.s.+2004, the+other+side+of+the+mountain+1975, birdy+1984, forrest+gump+1994, r100+2013, bachelor+in+paradise+1961, love+story+1970, love+crazy+1941, gunner+palace+2004, glen+or+glenda+1953, for+keeps+1988, the+mighty+1998, the+matrix+revolutions+2003, junebug+2005, on+the+town+1949, shes+having+a+baby+1988, 425 ms"
"2022-02-08T19:19:49.528154,7730,recommendation request 17645-team17.isri.cmu.edu:8082, status 200, result: rollerball+1975, star+wars+episode+iii+-+revenge+of+the+sith+2005, a+goofy+movie+1995, missing+1982, sling+blade+1996, mystery_+alaska+1999, birdy+1984, one+eight+seven+1997, guilty+as+sin+1993, planet+of+the+apes+2001, albatross+2011, the+mighty+1998, island+2011, conan+the+barbarian+1982, down+in+the+delta+1998, dungeons++dragons+2000, they+made+me+a+criminal+1939, the+bugs+bunnyroad+runner+movie+1979, l.i.e.+2001, salvador+1986, 436 ms"
"2022-02-08T19:19:49.544377,108364,recommendation request 17645-team17.isri.cmu.edu:8082, status 200, result: nothing+but+trouble+1991, top+secret+1984, forbidden+zone+1980, cazuza+time+doesnt+stop+2004, nothing+to+lose+1994, behind+the+sun+2001, detective+story+1951, the+beverly+hillbillies+1993, national+lampoons+vacation+1983, working+girl+1988, serial+1980, help+1965, from+the+hip+1987, eight+men+out+1988, jennifer+eight+1992, little+murders+1971, the+twelve+chairs+1970, every+which+way+but+loose+1978, patton+1970, the+house+of+sand+2005, 475 ms"
"2022-02-08T19:19:50.474229,160745,recommendation request 17645-team17.isri.cmu.edu:8082, status 200, result: curdled+1996, the+dresser+1983, lucky+them+2013, who+am+i+1998, circus+2000, easy+come_+easy+go+1967, that+was+then...+this+is+now+1985, the+lookout+2007, big+trouble+2002, once+upon+a+time+in+china+ii+1992, patriot+games+1992, albatross+2011, the+boys+are+back+2009, s.w.a.t.+2003, the+hitch-hiker+1953, juice+1992, mobsters+1991, six+weeks+1982, down+in+the+delta+1998, little+murders+1971, 390 ms"
"2022-02-08T19:19:50.540230,37821,recommendation request 17645-team17.isri.cmu.edu:8082, status 200, result: narc+2002, shampoo+1975, drop+zone+1994, switchback+1997, 8+seconds+1994, the+proprietor+1996, punchline+1988, son+of+the+mask+2005, ivans+childhood+1962, all+the+mornings+of+the+world+1991, a+slave+of+love+1976, an+amazing+couple+2002, without+a+paddle+2004, a+family+thing+1996, lifeboat+1944, z+1969, grand+illusion+1937, stealing+harvard+2002, heavens+gate+1980, the+great+escape+1963, 495 ms"
"2022-02-08T19:19:50.590535,155290,recommendation request 17645-team17.isri.cmu.edu:8082, status 200, result: city+hall+1996, murder+by+numbers+2002, the+net+1995, in+the+line+of+fire+1993, beyond+rangoon+1995, misery+1990, the+devils+own+1997, dead+reckoning+1947, someone+to+watch+over+me+1987, othello+1995, malice+1993, anatomy+of+a+murder+1959, one+false+move+1992, gloria+1980, elsewhere+2009, gloria+1999, absolute+power+1997, extreme+measures+1996, go+1999, leon+the+professional+1994, 453 ms"
"2022-02-08T19:19:50.597947,120551,recommendation request 17645-team17.isri.cmu.edu:8082, status 200, result: curdled+1996, lockout+2012, p.s.+2004, son+of+the+mask+2005, rambo+first+blood+part+ii+1985, vision+quest+1985, a+little+princess+1995, haywire+2011, the+witches+of+eastwick+1987, guilty+as+sin+1993, patriot+games+1992, topper+1937, shes+having+a+baby+1988, the+hitch-hiker+1953, juice+1992, mobsters+1991, the+incredible+hulk+2008, the+women+2008, breakdown+1997, today+you+die+2005, 530 ms"
"2022-02-08T19:19:50.597935,115219,recommendation request 17645-team17.isri.cmu.edu:8082, status 200, result: drop+zone+1994, the+amazing+spider-man+2012, the+golden+voyage+of+sinbad+1973, tin+man+2007, white+dog+1982, four+brothers+2005, 2010+moby+dick+2010, juice+1992, conan+the+barbarian+1982, in+hell+2003, the+fan+1981, dungeons++dragons+2000, spawn+1997, the+signal+2007, maximum+risk+1996, it+conquered+the+world+1956, the+swarm+1978, virtuosity+1995, lassie+1994, the+hunter+1980, 501 ms"
"2022-02-08T19:19:50.627025,255404,recommendation request 17645-team17.isri.cmu.edu:8082, status 200, result: rollerball+1975, arranged+2007, star+wars+episode+iii+-+revenge+of+the+sith+2005, nothing+to+lose+1994, the+hunted+2003, incognito+1997, the+hound+of+the+baskervilles+1978, a+family+thing+1996, lifeboat+1944, the+letter+1940, phoenix+1998, the+great+escape+1963, planet+of+the+apes+2001, albatross+2011, a+patch+of+blue+1965, island+2011, mobsters+1991, romeo+and+juliet+1936, flowers+in+the+attic+1987, the+unknown+1927, 564 ms"
"2022-02-08T19:19:50.676260,70761,recommendation request 17645-team17.isri.cmu.edu:8082, status 200, result: mickeys+once+upon+a+christmas+1999, the+house+of+yes+1997, sling+blade+1996, p.s.+2004, the+other+side+of+the+mountain+1975, maze+2000, lifeboat+1944, chicken+run+2000, the+letter+1940, harem+1985, the+reader+2008, the+brothers+2001, the+mighty+1998, junebug+2005, murphys+romance+1985, island+2011, crush+2001, hopscotch+1980, my+one+and+only+2009, spasmo+1974, 571 ms"
"2022-02-08T19:19:50.695941,36869,recommendation request 17645-team17.isri.cmu.edu:8082, status 200, result: eyewitness+1981, edmond+2005, mickeys+once+upon+a+christmas+1999, rollerball+1975, the+gauntlet+1977, star+wars+episode+iii+-+revenge+of+the+sith+2005, true+crime+1996, courage+under+fire+1996, light+it+up+1999, chicken+run+2000, the+yakuza+1974, the+juror+1996, conan+the+barbarian+1982, the+fury+1978, spasmo+1974, dungeons++dragons+2000, rescue+dawn+2006, foxes+1980, divergent+2014, undertow+2004, 624 ms"
"2022-02-08T19:19:51.629807,299644,recommendation request 17645-team17.isri.cmu.edu:8082, status 200, result: switchback+1997, the+five+senses+1999, rollerball+1975, 8+seconds+1994, the+proprietor+1996, double+team+1997, cazuza+time+doesnt+stop+2004, true+crime+1996, nothing+to+lose+1994, behind+the+sun+2001, pitch+black+2000, lionheart+1990, sanjuro+1962, the+juror+1996, island+2011, made+of+honor+2008, ruby++quentin+2003, airport+1975+1974, cyborg+1989, bulletproof+1996, 421 ms"
"2022-02-08T19:19:51.869544,62652,recommendation request 17645-team17.isri.cmu.edu:8082, status 200, result: barbershop+2002, prison+1988, the+conspiracy+2012, p.s.+2004, the+other+side+of+the+mountain+1975, frankenstein+meets+the+wolf+man+1943, dead+ringers+1988, another+thin+man+1939, in+too+deep+1999, dead+reckoning+1947, this+property+is+condemned+1966, topper+1937, fabled+2002, an+education+2009, choose+2011, island+2011, blind+fury+1989, blood+and+sand+1989, gozu+2003, come+see+the+paradise+1990, 635 ms"
"2022-02-08T19:19:51.878426,68534,recommendation request 17645-team17.isri.cmu.edu:8082, status 200, result: sullivans+travels+1941, the+perfect+score+2004, rollerball+1975, my+man+godfrey+1957, ed+1996, last+holiday+2006, guest+house+paradiso+1999, p.s.+2004, missing+1982, mystery_+alaska+1999, maze+2000, without+a+paddle+2004, dick+tracy+1990, pitch+black+2000, apocalypto+2006, one+eight+seven+1997, guilty+as+sin+1993, the+saint+1997, planet+of+the+apes+2001, the+brothers+2001, 657 ms"
"2022-02-08T19:19:51.883889,208734,recommendation request 17645-team17.isri.cmu.edu:8082, status 200, result: arranged+2007, lockout+2012, courage+under+fire+1996, lethal+weapon+3+1992, a+time+to+kill+1996, incognito+1997, haywire+2011, the+letter+1940, phoenix+1998, the+yakuza+1974, serial+1980, shes+having+a+baby+1988, island+2011, the+matrix+1999, dark+passage+1947, indestructible+man+1956, they+made+me+a+criminal+1939, my+life+in+pink+1997, fun+in+acapulco+1963, dopamine+2003, 660 ms"
"2022-02-08T19:19:51.914531,173468,recommendation request 17645-team17.isri.cmu.edu:8082, status 200, result: the+believers+1987, eyewitness+1981, the+conspiracy+2012, frenzy+1972, true+crime+1996, the+hound+of+the+baskervilles+1978, freaky+friday+1976, asylum+1972, dont+say+a+word+2001, the+yakuza+1974, the+client+1994, macabre+1958, juice+1992, island+2011, spasmo+1974, they+made+me+a+criminal+1939, s.+darko+2009, homicidal+1961, p2+2007, fletch+1985, 597 ms"
"2022-02-08T19:19:51.911270,248073,recommendation request 17645-team17.isri.cmu.edu:8082, status 200, result: think+like+a+man+too+2014, p.s.+2004, sling+blade+1996, a+goofy+movie+1995, spartacus+1960, the+other+side+of+the+mountain+1975, maze+2000, northfork+2003, nims+island+2008, freaky+friday+1976, written+on+the+wind+1956, the+brothers+2001, the+mighty+1998, an+education+2009, junebug+2005, hogfather+2006, crush+2001, hook+1991, above+the+law+1988, untitled+2009, 677 ms"
"2022-02-08T19:19:52.253416,44482,recommendation request 17645-team17.isri.cmu.edu:8082, status 200, result: dead+of+winter+1987, lockout+2012, frenzy+1972, true+crime+1996, maze+2000, the+pompatus+of+love+1996, pitch+black+2000, casper+1995, haywire+2011, nighthawks+1981, apocalypto+2006, gone+in+sixty+seconds+2000, jurassic+park+1993, junebug+2005, shes+having+a+baby+1988, veronica+guerin+2003, crush+2001, from+here+to+eternity+1953, ali+2001, hook+1991, 217 ms"
"2022-02-08T19:19:52.253176,143986,recommendation request 17645-team17.isri.cmu.edu:8082, status 200, result: shampoo+1975, cry+freedom+1987, punchline+1988, the+golden+voyage+of+sinbad+1973, p.s.+2004, hollow+man+2000, the+other+side+of+the+mountain+1975, analyze+this+1999, moving+1988, masterminds+1997, the+island+1980, money+train+1995, big+bad+mama+1974, white+palace+1990, an+education+2009, kull+the+conqueror+1997, juice+1992, the+juror+1996, conan+the+barbarian+1982, ali+2001, 218 ms"
"2022-02-08T19:19:53.435809,125315,recommendation request 17645-team17.isri.cmu.edu:8082, status 200, result: the+parent+trap+1998, p.s.+2004, up+the+yangtze+2007, changeling+2008, the+nomi+song+2004, snow+dogs+2002, maze+2000, freaky+friday+1976, the+brothers+mcmullen+1995, the+social+network+2010, bachelor+in+paradise+1961, dead+reckoning+1947, love+crazy+1941, where+the+heart+is+2000, a+patch+of+blue+1965, still+bill+2010, on+the+town+1949, beyond+the+sea+2004, rude+boy+1980, waiting+to+exhale+1995, 357 ms"
"2022-02-08T19:19:53.529568,281018,recommendation request 17645-team17.isri.cmu.edu:8082, status 200, result: rollerball+1975, six+pack+1982, punchline+1988, city+slickers+1991, doc+hollywood+1991, barbarosa+1982, edward+scissorhands+1990, vision+quest+1985, a+family+thing+1996, a+little+princess+1995, forrest+gump+1994, bad+girls+1994, moving+1988, harry+and+tonto+1974, the+witches+of+eastwick+1987, the+verdict+1982, love+story+1970, shes+having+a+baby+1988, geronimo+an+american+legend+1993, lassie+2005, 377 ms"
"2022-02-08T19:19:53.553366,154175,recommendation request 17645-team17.isri.cmu.edu:8082, status 200, result: the+nest+2002, rollerball+1975, what+doesnt+kill+you+2008, bridget+joness+diary+2001, the+proprietor+1996, missing+1982, mystery_+alaska+1999, parker+2013, lifeboat+1944, johnny+english+2003, one+eight+seven+1997, guilty+as+sin+1993, bully+2011, private+parts+1972, the+poughkeepsie+tapes+2007, planet+of+the+apes+2001, the+reader+2008, white+palace+1990, jurassic+park+1993, rush+hour+3+2007, 412 ms"
"2022-02-08T19:19:53.564278,282860,recommendation request 17645-team17.isri.cmu.edu:8082, status 200, result: drop+zone+1994, rollerball+1975, star+wars+episode+iii+-+revenge+of+the+sith+2005, light+it+up+1999, without+a+paddle+2004, wake+of+death+2004, planet+of+the+apes+2001, marooned+1969, the+mighty+1998, running+scared+1986, desk+set+1957, out+to+sea+1997, changing+lanes+2002, ali+2001, hopscotch+1980, absolute+power+1997, today+you+die+2005, the+professional+1981, bulletproof+1996, fire+down+below+1997, 356 ms"
"2022-02-08T19:19:53.574871,178908,recommendation request 17645-team17.isri.cmu.edu:8082, status 200, result: im+no+angel+1933, donovans+reef+1963, i.q.+1994, shes+the+one+1996, fun+in+acapulco+1963, the+butchers+wife+1991, were+no+angels+1955, horse+feathers+1932, the+heiress+1949, midnight+1939, never+again+2002, cousins+1989, i+do+2006, til+there+was+you+1997, soapdish+1991, heartburn+1986, boomerang+1992, serial+1980, in++out+1997, the+beautician+and+the+beast+1997, 396 ms"
"2022-02-08T19:19:54.370957,299815,recommendation request 17645-team17.isri.cmu.edu:8082, status 200, result: shampoo+1975, top+secret+1984, punchline+1988, demons+1985, p.s.+2004, maze+2000, strait-jacket+1964, brimstone++treacle+1982, frankenstein+meets+the+wolf+man+1943, pretty+baby+1978, gumby+the+movie+1995, harry+and+tonto+1974, the+brood+1979, 9+2005, the+brothers+2001, shivers+1975, serial+1980, junebug+2005, shes+having+a+baby+1988, crush+2001, 336 ms"
"2022-02-08T19:19:54.419178,184685,recommendation request 17645-team17.isri.cmu.edu:8082, status 200, result: the+five+senses+1999, and+now...+ladies+and+gentlemen...+2002, frenzy+1972, true+crime+1996, light+it+up+1999, detective+story+1951, cabin+boy+1994, dont+say+a+word+2001, a+shock+to+the+system+1990, joy+ride+2001, big+bad+mama+1974, the+mighty+1998, the+juror+1996, ali+2001, help+1965, jennifer+eight+1992, spasmo+1974, they+made+me+a+criminal+1939, the+survivors+1983, the+program+1993, 383 ms"
"2022-02-08T19:19:54.523366,47165,recommendation request 17645-team17.isri.cmu.edu:8082, status 200, result: shampoo+1975, nothing+but+trouble+1991, love+jones+1997, oh_+god+1977, p.s.+2004, analyze+this+1999, spirit+stallion+of+the+cimarron+2002, the+pompatus+of+love+1996, birdy+1984, moving+1988, the+letter+1940, harem+1985, junebug+2005, the+women+2008, north+1994, eight+men+out+1988, my+one+and+only+2009, shrek+the+third+2007, flying+tigers+1942, l.i.e.+2001, 421 ms"
"2022-02-08T19:19:54.562058,172375,recommendation request 17645-team17.isri.cmu.edu:8082, status 200, result: the+perfect+score+2004, cry+freedom+1987, what+doesnt+kill+you+2008, bon+cop+bad+cop+2006, drop+zone+1994, doc+hollywood+1991, cookie+1989, frenzy+1972, a+time+to+kill+1996, vision+quest+1985, northfork+2003, a+little+princess+1995, moving+1988, the+witches+of+eastwick+1987, four+brothers+2005, patriot+games+1992, gravity+2013, the+mighty+1998, running+scared+1986, another+earth+2011, 481 ms"
"2022-02-08T19:19:54.559879,120810,recommendation request 17645-team17.isri.cmu.edu:8082, status 200, result: eyewitness+1981, drop+zone+1994, arranged+2007, the+golden+voyage+of+sinbad+1973, incognito+1997, dick+tracy+1990, fulltime+killer+2001, in+too+deep+1999, apocalypto+2006, the+letter+1940, phoenix+1998, the+island+1980, the+saint+1997, the+yakuza+1974, gone+in+sixty+seconds+2000, masterminds+1997, kull+the+conqueror+1997, changing+lanes+2002, juice+1992, veronica+guerin+2003, 477 ms"
"2022-02-08T19:19:55.360980,294905,recommendation request 17645-team17.isri.cmu.edu:8082, status 200, result: phenomenon+1996, backlight+2010, robot+stories+2003, dial+m+for+murder+1954, hearts+in+atlantis+2001, its+all+about+love+2003, nine+lives+2005, frenzy+1972, true+crime+1996, on+the+beach+1959, that+was+then...+this+is+now+1985, the+other+side+of+the+mountain+1975, the+mother+2003, without+a+clue+1988, the+sign+of+four+2001, ever+since+the+world+ended+2001, domestic+disturbance+2001, gravity+2013, away+from+her+2006, atlas+shrugged+part+i+2011, 280 ms"
"2022-02-08T19:19:55.337029,157131,recommendation request 17645-team17.isri.cmu.edu:8082, status 200, result: lockout+2012, red+dawn+1984, frenzy+1972, true+crime+1996, courage+under+fire+1996, p.s.+2004, maze+2000, vision+quest+1985, a+little+princess+1995, haywire+2011, the+witches+of+eastwick+1987, patriot+games+1992, the+brothers+2001, winnie+the+pooh+2011, juice+1992, island+2011, the+incredible+hulk+2008, the+living+daylights+1987, crush+2001, breakdown+1997, 265 ms"
"2022-02-08T19:19:55.370341,130160,recommendation request 17645-team17.isri.cmu.edu:8082, status 200, result: cry+freedom+1987, sling+blade+1996, cookie+1989, frenzy+1972, american+gangster+2007, nighthawks+1981, the+island+1980, wake+of+death+2004, the+yakuza+1974, still+bill+2010, hackers+1995, the+mighty+1998, changing+lanes+2002, juice+1992, island+2011, proof+2005, the+living+daylights+1987, scarface+1932, 10th++wolf+2006, hopscotch+1980, 288 ms"
"2022-02-08T19:19:56.379667,238333,recommendation request 17645-team17.isri.cmu.edu:8082, status 200, result: out+of+sight+1998, life+is+beautiful+1997, sullivans+travels+1941, the+five+senses+1999, definitely_+maybe+2008, the+proprietor+1996, return+of+the+fly+1959, last+holiday+2006, family+plot+1976, frenzy+1972, crossroads+2002, carnosaur+2+1995, light+it+up+1999, without+a+paddle+2004, made+in+u.s.a+1966, johnny+english+2003, excision+2012, juice+1992, crush+2001, from+the+hip+1987, 330 ms"
"2022-02-08T19:19:56.397422,123935,recommendation request 17645-team17.isri.cmu.edu:8082, status 200, result: the+cat+in+the+hat+2003, switchback+1997, ed+1996, little+secrets+2001, one+little+indian+1973, birdy+1984, casper+1995, moving+1988, c.h.o.m.p.s.+1979, the+yakuza+1974, patriot+games+1992, how+the+grinch+stole+christmas+2000, for+keeps+1988, free+willy+3+the+rescue+1997, shes+having+a+baby+1988, juice+1992, breakdown+1997, hook+1991, the+man+who+knew+too+much+1956, 10th++wolf+2006, 332 ms"
"2022-02-08T19:19:57.388853,116171,recommendation request 17645-team17.isri.cmu.edu:8082, status 200, result: shampoo+1975, the+cat+in+the+hat+2003, love+jones+1997, man+of+the+year+2006, melody+time+1948, ed+1996, p.s.+2004, walle+2008, the+wash+2001, maze+2000, the+aristocats+1970, the+pompatus+of+love+1996, nims+island+2008, the+brothers+mcmullen+1995, one+man+band+2005, saludos+amigos+1942, the+brothers+2001, how+the+grinch+stole+christmas+2000, shes+having+a+baby+1988, crush+2001, 263 ms"
"2022-02-08T19:19:58.384668,118516,recommendation request 17645-team17.isri.cmu.edu:8082, status 200, result: rollerball+1975, barbershop+2002, in+the+line+of+fire+1993, a+family+thing+1996, ice+castles+1978, in+too+deep+1999, another+thin+man+1939, harry+and+tonto+1974, planet+of+the+apes+2001, junebug+2005, from+here+to+eternity+1953, my+one+and+only+2009, today+you+die+2005, babes+in+toyland+1934, bulletproof+1996, old+gringo+1989, the+allnighter+1987, dopamine+2003, divergent+2014, brown+sugar+2002, 318 ms"
"2022-02-08T19:19:58.378239,205310,recommendation request 17645-team17.isri.cmu.edu:8082, status 200, result: melody+time+1948, mary+poppins+1964, the+last+of+the+mohicans+1992, the+longest+day+1962, p.s.+2004, big+hero+6+2014, maze+2000, edward+scissorhands+1990, the+aristocats+1970, in+the+line+of+fire+1993, 633+squadron+1964, father+of+the+bride+1991, gumby+the+movie+1995, splash+1984, the+verdict+1982, saludos+amigos+1942, the+brothers+2001, murphys+romance+1985, crush+2001, ali+2001, 293 ms"
"2022-02-08T19:19:58.419499,127521,recommendation request 17645-team17.isri.cmu.edu:8082, status 200, result: the+perfect+score+2004, cry+freedom+1987, rollerball+1975, switchback+1997, the+longest+day+1962, star+wars+episode+iii+-+revenge+of+the+sith+2005, frenzy+1972, deep+rising+1998, lethal+weapon+3+1992, incognito+1997, vision+quest+1985, a+little+princess+1995, dick+tracy+1990, lifeboat+1944, grand+illusion+1937, apocalypto+2006, the+witches+of+eastwick+1987, planet+of+the+apes+2001, gone+in+sixty+seconds+2000, the+longest+yard+1974, 391 ms"
"2022-02-08T19:19:59.513320,230809,recommendation request 17645-team17.isri.cmu.edu:8082, status 200, result: sleepers+1996, robot+stories+2003, the+longest+day+1962, the+dresser+1983, cazuza+time+doesnt+stop+2004, easy+come_+easy+go+1967, a+goofy+movie+1995, nothing+to+lose+1994, the+other+side+of+the+mountain+1975, behind+the+sun+2001, snow+dogs+2002, lifeboat+1944, grand+illusion+1937, fulltime+killer+2001, in+too+deep+1999, albatross+2011, hackers+1995, cars+2+2011, shes+having+a+baby+1988, in+harms+way+1965, 399 ms"
"2022-02-08T19:19:59.528752,249669,recommendation request 17645-team17.isri.cmu.edu:8082, status 200, result: the+perfect+score+2004, curdled+1996, nothing+but+trouble+1991, the+conspiracy+2012, family+plot+1976, cazuza+time+doesnt+stop+2004, true+crime+1996, hollow+man+2000, identity+2003, nothing+to+lose+1994, mackennas+gold+1969, behind+the+sun+2001, in+the+line+of+fire+1993, detective+story+1951, national+lampoons+vacation+1983, company+man+2000, macabre+1958, junebug+2005, body+double+1984, return+to+the+blue+lagoon+1991, 388 ms"
"2022-02-08T19:19:59.568344,267055,recommendation request 17645-team17.isri.cmu.edu:8082, status 200, result: drop+zone+1994, six+pack+1982, 8+seconds+1994, major+league+ii+1994, p.s.+2004, all+the+mornings+of+the+world+1991, maze+2000, a+family+thing+1996, moving+1988, harry+and+tonto+1974, the+saint+1997, lady+chatterley+2006, the+brothers+2001, a+man+and+a+woman+1966, full+speed+1996, desk+set+1957, out+to+sea+1997, changing+lanes+2002, crush+2001, untitled+2009, 413 ms"
"2022-02-08T19:19:59.583667,276672,recommendation request 17645-team17.isri.cmu.edu:8082, status 200, result: barbershop+2002, the+dresser+1983, oh_+god+1977, a+very+harold++kumar+christmas+2011, p.s.+2004, son+of+the+mask+2005, the+other+side+of+the+mountain+1975, maze+2000, caveman+1981, forrest+gump+1994, another+thin+man+1939, moving+1988, the+witches+of+eastwick+1987, the+brothers+2001, albatross+2011, an+education+2009, junebug+2005, shes+having+a+baby+1988, crush+2001, six+weeks+1982, 355 ms"
"2022-02-08T19:20:00.443438,170370,recommendation request 17645-team17.isri.cmu.edu:8082, status 200, result: eyewitness+1981, drop+zone+1994, election+2+2006, the+house+of+yes+1997, my+life+without+me+2003, parking+2008, nothing+to+lose+1994, without+a+paddle+2004, inception+2010, pitch+black+2000, phoenix+1998, wake+of+death+2004, albatross+2011, full+speed+1996, the+mighty+1998, live+flesh+1997, changing+lanes+2002, six+weeks+1982, hopscotch+1980, spasmo+1974, 385 ms"
"2022-02-08T19:20:01.417270,197638,recommendation request 17645-team17.isri.cmu.edu:8082, status 200, result: eyewitness+1981, rollerball+1975, lockout+2012, frenzy+1972, missing+1982, mystery_+alaska+1999, lethal+weapon+3+1992, code+of+silence+1985, haywire+2011, the+letter+1940, one+eight+seven+1997, guilty+as+sin+1993, paparazzi+2004, the+yakuza+1974, the+client+1994, phoenix+1998, on+deadly+ground+1994, island+2011, the+hot+spot+1990, predator+1987, 302 ms"
"2022-02-08T19:20:01.447111,230288,recommendation request 17645-team17.isri.cmu.edu:8082, status 200, result: the+longest+day+1962, 8+seconds+1994, book+of+shadows+blair+witch+2+2000, p.s.+2004, all+the+mornings+of+the+world+1991, brimstone++treacle+1982, maze+2000, flashdance+1983, man+with+the+screaming+brain+2005, lifeboat+1944, forrest+gump+1994, grand+illusion+1937, in+too+deep+1999, phoenix+1998, lady+chatterley+2006, the+brothers+2001, a+man+and+a+woman+1966, full+speed+1996, junebug+2005, shes+having+a+baby+1988, 336 ms"
"2022-02-08T19:20:01.470338,285434,recommendation request 17645-team17.isri.cmu.edu:8082, status 200, result: cry+freedom+1987, bossa+nova+2000, about+last+night...+1986, the+million+dollar+hotel+2000, the+gauntlet+1977, paths+of+glory+1957, the+other+side+of+the+mountain+1975, the+way+2010, birdy+1984, lifeboat+1944, pompeii+2014, the+great+escape+1963, the+reader+2008, white+palace+1990, junebug+2005, look+whos+talking+too+1990, murphys+romance+1985, side+out+1990, three+fugitives+1989, hopscotch+1980, 331 ms"
"2022-02-08T19:20:02.436776,284062,recommendation request 17645-team17.isri.cmu.edu:8082, status 200, result: rollerball+1975, six+pack+1982, lockout+2012, a+goofy+movie+1995, red+dawn+1984, a+family+thing+1996, freaky+friday+1976, haywire+2011, harry+and+tonto+1974, planet+of+the+apes+2001, winnie+the+pooh+2011, shes+having+a+baby+1988, the+living+daylights+1987, the+incredible+hulk+2008, above+the+law+1988, the+emperors+new+groove+2000, ratatouille+2007, shrek+the+third+2007, fire+down+below+1997, beyond+the+poseidon+adventure+1979, 352 ms"
"2022-02-08T19:20:02.445981,64150,recommendation request 17645-team17.isri.cmu.edu:8082, status 200, result: crush+1992, hangin+with+the+homeboys+1991, 8+seconds+1994, nine+lives+2005, frenzy+1972, the+other+side+of+the+mountain+1975, that+was+then...+this+is+now+1985, the+mother+2003, the+andromeda+strain+1971, the+lookout+2007, psycho+1998, a+shock+to+the+system+1990, clockwatchers+1997, away+from+her+2006, sonny+2002, the+juror+1996, ali+2001, the+women+2008, faithful+1996, spasmo+1974, 359 ms"
"2022-02-08T19:20:02.497688,130980,recommendation request 17645-team17.isri.cmu.edu:8082, status 200, result: drop+zone+1994, rollerball+1975, cry+freedom+1987, the+house+of+yes+1997, leaving+normal+1992, cookie+1989, show+boat+1951, without+a+paddle+2004, a+little+princess+1995, bachelor+in+paradise+1961, the+letter+1940, love+crazy+1941, wake+of+death+2004, planet+of+the+apes+2001, working+girl+1988, the+mighty+1998, on+the+town+1949, changing+lanes+2002, m.+butterfly+1993, millions+2005, 393 ms"
"2022-02-08T19:20:03.467923,296210,recommendation request 17645-team17.isri.cmu.edu:8082, status 200, result: eyewitness+1981, curdled+1996, and+now...+ladies+and+gentlemen...+2002, dark+city+1950, major+league+ii+1994, p.s.+2004, carnosaur+2+1995, the+other+side+of+the+mountain+1975, maze+2000, moving+1988, wake+of+death+2004, sanjuro+1962, gone+in+sixty+seconds+2000, the+brothers+2001, the+matrix+revolutions+2003, modesty+blaise+1966, the+hitch-hiker+1953, juice+1992, mobsters+1991, the+living+daylights+1987, 427 ms"
"2022-02-08T19:20:03.491011,195966,recommendation request 17645-team17.isri.cmu.edu:8082, status 200, result: replicant+2001, cry+freedom+1987, shaft+in+africa+1973, warriors+2002, snow+dogs+2002, in+the+line+of+fire+1993, freaky+friday+1976, 42nd+street+1933, on+moonlight+bay+1951, nims+island+2008, lifeboat+1944, moving+1988, harry+and+tonto+1974, the+verdict+1982, dead+reckoning+1947, even+the+rain+2010, holy+motors+2012, malice+1993, junebug+2005, hook+1991, 435 ms"
"2022-02-08T19:20:03.505925,240933,recommendation request 17645-team17.isri.cmu.edu:8082, status 200, result: eyewitness+1981, nothing+but+trouble+1991, raging+bull+1980, lethal+weapon+3+1992, analyze+this+1999, a+family+thing+1996, detective+story+1951, inception+2010, chronicle+2012, moving+1988, national+lampoons+vacation+1983, albatross+2011, the+matrix+revolutions+2003, the+brave+one+2007, above+the+law+1988, predator+1987, jennifer+eight+1992, down+in+the+delta+1998, fire+down+below+1997, edge+of+tomorrow+2014, 438 ms"
"2022-02-08T19:20:03.537639,153320,recommendation request 17645-team17.isri.cmu.edu:8082, status 200, result: remember+me+2010, can-can+1960, the+theory+of+everything+2014, the+five+senses+1999, circus+2000, scarface+1983, five+times+two+2004, beyond+the+clouds+1995, gilda+1946, killing+zoe+1993, frantic+1988, sleeping+with+the+enemy+1991, mobsters+1991, love+affair+1939, elsewhere+2009, people+will+talk+1951, dark+passage+1947, get+the+gringo+2012, come+see+the+paradise+1990, identification+of+a+woman+1982, 463 ms"
"2022-02-08T19:20:04.372556,153912,recommendation request 17645-team17.isri.cmu.edu:8082, status 200, result: eyewitness+1981, rollerball+1975, the+amazing+spider-man+2012, the+other+side+of+the+mountain+1975, spirit+stallion+of+the+cimarron+2002, prince+of+persia+the+sands+of+time+2010, iris+2001, steel+1997, planet+of+the+apes+2001, a+patch+of+blue+1965, romeo+and+juliet+1936, the+fury+1978, h.m.+pulham_+esq.+1941, today+you+die+2005, shrek+the+third+2007, get+real+1998, beyond+the+poseidon+adventure+1979, divergent+2014, the+substitute+1996, l.i.e.+2001, 363 ms"
"2022-02-08T19:20:04.334352,273901,recommendation request 17645-team17.isri.cmu.edu:8082, status 200, result: eyewitness+1981, the+five+senses+1999, rollerball+1975, lockout+2012, raging+bull+1980, the+conspiracy+2012, childs+play+3+1991, star+wars+episode+iii+-+revenge+of+the+sith+2005, detective+story+1951, casper+1995, psycho+1998, haywire+2011, planet+of+the+apes+2001, jaws+3-d+1983, the+serpent+and+the+rainbow+1988, the+incredible+hulk+2008, hook+1991, above+the+law+1988, cry_wolf+2005, today+you+die+2005, 330 ms"
"2022-02-08T19:20:04.443895,296,recommendation request 17645-team17.isri.cmu.edu:8082, status 200, result: switchback+1997, six+pack+1982, frenzy+1972, true+crime+1996, fathers+little+dividend+1951, edward+scissorhands+1990, a+time+to+kill+1996, without+a+paddle+2004, a+family+thing+1996, code+of+silence+1985, bachelor+in+paradise+1961, the+verdict+1982, love+crazy+1941, harry+and+tonto+1974, masterminds+1997, money+train+1995, the+yakuza+1974, gone+in+sixty+seconds+2000, phoenix+1998, on+the+town+1949, 418 ms"
"2022-02-08T19:20:04.451712,289548,recommendation request 17645-team17.isri.cmu.edu:8082, status 200, result: ed+1996, the+proprietor+1996, the+snowman+1982, true+crime+1996, how+i+won+the+war+1967, streets+of+fire+1984, in+the+line+of+fire+1993, lifeboat+1944, nims+island+2008, casper+1995, oz+the+great+and+powerful+2013, masterminds+1997, platoon+1986, jurassic+park+1993, the+comancheros+1961, in+harms+way+1965, mobsters+1991, burnt+offerings+1976, hook+1991, hopscotch+1980, 418 ms"
"2022-02-08T19:20:05.428874,290908,recommendation request 17645-team17.isri.cmu.edu:8082, status 200, result: elite+squad+2007, wreck-it+ralph+2012, melody+time+1948, 8+seconds+1994, the+amazing+spider-man+2012, the+golden+voyage+of+sinbad+1973, a+goofy+movie+1995, p.s.+2004, nothing+to+lose+1994, shottas+2002, code+of+silence+1985, light+it+up+1999, maze+2000, dont+tell+her+its+me+1990, saludos+amigos+1942, the+brothers+2001, opportunity+knocks+1990, crush+2001, the+women+2008, quartet+1981, 289 ms"
"2022-02-08T19:20:05.465530,105974,recommendation request 17645-team17.isri.cmu.edu:8082, status 200, result: drop+zone+1994, rollerball+1975, six+pack+1982, lockout+2012, ed+1996, the+dirty+dozen+next+mission+1985, spirit+stallion+of+the+cimarron+2002, a+family+thing+1996, freaky+friday+1976, casper+1995, haywire+2011, harry+and+tonto+1974, the+island+1980, the+saint+1997, kull+the+conqueror+1997, changing+lanes+2002, the+incredible+hulk+2008, king+kong+lives+1986, hook+1991, chicken+little+2005, 340 ms"
"2022-02-08T19:20:06.345723,69660,recommendation request 17645-team17.isri.cmu.edu:8082, status 200, result: eyewitness+1981, the+last+of+the+mohicans+1992, punchline+1988, city+slickers+1991, p.s.+2004, frenzy+1972, son+of+the+mask+2005, true+crime+1996, barbarosa+1982, maze+2000, forrest+gump+1994, bad+girls+1994, love+story+1970, patriot+games+1992, topper+1937, the+brothers+2001, for+keeps+1988, shes+having+a+baby+1988, geronimo+an+american+legend+1993, crush+2001, 322 ms"
"2022-02-08T19:20:06.534713,299159,recommendation request 17645-team17.isri.cmu.edu:8082, status 200, result: gleaming+the+cube+1989, cry+freedom+1987, drop+zone+1994, the+avengers+1998, punchline+1988, city+slickers+1991, barbarosa+1982, incognito+1997, without+a+paddle+2004, 42nd+street+1933, prince+of+persia+the+sands+of+time+2010, bad+girls+1994, grand+canyon+1991, the+verdict+1982, the+island+1980, analyze+that+2002, changing+lanes+2002, geronimo+an+american+legend+1993, the+brave+one+2007, conan+the+barbarian+1982, 491 ms"
"2022-02-08T19:20:06.670442,218589,recommendation request 17645-team17.isri.cmu.edu:8082, status 200, result: the+perfect+score+2004, shampoo+1975, definitely_+maybe+2008, six+pack+1982, notting+hill+1999, p.s.+2004, loving+you+1957, maze+2000, a+christmas+carol+2009, cabin+boy+1994, forrest+gump+1994, random+hearts+1999, iris+2001, the+brothers+2001, my+beautiful+laundrette+1985, the+longest+yard+1974, beyond+the+sea+2004, crush+2001, texasville+1990, help+1965, 606 ms"
"2022-02-08T19:20:06.664274,193354,recommendation request 17645-team17.isri.cmu.edu:8082, status 200, result: p.s.+2004, nothing+to+lose+1994, maze+2000, lethal+weapon+3+1992, birdy+1984, ice+castles+1978, pompeii+2014, the+island+1980, harem+1985, dead+presidents+1995, albatross+2011, juice+1992, crush+2001, eight+men+out+1988, singham+2011, knockout+2000, down+in+the+delta+1998, no+mercy+1986, beyond+the+poseidon+adventure+1979, the+adventures+of+huck+finn+1993, 617 ms"
"2022-02-08T19:20:06.670592,1634,recommendation request 17645-team17.isri.cmu.edu:8082, status 200, result: arranged+2007, barbershop+2002, rollerball+1975, the+longest+day+1962, p.s.+2004, lifeboat+1944, dick+tracy+1990, grand+illusion+1937, big+trouble+2002, another+thin+man+1939, apocalypto+2006, masterminds+1997, blood_+guts_+bullets+and+octane+1998, the+saint+1997, planet+of+the+apes+2001, in+harms+way+1965, veronica+guerin+2003, heartbreakers+2001, 7+seconds+2005, starship+troopers+1997, 616 ms"
"2022-02-08T19:20:06.684976,69364,recommendation request 17645-team17.isri.cmu.edu:8082, status 200, result: rollerball+1975, the+gauntlet+1977, star+wars+episode+iii+-+revenge+of+the+sith+2005, hostile+intentions+1995, p.s.+2004, maze+2000, the+brothers+mcmullen+1995, dick+tracy+1990, 42nd+street+1933, silver+city+2004, paparazzi+2004, planet+of+the+apes+2001, the+brothers+2001, junebug+2005, crush+2001, the+brave+one+2007, island+2011, above+the+law+1988, juno+2007, my+one+and+only+2009, 631 ms"
"2022-02-08T19:20:07.500328,98881,recommendation request 17645-team17.isri.cmu.edu:8082, status 200, result: top+secret+1984, my+man+godfrey+1957, ed+1996, doc+hollywood+1991, mystery_+alaska+1999, the+addams+family+1991, freaky+friday+1976, a+little+princess+1995, moving+1988, the+wizard+1989, junebug+2005, have+rocket_+will+travel+1959, the+three+stooges+in+orbit+1962, my+one+and+only+2009, holiday+1938, benji+1974, d.a.r.y.l.+1985, dopamine+2003, blame+it+on+the+bellboy+1992, bring+it+on+again+2004, 417 ms"
"2022-02-08T19:20:07.769596,17893,recommendation request 17645-team17.isri.cmu.edu:8082, status 200, result: cry+freedom+1987, arranged+2007, forbidden+zone+1980, rollerball+1975, raging+bull+1980, p.s.+2004, a+family+thing+1996, in+the+line+of+fire+1993, the+woman+2011, planet+of+the+apes+2001, albatross+2011, junebug+2005, remember+the+night+1940, shes+out+of+my+league+2010, an+american+carol+2008, my+one+and+only+2009, jennifer+eight+1992, airport+1975+1974, down+in+the+delta+1998, gung+ho+1986, 638 ms"
"2022-02-08T19:20:07.769658,243732,recommendation request 17645-team17.isri.cmu.edu:8082, status 200, result: bill+cosby+himself+1983, broken+embraces+2009, the+dresser+1983, the+errand+boy+1961, the+brother+from+another+planet+1984, detective+story+1951, nine+queens+2000, cabin+boy+1994, one+eight+seven+1997, phoenix+1998, albatross+2011, the+truman+show+1998, touch+of+evil+1958, the+juror+1996, ali+2001, six+weeks+1982, beyond+therapy+1987, dark+passage+1947, jennifer+eight+1992, the+lady+from+shanghai+1947, 681 ms"
"2022-02-08T19:20:07.773597,77161,recommendation request 17645-team17.isri.cmu.edu:8082, status 200, result: cry+freedom+1987, dark+city+1950, intersection+1994, the+last+of+the+mohicans+1992, doc+hollywood+1991, frenzy+1972, loving+you+1957, p.s.+2004, american+gangster+2007, the+pompatus+of+love+1996, moving+1988, for+keeps+1988, serial+1980, junebug+2005, out+to+sea+1997, from+here+to+eternity+1953, mr.+jealousy+1997, side+out+1990, a+place+in+the+sun+1951, my+one+and+only+2009, 675 ms"
"2022-02-08T19:20:07.773851,182905,recommendation request 17645-team17.isri.cmu.edu:8082, status 200, result: the+perfect+score+2004, the+conspiracy+2012, the+other+side+of+the+mountain+1975, detective+story+1951, ice+castles+1978, nighthawks+1981, phoenix+1998, macabre+1958, the+longest+yard+1974, the+comancheros+1961, juice+1992, the+hot+spot+1990, from+here+to+eternity+1953, ali+2001, the+nuns+story+1959, burnt+offerings+1976, the+loves+of+carmen+1948, lilians+story+1996, they+made+me+a+criminal+1939, the+naked+gun+2+the+smell+of+fear+1991, 627 ms"
"2022-02-08T19:20:08.508945,223618,recommendation request 17645-team17.isri.cmu.edu:8082, status 200, result: curdled+1996, lockout+2012, red+dawn+1984, frenzy+1972, true+crime+1996, vision+quest+1985, a+little+princess+1995, haywire+2011, the+witches+of+eastwick+1987, guilty+as+sin+1993, patriot+games+1992, the+hitch-hiker+1953, juice+1992, the+living+daylights+1987, the+incredible+hulk+2008, mobsters+1991, breakdown+1997, above+the+law+1988, spasmo+1974, they+made+me+a+criminal+1939, 410 ms"
"2022-02-08T19:20:08.525657,242401,recommendation request 17645-team17.isri.cmu.edu:8082, status 200, result: about+last+night...+1986, p.s.+2004, maze+2000, a+time+to+kill+1996, detective+story+1951, moving+1988, a+shock+to+the+system+1990, the+yakuza+1974, the+client+1994, the+brothers+2001, junebug+2005, touch+of+evil+1958, crush+2001, the+juror+1996, side+out+1990, dark+passage+1947, my+one+and+only+2009, jennifer+eight+1992, they+made+me+a+criminal+1939, the+survivors+1983, 417 ms"
"2022-02-08T19:20:08.677959,191425,recommendation request 17645-team17.isri.cmu.edu:8082, status 200, result: the+perfect+score+2004, eyewitness+1981, switchback+1997, bon+cop+bad+cop+2006, six+pack+1982, a+goofy+movie+1995, a+family+thing+1996, freaky+friday+1976, harry+and+tonto+1974, guilty+as+sin+1993, patriot+games+1992, shes+having+a+baby+1988, juice+1992, the+incredible+hulk+2008, breakdown+1997, the+man+who+knew+too+much+1956, hopscotch+1980, the+emperors+new+groove+2000, today+you+die+2005, ratatouille+2007, 555 ms"
"2022-02-08T19:20:08.670918,227530,recommendation request 17645-team17.isri.cmu.edu:8082, status 200, result: shampoo+1975, punchline+1988, 8+seconds+1994, last+holiday+2006, dont+move+2004, the+other+side+of+the+mountain+1975, maze+2000, light+it+up+1999, all+the+mornings+of+the+world+1991, birdy+1984, the+letter+1940, harem+1985, malice+1993, lady+chatterley+2006, a+man+and+a+woman+1966, full+speed+1996, crush+2001, m.+butterfly+1993, side+out+1990, eight+men+out+1988, 555 ms"
"2022-02-08T19:20:08.684725,93773,recommendation request 17645-team17.isri.cmu.edu:8082, status 200, result: the+perfect+score+2004, cry+freedom+1987, rollerball+1975, bon+cop+bad+cop+2006, the+proprietor+1996, return+of+the+fly+1959, carnosaur+2+1995, maze+2000, edward+scissorhands+1990, once+bitten+1985, z+1969, lifeboat+1944, ice+castles+1978, the+verdict+1982, where+the+heart+is+2000, private+parts+1972, the+poughkeepsie+tapes+2007, waiting+to+exhale+1995, crush+2001, from+here+to+eternity+1953, 572 ms"
"2022-02-08T19:20:09.513278,165702,recommendation request 17645-team17.isri.cmu.edu:8082, status 200, result: curdled+1996, cry+freedom+1987, the+new+age+1994, circus+2000, that+was+then...+this+is+now+1985, never+again+2002, a+time+to+kill+1996, father+of+the+bride+1991, the+lookout+2007, splash+1984, shopping+1994, a+beautiful+mind+2001, the+yakuza+1974, the+client+1994, gravity+2013, s.w.a.t.+2003, frantic+1988, the+hitch-hiker+1953, sleeping+with+the+enemy+1991, mobsters+1991, 427 ms"
"2022-02-08T19:20:09.509800,19815,recommendation request 17645-team17.isri.cmu.edu:8082, status 200, result: the+cat+in+the+hat+2003, rollerball+1975, bossa+nova+2000, ed+1996, p.s.+2004, the+wash+2001, gods+not+dead+2014, the+way+2010, nims+island+2008, the+island+1980, how+the+grinch+stole+christmas+2000, kull+the+conqueror+1997, juice+1992, the+incredible+hulk+2008, hook+1991, they+made+me+a+criminal+1939, the+survivors+1983, the+program+1993, the+allnighter+1987, back+to+the+future+part+ii+1989, 434 ms"
"2022-02-08T19:20:09.532795,249754,recommendation request 17645-team17.isri.cmu.edu:8082, status 200, result: mickeys+once+upon+a+christmas+1999, rollerball+1975, mary+poppins+1964, lockout+2012, red+dawn+1984, the+addams+family+1991, freaky+friday+1976, gumby+the+movie+1995, haywire+2011, guilty+as+sin+1993, planet+of+the+apes+2001, patriot+games+1992, shes+having+a+baby+1988, juice+1992, the+living+daylights+1987, the+incredible+hulk+2008, breakdown+1997, above+the+law+1988, ratatouille+2007, a+christmas+carol+1984, 398 ms"
"2022-02-08T19:20:09.532750,28796,recommendation request 17645-team17.isri.cmu.edu:8082, status 200, result: toys+1992, rollerball+1975, top+secret+1984, murder+by+numbers+2002, heart+condition+1990, star+wars+episode+iii+-+revenge+of+the+sith+2005, frenzy+1972, the+addams+family+1991, in+the+line+of+fire+1993, star+trek+insurrection+1998, a+little+princess+1995, misery+1990, dead+reckoning+1947, planet+of+the+apes+2001, malice+1993, gordy+1995, have+rocket_+will+travel+1959, the+three+stooges+in+orbit+1962, the+two+jakes+1990, double+indemnity+1944, 439 ms"
"2022-02-08T19:20:09.599540,91469,recommendation request 17645-team17.isri.cmu.edu:8082, status 200, result: drop+zone+1994, criminal+law+1988, bill+cosby+himself+1983, sleepers+1996, rollerball+1975, the+other+side+of+the+mountain+1975, without+a+paddle+2004, detective+story+1951, fulltime+killer+2001, in+too+deep+1999, wake+of+death+2004, planet+of+the+apes+2001, the+client+1994, patriot+games+1992, hackers+1995, the+truman+show+1998, changing+lanes+2002, an+education+2009, juice+1992, mighty+aphrodite+1995, 540 ms"
"2022-02-08T19:20:10.485111,191868,recommendation request 17645-team17.isri.cmu.edu:8082, status 200, result: robot+stories+2003, intersection+1994, ed+1996, family+plot+1976, p.s.+2004, sling+blade+1996, loving+you+1957, the+wash+2001, brimstone++treacle+1982, analyze+this+1999, northfork+2003, nims+island+2008, casper+1995, paintball+2009, moving+1988, the+blue+max+1966, planet+of+the+apes+2001, beneath+the+planet+of+the+apes+1970, the+mighty+1998, serial+1980, 423 ms"
"2022-02-08T19:20:10.472679,55102,recommendation request 17645-team17.isri.cmu.edu:8082, status 200, result: american+virgin+2000, wreck-it+ralph+2012, nothing+but+trouble+1991, about+last+night...+1986, intersection+1994, the+house+of+yes+1997, p.s.+2004, a+goofy+movie+1995, loving+you+1957, maze+2000, the+aristocats+1970, a+family+thing+1996, he+died+with+a+felafel+in+his+hand+2001, nims+island+2008, the+brothers+mcmullen+1995, moving+1988, national+lampoons+vacation+1983, i+am+a+sex+addict+2005, the+mighty+1998, hollywood+sex+wars+2011, 415 ms"
"2022-02-08T19:20:11.377419,257028,recommendation request 17645-team17.isri.cmu.edu:8082, status 200, result: the+perfect+score+2004, eyewitness+1981, cry+freedom+1987, mickeys+once+upon+a+christmas+1999, bon+cop+bad+cop+2006, six+pack+1982, red+dawn+1984, light+it+up+1999, gumby+the+movie+1995, the+verdict+1982, have+rocket_+will+travel+1959, the+incredible+hulk+2008, the+living+daylights+1987, the+three+stooges+in+orbit+1962, above+the+law+1988, hopscotch+1980, today+you+die+2005, ratatouille+2007, holiday+1938, a+christmas+carol+1984, 286 ms"
"2022-02-08T19:20:11.346541,285318,recommendation request 17645-team17.isri.cmu.edu:8082, status 200, result: drop+zone+1994, the+conspiracy+2012, childs+play+3+1991, doc+hollywood+1991, rambo+first+blood+part+ii+1985, dick+tracy+1990, psycho+1998, moving+1988, the+saint+1997, coffy+1973, jaws+3-d+1983, the+matrix+revolutions+2003, the+serpent+and+the+rainbow+1988, junebug+2005, changing+lanes+2002, the+brave+one+2007, cry_wolf+2005, my+one+and+only+2009, today+you+die+2005, last+man+standing+1996, 282 ms"
"2022-02-08T19:20:12.566607,23912,recommendation request 17645-team17.isri.cmu.edu:8082, status 200, result: switchback+1997, bossa+nova+2000, capricorn+one+1977, a+goofy+movie+1995, sleeping+beauty+1959, lethal+weapon+3+1992, the+way+2010, freaky+friday+1976, dick+tracy+1990, chronicle+2012, gumby+the+movie+1995, paparazzi+2004, lionheart+1990, beneath+the+planet+of+the+apes+1970, winnie+the+pooh+2011, island+2011, tough+guys+1986, bingo+1991, rushmore+1998, airport+1975+1974, 478 ms"
"2022-02-08T19:20:12.578716,77303,recommendation request 17645-team17.isri.cmu.edu:8082, status 200, result: deceived+1991, d-tox+2002, rapid+fire+1992, invasion+u.s.a.+1985, d.o.a.+1988, big+trouble+2002, another+stakeout+1993, paintball+2009, an+innocent+man+1989, gone+in+sixty+seconds+2000, last+dance+1996, chain+of+command+2000, ransom+1975, kickboxer+1989, in+hell+2003, made+2001, hummingbird+2013, the+village+2004, body+count+1998, mirage+1995, 463 ms"
"2022-02-08T19:20:12.647245,6500,recommendation request 17645-team17.isri.cmu.edu:8082, status 200, result: cry+freedom+1987, the+five+senses+1999, raging+bull+1980, ed+1996, family+plot+1976, red+dawn+1984, wintersleepers+1997, fuck+2005, die+weisse+rose+1982, four+brothers+2005, the+wizard+1989, the+matrix+revolutions+2003, shes+having+a+baby+1988, some+days+are+better+than+others+2011, the+brave+one+2007, outrage+2009, today+you+die+2005, the+soldier+1982, edge+of+tomorrow+2014, kicking++screaming+2005, 550 ms"
"2022-02-08T19:20:12.666660,7620,recommendation request 17645-team17.isri.cmu.edu:8082, status 200, result: white+men+cant+jump+1992, men+cry+bullets+1998, rio+bravo+1959, intersection+1994, raging+bull+1980, dreamgirls+2006, loving+you+1957, an+amazing+couple+2002, the+other+side+of+the+mountain+1975, fuck+2005, the+company+men+2010, holy+motors+2012, company+man+2000, dry+cleaning+1997, albatross+2011, junebug+2005, people+like+us+2012, mighty+aphrodite+1995, mobsters+1991, outrage+2009, 565 ms"
"2022-02-08T19:20:12.670421,241711,recommendation request 17645-team17.isri.cmu.edu:8082, status 200, result: rollerball+1975, the+conspiracy+2012, the+golden+voyage+of+sinbad+1973, star+wars+episode+iii+-+revenge+of+the+sith+2005, p.s.+2004, father+of+the+bride+1991, nims+island+2008, the+island+1980, wake+of+death+2004, 9+2005, topper+1937, planet+of+the+apes+2001, macabre+1958, the+house+on+sorority+row+1983, kull+the+conqueror+1997, the+living+daylights+1987, conan+the+barbarian+1982, from+here+to+eternity+1953, hook+1991, hopscotch+1980, 545 ms"
"2022-02-08T19:20:12.667407,111692,recommendation request 17645-team17.isri.cmu.edu:8082, status 200, result: dead+of+winter+1987, 8+seconds+1994, courage+under+fire+1996, the+other+side+of+the+mountain+1975, edward+scissorhands+1990, harry+and+tonto+1974, the+verdict+1982, apocalypto+2006, private+parts+1972, the+poughkeepsie+tapes+2007, gone+in+sixty+seconds+2000, full+speed+1996, junebug+2005, the+triumph+of+love+2001, an+education+2009, veronica+guerin+2003, island+2011, quartet+1981, blood+and+sand+1989, made+of+honor+2008, 548 ms"
"2022-02-08T19:20:13.513901,32077,recommendation request 17645-team17.isri.cmu.edu:8082, status 200, result: rollerball+1975, the+conspiracy+2012, return+of+the+fly+1959, star+wars+episode+iii+-+revenge+of+the+sith+2005, p.s.+2004, carnosaur+2+1995, light+it+up+1999, spirit+stallion+of+the+cimarron+2002, a+time+to+kill+1996, lethal+weapon+3+1992, nims+island+2008, dick+tracy+1990, wake+of+death+2004, planet+of+the+apes+2001, the+client+1994, on+deadly+ground+1994, the+living+daylights+1987, texasville+1990, hook+1991, hopscotch+1980, 480 ms"
"2022-02-08T19:20:13.603822,125872,recommendation request 17645-team17.isri.cmu.edu:8082, status 200, result: hamlet+2009, lucky+them+2013, good+2008, l.i.e.+2001, i+do+2013, that+was+then...+this+is+now+1985, harvest+1999, september+1987, beyond+rangoon+1995, hamlet+1948, is+anybody+there+2009, othello+1995, suburbia+1996, the+spitfire+grill+1996, joe+1970, albatross+2011, another+woman+1988, quinceaera+2006, manic+2001, down+in+the+delta+1998, 555 ms"
"2022-02-08T19:20:13.605804,173801,recommendation request 17645-team17.isri.cmu.edu:8082, status 200, result: rollerball+1975, bossa+nova+2000, the+five+senses+1999, and+now...+ladies+and+gentlemen...+2002, the+last+of+the+mohicans+1992, missing+1982, scorpio+1973, mystery_+alaska+1999, the+way+2010, dont+say+a+word+2001, the+letter+1940, one+eight+seven+1997, guilty+as+sin+1993, phoenix+1998, joy+ride+2001, the+comancheros+1961, island+2011, the+hot+spot+1990, burnt+offerings+1976, above+the+law+1988, 571 ms"
"2022-02-08T19:20:13.626114,27097,recommendation request 17645-team17.isri.cmu.edu:8082, status 200, result: eyewitness+1981, the+avengers+1998, the+gauntlet+1977, punchline+1988, city+slickers+1991, frenzy+1972, true+crime+1996, p.s.+2004, barbarosa+1982, maze+2000, code+of+silence+1985, a+family+thing+1996, forrest+gump+1994, bad+girls+1994, phoenix+1998, guilty+as+sin+1993, the+brothers+2001, on+deadly+ground+1994, shes+having+a+baby+1988, geronimo+an+american+legend+1993, 527 ms"
"2022-02-08T19:20:14.425340,27464,recommendation request 17645-team17.isri.cmu.edu:8082, status 200, result: drop+zone+1994, switchback+1997, man+of+the+year+2006, cry+freedom+1987, p.s.+2004, without+a+paddle+2004, in+the+line+of+fire+1993, bean+1997, the+island+1980, planet+of+the+apes+2001, the+wizard+1989, working+girl+1988, changing+lanes+2002, the+39+steps+2008, touch+of+evil+1958, island+2011, ali+2001, millions+2005, lone+star+1996, dark+passage+1947, 359 ms"
"2022-02-08T19:20:14.451331,35846,recommendation request 17645-team17.isri.cmu.edu:8082, status 200, result: curdled+1996, cry+freedom+1987, drop+zone+1994, forbidden+zone+1980, the+five+senses+1999, raging+bull+1980, p.s.+2004, the+other+side+of+the+mountain+1975, four+brothers+2005, white+palace+1990, touch+of+evil+1958, the+hitch-hiker+1953, mighty+aphrodite+1995, mobsters+1991, dark+passage+1947, an+american+carol+2008, holiday+1938, appointment+with+death+1988, the+allnighter+1987, get+real+1998, 395 ms"
"2022-02-08T19:20:14.442021,182012,recommendation request 17645-team17.isri.cmu.edu:8082, status 200, result: shampoo+1975, barbershop+2002, mary+poppins+1964, my+man+godfrey+1957, ed+1996, p.s.+2004, the+other+side+of+the+mountain+1975, 633+squadron+1964, a+christmas+carol+2009, father+of+the+bride+1991, lifeboat+1944, z+1969, grand+illusion+1937, freaky+friday+1976, another+thin+man+1939, heavens+gate+1980, random+hearts+1999, topper+1937, working+girl+1988, the+truman+show+1998, 355 ms"
"2022-02-08T19:20:15.425641,282477,recommendation request 17645-team17.isri.cmu.edu:8082, status 200, result: the+family+man+2000, aquamarine+2006, p.s.+2004, enough+2002, never+again+2002, the+last+minute+2001, lethal+weapon+3+1992, little+darlings+1980, nims+island+2008, dick+tracy+1990, clockwatchers+1997, blow+out+1981, fabled+2002, the+truman+show+1998, junebug+2005, diamond+men+2000, island+2011, remember+the+night+1940, hook+1991, mercy+2000, 333 ms"
"2022-02-08T19:20:15.437474,160879,recommendation request 17645-team17.isri.cmu.edu:8082, status 200, result: kissing+a+fool+1998, p.s.+2004, maze+2000, never+again+2002, little+darlings+1980, emma+2009, where+the+heart+is+2000, the+object+of+my+affection+1998, the+favor+1994, anastasia+1956, clockwatchers+1997, bulworth+1998, heartbeeps+1981, the+brothers+2001, the+truman+show+1998, junebug+2005, waiting+to+exhale+1995, dedication+2007, crush+2001, only+you+1994, 347 ms"
"2022-02-08T19:20:15.554369,221008,recommendation request 17645-team17.isri.cmu.edu:8082, status 200, result: cry+freedom+1987, drop+zone+1994, arranged+2007, sleepers+1996, major+league+ii+1994, red+dawn+1984, true+crime+1996, courage+under+fire+1996, incognito+1997, moving+1988, the+letter+1940, phoenix+1998, the+saint+1997, the+yakuza+1974, the+client+1994, running+scared+1986, changing+lanes+2002, island+2011, the+living+daylights+1987, above+the+law+1988, 464 ms"
"2022-02-08T19:20:15.575076,62387,recommendation request 17645-team17.isri.cmu.edu:8082, status 200, result: eyewitness+1981, cry+freedom+1987, mary+poppins+1964, p.s.+2004, rambo+first+blood+part+ii+1985, maze+2000, the+addams+family+1991, vision+quest+1985, freaky+friday+1976, a+little+princess+1995, the+witches+of+eastwick+1987, guilty+as+sin+1993, the+brothers+2001, crush+2001, hopscotch+1980, untitled+2009, today+you+die+2005, ratatouille+2007, no+mercy+1986, fire+down+below+1997, 480 ms"
"2022-02-08T19:20:15.631662,83383,recommendation request 17645-team17.isri.cmu.edu:8082, status 200, result: cry+freedom+1987, ed+1996, p.s.+2004, the+other+side+of+the+mountain+1975, maze+2000, barbarosa+1982, code+of+silence+1985, phoenix+1998, the+brothers+2001, an+education+2009, island+2011, crush+2001, the+hot+spot+1990, leprechaun+2+1994, eating+raoul+1982, appointment+with+death+1988, get+real+1998, bloomington+2010, happily+ever+after+2004, boy+a+2007, 527 ms"
"2022-02-08T19:20:15.636346,138981,recommendation request 17645-team17.isri.cmu.edu:8082, status 200, result: replicant+2001, sullivans+travels+1941, cry+freedom+1987, the+proprietor+1996, last+holiday+2006, red+dawn+1984, deep+rising+1998, lethal+weapon+3+1992, without+a+paddle+2004, z+1969, dick+tracy+1990, lifeboat+1944, the+matrix+revolutions+2003, the+brave+one+2007, the+nuns+story+1959, above+the+law+1988, dinoshark+2010, u-571+2000, bulletproof+1996, snakes+on+a+plane+2006, 533 ms"
"2022-02-08T19:20:16.414950,259491,recommendation request 17645-team17.isri.cmu.edu:8082, status 200, result: drop+zone+1994, rollerball+1975, robot+stories+2003, star+wars+episode+iii+-+revenge+of+the+sith+2005, p.s.+2004, frenzy+1972, true+crime+1996, without+a+paddle+2004, northfork+2003, wake+of+death+2004, planet+of+the+apes+2001, running+scared+1986, changing+lanes+2002, shes+having+a+baby+1988, the+incredible+hulk+2008, last+night+1998, hopscotch+1980, today+you+die+2005, spasmo+1974, they+made+me+a+criminal+1939, 375 ms"
"2022-02-08T19:20:16.401530,21450,recommendation request 17645-team17.isri.cmu.edu:8082, status 200, result: rollerball+1975, that+was+then...+this+is+now+1985, lethal+weapon+3+1992, gods+not+dead+2014, dick+tracy+1990, sonny+2002, redbelt+2008, synecdoche_+new+york+2008, metro+1997, alien+escape+1996, escape+from+the+planet+of+the+apes+1971, bulletproof+1996, the+signal+2007, the+program+1993, fire+down+below+1997, boy+a+2007, blow+2001, belly+1998, l.i.e.+2001, the+in-laws+1979, 346 ms"
"2022-02-08T19:20:17.386550,27749,recommendation request 17645-team17.isri.cmu.edu:8082, status 200, result: drop+zone+1994, rollerball+1975, the+snowman+1982, star+wars+episode+iii+-+revenge+of+the+sith+2005, p.s.+2004, the+warriors+way+2010, mystery_+alaska+1999, maze+2000, a+family+thing+1996, the+brothers+mcmullen+1995, where+the+heart+is+2000, phoenix+1998, the+saint+1997, planet+of+the+apes+2001, junebug+2005, changing+lanes+2002, waiting+to+exhale+1995, yours_+mine+and+ours+1968, crush+2001, conan+the+barbarian+1982, 263 ms"
"2022-02-08T19:20:17.505494,179856,recommendation request 17645-team17.isri.cmu.edu:8082, status 200, result: mickeys+once+upon+a+christmas+1999, rollerball+1975, star+wars+episode+iii+-+revenge+of+the+sith+2005, missing+1982, p.s.+2004, mystery_+alaska+1999, pauly+shore+is+dead+2003, lethal+weapon+3+1992, a+family+thing+1996, cabin+boy+1994, dick+tracy+1990, a+little+princess+1995, chicken+run+2000, masterminds+1997, one+eight+seven+1997, guilty+as+sin+1993, planet+of+the+apes+2001, yours_+mine+and+ours+1968, island+2011, blind+fury+1989, 313 ms"
"2022-02-08T19:20:18.339537,86652,recommendation request 17645-team17.isri.cmu.edu:8082, status 200, result: the+replacements+2000, oh_+god+1977, commandments+1997, p.s.+2004, once+around+1991, damn+yankees+1958, maze+2000, never+again+2002, emma+2009, disorderlies+1987, bogus+1996, the+four+seasons+1981, moving+1988, death+becomes+her+1992, numb+2007, the+brothers+2001, only+you+1994, dedication+2007, so+fine+1981, funny+farm+1988, 238 ms"
"2022-02-08T19:20:18.395785,43779,recommendation request 17645-team17.isri.cmu.edu:8082, status 200, result: shampoo+1975, the+cat+in+the+hat+2003, the+five+senses+1999, and+now...+ladies+and+gentlemen...+2002, my+man+godfrey+1957, punchline+1988, ed+1996, a+goofy+movie+1995, light+it+up+1999, american+gangster+2007, 42nd+street+1933, casper+1995, the+master+of+disguise+2002, c.h.o.m.p.s.+1979, almost+famous+2000, the+wizard+1989, how+the+grinch+stole+christmas+2000, jurassic+park+1993, junebug+2005, murphys+romance+1985, 299 ms"
"2022-02-08T19:20:18.501822,92777,recommendation request 17645-team17.isri.cmu.edu:8082, status 200, result: wreck-it+ralph+2012, rio+2+2014, paranorman+2012, horton+hears+a+who+2008, the+croods+2013, a+goofy+movie+1995, ice+age+the+meltdown+2006, the+aristocats+1970, the+last+minute+2001, one+hundred+and+one+dalmatians+1961, ice+age+2002, gaslight+1940, terrorvision+1986, the+x+files+1998, atlas+shrugged+part+i+2011, island+2011, up+2009, garfield+2004, ice+age+dawn+of+the+dinosaurs+2009, a+bugs+life+1998, 361 ms"
"2022-02-08T19:20:18.603739,263218,recommendation request 17645-team17.isri.cmu.edu:8082, status 200, result: rollerball+1975, six+pack+1982, lockout+2012, capricorn+one+1977, p.s.+2004, maze+2000, a+family+thing+1996, vision+quest+1985, a+little+princess+1995, chronicle+2012, haywire+2011, harry+and+tonto+1974, the+witches+of+eastwick+1987, paparazzi+2004, planet+of+the+apes+2001, the+brothers+2001, patriot+games+1992, winnie+the+pooh+2011, shes+having+a+baby+1988, juice+1992, 474 ms"
"2022-02-08T19:20:18.690191,95098,recommendation request 17645-team17.isri.cmu.edu:8082, status 200, result: drop+zone+1994, mickeys+once+upon+a+christmas+1999, edmond+2005, the+five+senses+1999, the+house+of+yes+1997, 8+seconds+1994, the+proprietor+1996, light+it+up+1999, in+the+line+of+fire+1993, the+company+men+2010, dick+tracy+1990, ice+castles+1978, chicken+run+2000, four+brothers+2005, albatross+2011, gravity+2013, the+mighty+1998, changing+lanes+2002, veronica+guerin+2003, juice+1992, 582 ms"
"2022-02-08T19:20:18.702804,167610,recommendation request 17645-team17.isri.cmu.edu:8082, status 200, result: eyewitness+1981, drop+zone+1994, barbershop+2002, about+last+night...+1986, doc+hollywood+1991, p.s.+2004, courage+under+fire+1996, maze+2000, without+a+paddle+2004, freaky+friday+1976, in+the+line+of+fire+1993, dollars+1971, another+thin+man+1939, moving+1988, harry+and+tonto+1974, wake+of+death+2004, beyond+the+sea+2004, junebug+2005, changing+lanes+2002, bottle+rocket+1996, 566 ms"
"2022-02-08T19:20:18.705212,287140,recommendation request 17645-team17.isri.cmu.edu:8082, status 200, result: the+number+23+2007, cry+freedom+1987, forbidden+zone+1980, robot+stories+2003, missing+1982, p.s.+2004, mystery_+alaska+1999, the+virgin+suicides+1999, paul+2011, the+last+legion+2007, in+too+deep+1999, the+fog+2005, one+eight+seven+1997, guilty+as+sin+1993, the+island+1980, for+keeps+1988, unforgiven+1992, evil+dead+ii+1987, kull+the+conqueror+1997, island+2011, 562 ms"
"2022-02-08T19:20:19.356382,147858,recommendation request 17645-team17.isri.cmu.edu:8082, status 200, result: barbershop+2002, werewolves+on+wheels+1971, mary+poppins+1964, the+conspiracy+2012, notting+hill+1999, p.s.+2004, light+it+up+1999, lethal+weapon+3+1992, maze+2000, freaky+friday+1976, dick+tracy+1990, another+thin+man+1939, private+parts+1972, the+brothers+2001, my+beautiful+laundrette+1985, beyond+the+sea+2004, warriors+of+heaven+and+earth+2003, crush+2001, hook+1991, azumi+2003, 336 ms"
"2022-02-08T19:20:19.355114,94157,recommendation request 17645-team17.isri.cmu.edu:8082, status 200, result: the+cat+in+the+hat+2003, drop+zone+1994, lockout+2012, ed+1996, notting+hill+1999, p.s.+2004, the+next+three+days+2010, son+of+the+mask+2005, courage+under+fire+1996, desert+blue+1999, maze+2000, without+a+paddle+2004, haywire+2011, your+friends++neighbors+1998, phoenix+1998, wake+of+death+2004, topper+1937, the+brothers+2001, how+the+grinch+stole+christmas+2000, my+beautiful+laundrette+1985, 299 ms"
"2022-02-08T19:20:19.395139,215815,recommendation request 17645-team17.isri.cmu.edu:8082, status 200, result: american+virgin+2000, cry+freedom+1987, robot+stories+2003, the+million+dollar+hotel+2000, the+gauntlet+1977, the+other+side+of+the+mountain+1975, lethal+weapon+3+1992, dick+tracy+1990, inception+2010, apocalypto+2006, the+island+1980, the+saint+1997, planet+of+the+apes+2001, gone+in+sixty+seconds+2000, wake+of+death+2004, have+rocket_+will+travel+1959, the+matrix+1999, last+night+1998, the+three+stooges+in+orbit+1962, rumble+fish+1983, 340 ms"
"2022-02-08T19:20:20.376199,225533,recommendation request 17645-team17.isri.cmu.edu:8082, status 200, result: the+living+dead+girl+1982, the+bounty+1984, serpico+1973, that+was+then...+this+is+now+1985, maze+2000, night+of+the+living+dead+3d+2007, dead+of+night+1945, the+return+of+the+living+dead+1985, detective+story+1951, emma+2009, the+brothers+mcmullen+1995, written+on+the+wind+1956, dedication+2007, sonny+2002, crush+2001, juno+2007, the+two+jakes+1990, jennifer+eight+1992, the+godfather+part+ii+1974, the+300+spartans+1962, 276 ms"
"2022-02-08T19:20:20.408848,110197,recommendation request 17645-team17.isri.cmu.edu:8082, status 200, result: american+virgin+2000, rollerball+1975, el+topo+1970, the+high+and+the+mighty+1954, poseidon+2006, nims+island+2008, prince+of+persia+the+sands+of+time+2010, haywire+2011, the+man+without+a+face+1993, the+alamo+1960, steel+1997, planet+of+the+apes+2001, albatross+2011, hackers+1995, hook+1991, eating+raoul+1982, an+american+werewolf+in+paris+1997, down+in+the+delta+1998, dead+bang+1989, american+splendor+2003, 314 ms"
"2022-02-08T19:20:20.713917,94131,recommendation request 17645-team17.isri.cmu.edu:8082, status 200, result: eyewitness+1981, oh_+god+1977, think+like+a+man+too+2014, missing+1982, p.s.+2004, mystery_+alaska+1999, casper+1995, moving+1988, one+eight+seven+1997, guilty+as+sin+1993, jurassic+park+1993, junebug+2005, bottle+rocket+1996, island+2011, from+here+to+eternity+1953, ali+2001, hook+1991, oh_+god+book+ii+1980, my+one+and+only+2009, today+you+die+2005, 606 ms"
"2022-02-08T19:20:20.737634,70110,recommendation request 17645-team17.isri.cmu.edu:8082, status 200, result: mickeys+once+upon+a+christmas+1999, rollerball+1975, mary+poppins+1964, star+wars+episode+iii+-+revenge+of+the+sith+2005, a+goofy+movie+1995, gumby+the+movie+1995, chicken+run+2000, bully+2011, planet+of+the+apes+2001, a+patch+of+blue+1965, working+girl+1988, junebug+2005, conan+the+barbarian+1982, romeo+and+juliet+1936, h.m.+pulham_+esq.+1941, the+emperors+new+groove+2000, my+one+and+only+2009, spirited+away+2001, dungeons++dragons+2000, chicken+little+2005, 615 ms"
"2022-02-08T19:20:20.739285,123891,recommendation request 17645-team17.isri.cmu.edu:8082, status 200, result: black+beauty+1994, eyewitness+1981, the+wedding+singer+1998, last+holiday+2006, a+goofy+movie+1995, frenzy+1972, true+crime+1996, bellflower+2011, chronicle+2012, wake+of+death+2004, hackers+1995, changing+lanes+2002, from+dusk+till+dawn+1996, the+living+daylights+1987, the+women+2008, scarface+1932, above+the+law+1988, 7+seconds+2005, predator+1987, hopscotch+1980, 627 ms"
"2022-02-08T19:20:20.807515,163937,recommendation request 17645-team17.isri.cmu.edu:8082, status 200, result: top+secret+1984, barbershop+2002, my+man+godfrey+1957, ed+1996, the+other+side+of+the+mountain+1975, the+addams+family+1991, a+little+princess+1995, the+brothers+mcmullen+1995, forrest+gump+1994, another+thin+man+1939, love+story+1970, phoenix+1998, bully+2011, desk+set+1957, out+to+sea+1997, the+triumph+of+love+2001, shes+having+a+baby+1988, juno+2007, romeo+is+bleeding+1993, the+dream+team+1989, 673 ms"
"2022-02-08T19:20:20.808368,84614,recommendation request 17645-team17.isri.cmu.edu:8082, status 200, result: black+beauty+1994, rollerball+1975, paths+of+glory+1957, p.s.+2004, barbarosa+1982, the+other+side+of+the+mountain+1975, in+the+line+of+fire+1993, footloose+1984, nims+island+2008, casper+1995, bad+girls+1994, the+great+escape+1963, dead+reckoning+1947, planet+of+the+apes+2001, my+fair+lady+1964, murphys+romance+1985, hook+1991, above+the+law+1988, 10th++wolf+2006, bingo+1991, 690 ms"
"2022-02-08T19:20:21.478882,51279,recommendation request 17645-team17.isri.cmu.edu:8082, status 200, result: eyewitness+1981, drop+zone+1994, robot+stories+2003, capricorn+one+1977, p.s.+2004, frenzy+1972, a+time+to+kill+1996, without+a+paddle+2004, northfork+2003, chronicle+2012, the+beverly+hillbillies+1993, paparazzi+2004, wake+of+death+2004, planet+of+the+apes+2001, desk+set+1957, changing+lanes+2002, island+2011, the+brave+one+2007, last+night+1998, hopscotch+1980, 395 ms"
"2022-02-08T19:20:21.537099,194186,recommendation request 17645-team17.isri.cmu.edu:8082, status 200, result: speed+2+cruise+control+1997, that+was+then...+this+is+now+1985, hero+wanted+2008, the+poseidon+adventure+1972, far+and+away+1992, old+yeller+1957, rapa+nui+1994, independence+day+1996, bandolero+1968, changing+lanes+2002, earthsea+2004, seven+men+from+now+1956, the+postman+1997, shenandoah+1965, fire+down+below+1997, beyond+the+poseidon+adventure+1979, damnation+alley+1977, l.i.e.+2001, cellular+2004, demetrius+and+the+gladiators+1954, 399 ms"
"2022-02-08T19:20:21.537194,158012,recommendation request 17645-team17.isri.cmu.edu:8082, status 200, result: gleaming+the+cube+1989, eyewitness+1981, intersection+1994, p.s.+2004, courage+under+fire+1996, maze+2000, the+last+laugh+1924, a+family+thing+1996, detective+story+1951, the+brothers+mcmullen+1995, chronicle+2012, lenfer+1994, grand+canyon+1991, the+verdict+1982, planet+of+the+apes+2001, the+brothers+2001, another+earth+2011, bottle+rocket+1996, crush+2001, island+2011, 430 ms"
"2022-02-08T19:20:21.537175,213418,recommendation request 17645-team17.isri.cmu.edu:8082, status 200, result: allan+quatermain+and+the+lost+city+of+gold+1986, my+man+godfrey+1957, ed+1996, the+proprietor+1996, the+other+side+of+the+mountain+1975, an+amazing+couple+2002, a+family+thing+1996, the+island+1980, the+wizard+1989, fabled+2002, dry+cleaning+1997, full+speed+1996, junebug+2005, an+education+2009, yours_+mine+and+ours+1968, island+2011, hook+1991, my+one+and+only+2009, bingo+1991, breakfast+on+pluto+2005, 429 ms"
"2022-02-08T19:20:21.543788,138107,recommendation request 17645-team17.isri.cmu.edu:8082, status 200, result: cry+freedom+1987, rollerball+1975, barbershop+2002, coldblooded+1995, frenzy+1972, the+next+three+days+2010, the+andromeda+strain+1971, in+the+line+of+fire+1993, psycho+1998, another+thin+man+1939, critters+1986, dead+reckoning+1947, hellboy+2004, phoenix+1998, private+parts+1972, the+hidden+1987, 2010+moby+dick+2010, 10th++wolf+2006, spasmo+1974, cyborg+1989, 405 ms"
"2022-02-08T19:20:22.417549,222296,recommendation request 17645-team17.isri.cmu.edu:8082, status 200, result: rocky+1976, i+want+to+live+1958, idlewild+2006, the+benny+goodman+story+1956, superstar+the+karen+carpenter+story+1988, l.i.e.+2001, into+the+woods+1991, that+was+then...+this+is+now+1985, detective+story+1951, rocky+v+1990, interiors+1978, the+jolson+story+1946, moulin+rouge+1952, one+false+move+1992, deuces+wild+2002, sonny+2002, hair+1979, redemption+the+stan+tookie+williams+story+2004, performance+1970, the+gospel+2005, 371 ms"
"2022-02-08T19:20:22.444774,286363,recommendation request 17645-team17.isri.cmu.edu:8082, status 200, result: a+dangerous+place+2012, barbershop+2002, el+topo+1970, deep+rising+1998, the+other+side+of+the+mountain+1975, casper+1995, the+alamo+1960, another+thin+man+1939, moving+1988, the+yakuza+1974, jurassic+park+1993, an+education+2009, free+willy+3+the+rescue+1997, veronica+guerin+2003, have+rocket_+will+travel+1959, island+2011, the+three+stooges+in+orbit+1962, above+the+law+1988, dinoshark+2010, hot+to+trot+1988, 366 ms"
"2022-02-08T19:20:22.279478,24631,recommendation request 17645-team17.isri.cmu.edu:8082, status 200, result: barbershop+2002, mary+poppins+1964, lockout+2012, a+goofy+movie+1995, courage+under+fire+1996, the+addams+family+1991, in+the+line+of+fire+1993, freaky+friday+1976, haywire+2011, another+thin+man+1939, winnie+the+pooh+2011, shes+having+a+baby+1988, island+2011, ali+2001, lone+star+1996, the+emperors+new+groove+2000, jennifer+eight+1992, the+lady+from+shanghai+1947, ratatouille+2007, private+lives+1931, 237 ms"
"2022-02-08T19:20:22.417614,142330,recommendation request 17645-team17.isri.cmu.edu:8082, status 200, result: eyewitness+1981, rollerball+1975, about+last+night...+1986, bill+cosby+himself+1983, the+house+of+yes+1997, star+wars+episode+iii+-+revenge+of+the+sith+2005, p.s.+2004, maze+2000, dont+tell+her+its+me+1990, planet+of+the+apes+2001, the+yakuza+1974, the+mighty+1998, beyond+the+sea+2004, modesty+blaise+1966, junebug+2005, crush+2001, side+out+1990, beyond+therapy+1987, hopscotch+1980, made+of+honor+2008, 372 ms"
"2022-02-08T19:20:23.332078,278064,recommendation request 17645-team17.isri.cmu.edu:8082, status 200, result: barbershop+2002, motel+hell+1980, the+snowman+1982, the+conspiracy+2012, p.s.+2004, the+warriors+way+2010, scorpio+1973, strait-jacket+1964, in+the+line+of+fire+1993, father+of+the+bride+1991, excision+2012, another+thin+man+1939, the+beverly+hillbillies+1993, harry+and+tonto+1974, dead+reckoning+1947, malice+1993, topper+1937, macabre+1958, junebug+2005, conan+the+barbarian+1982, 305 ms"
"2022-02-08T19:20:23.324963,50940,recommendation request 17645-team17.isri.cmu.edu:8082, status 200, result: black+beauty+1994, a+little+princess+1995, the+tigger+movie+2000, aliens+vs+predator+requiem+2007, predator+2+1990, excalibur+1981, the+fury+1978, the+king+2005, iron+will+1994, chicken+little+2005, little+monsters+1989, the+postman+1997, the+signal+2007, the+lion+king+2+simbas+pride+1998, the+hunchback+of+notre+dame+1996, city+of+ember+2008, tangled+2010, alien+1979, deepstar+six+1989, harry+potter+and+the+deathly+hallows+part+1+2010, 268 ms"
"2022-02-08T19:20:23.510084,47408,recommendation request 17645-team17.isri.cmu.edu:8082, status 200, result: black+beauty+1994, shampoo+1975, dreamgirls+2006, punchline+1988, doc+hollywood+1991, loving+you+1957, crossroads+2002, a+christmas+carol+2009, flashdance+1983, footloose+1984, a+little+princess+1995, forrest+gump+1994, birdy+1984, moving+1988, wake+of+death+2004, planet+of+the+apes+2001, albatross+2011, harem+1985, beyond+the+sea+2004, people+like+us+2012, 481 ms"
"2022-02-08T19:20:23.715910,169726,recommendation request 17645-team17.isri.cmu.edu:8082, status 200, result: american+virgin+2000, black+beauty+1994, rollerball+1975, intersection+1994, son+of+godzilla+1967, the+conspiracy+2012, childs+play+3+1991, frenzy+1972, detective+story+1951, a+little+princess+1995, psycho+1998, beyond+2010, phoenix+1998, the+island+1980, jaws+3-d+1983, mothra+vs.+godzilla+1964, jurassic+park+1993, the+serpent+and+the+rainbow+1988, juice+1992, eragon+2006, 636 ms"
"2022-02-08T19:20:23.775301,9953,recommendation request 17645-team17.isri.cmu.edu:8082, status 200, result: cry+freedom+1987, the+avengers+1998, six+pack+1982, p.s.+2004, a+goofy+movie+1995, crossroads+2002, walle+2008, the+other+side+of+the+mountain+1975, incognito+1997, a+family+thing+1996, freaky+friday+1976, casper+1995, harry+and+tonto+1974, one+man+band+2005, masterminds+1997, the+island+1980, analyze+that+2002, jurassic+park+1993, white+palace+1990, desk+set+1957, 703 ms"
"2022-02-08T19:20:23.829055,290164,recommendation request 17645-team17.isri.cmu.edu:8082, status 200, result: rollerball+1975, about+last+night...+1986, ed+1996, star+wars+episode+iii+-+revenge+of+the+sith+2005, p.s.+2004, a+goofy+movie+1995, in+the+line+of+fire+1993, freaky+friday+1976, nims+island+2008, casper+1995, dead+reckoning+1947, wake+of+death+2004, malice+1993, planet+of+the+apes+2001, jurassic+park+1993, look+whos+talking+too+1990, the+living+daylights+1987, ali+2001, side+out+1990, the+fury+1978, 751 ms"
"2022-02-08T19:20:23.875750,7557,recommendation request 17645-team17.isri.cmu.edu:8082, status 200, result: shampoo+1975, the+longest+day+1962, punchline+1988, warriors+2002, the+dancemaker+1998, even+the+rain+2010, almost+famous+2000, beyond+the+sea+2004, serial+1980, junebug+2005, crush+2001, quartet+1981, carefree+1938, my+one+and+only+2009, trouble+in+paradise+1932, patton+1970, fun+in+acapulco+1963, happily+ever+after+2004, l.i.e.+2001, the+last+circus+2010, 769 ms"
"2022-02-08T19:20:23.869722,120570,recommendation request 17645-team17.isri.cmu.edu:8082, status 200, result: remember+me+2010, shampoo+1975, the+five+senses+1999, barbershop+2002, punchline+1988, paths+of+glory+1957, ed+1996, p.s.+2004, how+i+won+the+war+1967, carnosaur+2+1995, fathers+little+dividend+1951, maze+2000, detective+story+1951, birdy+1984, casper+1995, another+thin+man+1939, fabled+2002, jurassic+park+1993, junebug+2005, mighty+aphrodite+1995, 764 ms"
"2022-02-08T19:20:24.623540,130199,recommendation request 17645-team17.isri.cmu.edu:8082, status 200, result: sullivans+travels+1941, the+perfect+score+2004, barbershop+2002, ed+1996, last+holiday+2006, think+like+a+man+too+2014, a+family+thing+1996, he+died+with+a+felafel+in+his+hand+2001, without+a+paddle+2004, casper+1995, another+thin+man+1939, the+letter+1940, harem+1985, i+am+a+sex+addict+2005, working+girl+1988, the+longest+yard+1974, hollywood+sex+wars+2011, the+incredible+hulk+2008, heartbreakers+2001, hook+1991, 393 ms"
"2022-02-08T19:20:24.368361,37816,recommendation request 17645-team17.isri.cmu.edu:8082, status 200, result: black+beauty+1994, cry+freedom+1987, helen+of+troy+1956, nine+lives+2005, airport+77+1977, the+other+side+of+the+mountain+1975, that+was+then...+this+is+now+1985, the+mother+2003, the+lookout+2007, dead+reckoning+1947, the+island+1980, flight+of+the+intruder+1991, away+from+her+2006, sonny+2002, in+hell+2003, above+the+law+1988, xanadu+1980, faithful+1996, his+girl+friday+1940, one+hundred+men+and+a+girl+1937, 347 ms"
"2022-02-08T19:20:24.629048,267307,recommendation request 17645-team17.isri.cmu.edu:8082, status 200, result: rollerball+1975, the+house+of+yes+1997, intersection+1994, the+proprietor+1996, star+wars+episode+iii+-+revenge+of+the+sith+2005, maze+2000, the+verdict+1982, where+the+heart+is+2000, harem+1985, planet+of+the+apes+2001, the+mighty+1998, junebug+2005, waiting+to+exhale+1995, shes+having+a+baby+1988, crush+2001, ever+after+a+cinderella+story+1998, help+1965, carefree+1938, my+one+and+only+2009, come+see+the+paradise+1990, 397 ms"
"2022-02-08T19:20:24.754186,279913,recommendation request 17645-team17.isri.cmu.edu:8082, status 200, result: crush+1992, the+man+who+knew+too+much+1934, man+of+the+year+2006, hearts+in+atlantis+2001, 8+seconds+1994, the+conspiracy+2012, suddenly+1954, true+crime+1996, enough+2002, that+was+then...+this+is+now+1985, light+it+up+1999, the+hound+of+the+baskervilles+1978, scream+4+2011, ever+since+the+world+ended+2001, two+deaths+1995, phoenix+1998, gravity+2013, wonder+boys+2000, away+from+her+2006, atlas+shrugged+part+i+2011, 484 ms"
"2022-02-08T19:20:24.754302,126779,recommendation request 17645-team17.isri.cmu.edu:8082, status 200, result: new+nightmare+1994, a+nightmare+on+elm+street+part+2+freddys+revenge+1985, in+the+mouth+of+madness+1994, head+1968, oh_+god+1977, the+conspiracy+2012, son+of+frankenstein+1939, freddys+dead+the+final+nightmare+1991, that+was+then...+this+is+now+1985, a+nightmare+on+elm+street+5+the+dream+child+1989, house+of+dracula+1945, brimstone++treacle+1982, the+woman+2011, psycho+1998, critters+1986, moving+1988, the+witches+of+eastwick+1987, the+beyond+1981, so+fine+1981, psycho+iii+1986, 738 ms"
"2022-02-08T19:20:24.850678,263957,recommendation request 17645-team17.isri.cmu.edu:8082, status 200, result: bill+cosby+himself+1983, the+avengers+1998, the+gauntlet+1977, my+man+godfrey+1957, ed+1996, 28+weeks+later+2007, childs+play+3+1991, the+conspiracy+2012, altered+2006, maze+2000, incognito+1997, the+brothers+mcmullen+1995, inception+2010, a+little+princess+1995, in+too+deep+1999, the+letter+1940, the+island+1980, analyze+that+2002, juice+1992, crush+2001, 578 ms"
"2022-02-08T19:20:25.330214,200616,recommendation request 17645-team17.isri.cmu.edu:8082, status 200, result: be+kind+rewind+2008, blaze+1989, the+last+of+the+mohicans+1992, citizen+ruth+1996, how+i+won+the+war+1967, that+was+then...+this+is+now+1985, my+boyfriends+back+1993, cromwell+1970, assisted+living+2005, the+war+room+1993, harem+1985, glen+or+glenda+1953, clockwatchers+1997, junebug+2005, avenue+montaigne+2006, kind+hearts+and+coronets+1949, some+kind+of+hero+1982, ever+after+a+cinderella+story+1998, i+was+a+male+war+bride+1949, taking+woodstock+2009, 253 ms"
"2022-02-08T19:20:25.350757,17970,recommendation request 17645-team17.isri.cmu.edu:8082, status 200, result: the+perfect+score+2004, arranged+2007, bon+cop+bad+cop+2006, mary+poppins+1964, notting+hill+1999, p.s.+2004, a+goofy+movie+1995, son+of+the+mask+2005, maze+2000, the+addams+family+1991, freaky+friday+1976, a+little+princess+1995, birdy+1984, big+trouble+2002, blood_+guts_+bullets+and+octane+1998, masterminds+1997, harem+1985, the+yakuza+1974, topper+1937, the+brothers+2001, 292 ms"
"2022-02-08T19:20:25.342046,36915,recommendation request 17645-team17.isri.cmu.edu:8082, status 200, result: edmond+2005, intersection+1994, the+snowman+1982, the+amazing+spider-man+2012, the+golden+voyage+of+sinbad+1973, think+like+a+man+too+2014, p.s.+2004, light+it+up+1999, a+family+thing+1996, nims+island+2008, harry+and+tonto+1974, masterminds+1997, oz+the+great+and+powerful+2013, serial+1980, rush+hour+3+2007, junebug+2005, hook+1991, my+one+and+only+2009, chicken+little+2005, benji+1974, 282 ms"
"2022-02-08T19:20:26.429012,187625,recommendation request 17645-team17.isri.cmu.edu:8082, status 200, result: rollerball+1975, a+goofy+movie+1995, one+little+indian+1973, vision+quest+1985, freaky+friday+1976, detective+story+1951, a+little+princess+1995, pitch+black+2000, the+witches+of+eastwick+1987, the+saint+1997, planet+of+the+apes+2001, the+matrix+revolutions+2003, conan+the+barbarian+1982, the+brave+one+2007, the+emperors+new+groove+2000, jennifer+eight+1992, today+you+die+2005, ratatouille+2007, terminator+2+judgment+day+1991, dungeons++dragons+2000, 294 ms"
"2022-02-08T19:20:26.450479,210944,recommendation request 17645-team17.isri.cmu.edu:8082, status 200, result: shampoo+1975, eyewitness+1981, the+perfect+score+2004, major+league+ii+1994, frenzy+1972, true+crime+1996, deep+rising+1998, the+other+side+of+the+mountain+1975, maze+2000, in+the+line+of+fire+1993, ice+castles+1978, moving+1988, dead+reckoning+1947, the+longest+yard+1974, modesty+blaise+1966, crush+2001, from+here+to+eternity+1953, ali+2001, hopscotch+1980, 10th++wolf+2006, 313 ms"
"2022-02-08T19:20:27.407122,38388,recommendation request 17645-team17.isri.cmu.edu:8082, status 200, result: down+periscope+1996, rhinestone+1984, its+all+about+love+2003, hero+1992, finding+nemo+2003, the+golden+voyage+of+sinbad+1973, p.s.+2004, maze+2000, never+again+2002, crossroads+1986, emma+2009, star+trek+iii+the+search+for+spock+1984, dick+tracy+1990, the+beverly+hillbillies+1993, apocalypto+2006, the+island+1980, shopping+1994, the+saint+1997, bulworth+1998, the+brothers+2001, 282 ms"
"2022-02-08T19:20:27.425292,236031,recommendation request 17645-team17.isri.cmu.edu:8082, status 200, result: drop+zone+1994, nothing+but+trouble+1991, a+goofy+movie+1995, red+dawn+1984, snow+dogs+2002, freaky+friday+1976, detective+story+1951, critters+1986, moving+1988, national+lampoons+vacation+1983, four+brothers+2005, cars+2+2011, jurassic+park+1993, shes+having+a+baby+1988, the+living+daylights+1987, the+tree+of+life+2011, above+the+law+1988, the+emperors+new+groove+2000, jennifer+eight+1992, ratatouille+2007, 247 ms"
"2022-02-08T19:20:27.447758,30699,recommendation request 17645-team17.isri.cmu.edu:8082, status 200, result: the+nest+2002, curdled+1996, what+doesnt+kill+you+2008, the+avengers+1998, agnes+of+god+1985, intersection+1994, the+proprietor+1996, the+next+three+days+2010, true+crime+1996, parker+2013, incognito+1997, lifeboat+1944, johnny+english+2003, analyze+that+2002, the+matrix+revolutions+2003, junebug+2005, rush+hour+3+2007, the+hitch-hiker+1953, geronimo+an+american+legend+1993, mobsters+1991, 322 ms"
"2022-02-08T19:20:28.502198,167188,recommendation request 17645-team17.isri.cmu.edu:8082, status 200, result: abandon+2002, lured+1947, missing+1982, primal+fear+1996, mystery_+alaska+1999, the+net+1995, the+last+minute+2001, one+eight+seven+1997, guilty+as+sin+1993, instinct+1999, out+of+the+past+1947, blow+out+1981, diamond+men+2000, island+2011, enduring+love+2004, v.i.+warshawski+1991, havoc+2005, mercy+2000, marnie+1964, afterwards+2008, 326 ms"
"2022-02-08T19:20:28.615858,203795,recommendation request 17645-team17.isri.cmu.edu:8082, status 200, result: the+dresser+1983, the+house+of+yes+1997, the+conspiracy+2012, rancho+deluxe+1975, p.s.+2004, barbarosa+1982, light+it+up+1999, a+family+thing+1996, he+died+with+a+felafel+in+his+hand+2001, freaky+friday+1976, nims+island+2008, moving+1988, lightning+jack+1994, albatross+2011, still+bill+2010, i+am+a+sex+addict+2005, macabre+1958, the+mighty+1998, hollywood+sex+wars+2011, six+weeks+1982, 526 ms"
"2022-02-08T19:20:28.623700,86419,recommendation request 17645-team17.isri.cmu.edu:8082, status 200, result: curdled+1996, rollerball+1975, melody+time+1948, raging+bull+1980, star+wars+episode+iii+-+revenge+of+the+sith+2005, loving+you+1957, shaft+in+africa+1973, the+other+side+of+the+mountain+1975, the+aristocats+1970, a+family+thing+1996, a+little+princess+1995, bachelor+in+paradise+1961, the+flight+of+dragons+1982, love+crazy+1941, phoenix+1998, saludos+amigos+1942, planet+of+the+apes+2001, on+the+town+1949, the+hitch-hiker+1953, mobsters+1991, 524 ms"
"2022-02-08T19:20:28.660349,198858,recommendation request 17645-team17.isri.cmu.edu:8082, status 400, result: movie 1 not found, 558 ms"
"2022-02-08T19:20:28.676112,256564,recommendation request 17645-team17.isri.cmu.edu:8082, status 200, result: the+million+dollar+hotel+2000, the+gauntlet+1977, p.s.+2004, ivans+childhood+1962, courage+under+fire+1996, paul+2011, grand+illusion+1937, johnny+english+2003, the+verdict+1982, the+island+1980, junebug+2005, juice+1992, conan+the+barbarian+1982, remember+the+night+1940, katyn+2007, ratatouille+2007, dungeons++dragons+2000, gung+ho+1986, get+real+1998, bring+it+on+again+2004, 519 ms"
"2022-02-08T19:20:28.673977,113870,recommendation request 17645-team17.isri.cmu.edu:8082, status 200, result: eyewitness+1981, 8+seconds+1994, paths+of+glory+1957, p.s.+2004, sling+blade+1996, how+i+won+the+war+1967, courage+under+fire+1996, the+other+side+of+the+mountain+1975, nims+island+2008, birdy+1984, beyond+2010, phoenix+1998, the+mighty+1998, an+education+2009, island+2011, days+of+glory+1944, the+fury+1978, hook+1991, a+royal+affair+2012, two+lovers+2008, 537 ms"
"2022-02-08T19:20:29.385657,167783,recommendation request 17645-team17.isri.cmu.edu:8082, status 200, result: american+virgin+2000, lockout+2012, frenzy+1972, the+other+side+of+the+mountain+1975, jungle+fever+1991, ice+castles+1978, haywire+2011, the+letter+1940, phoenix+1998, dead+reckoning+1947, shes+having+a+baby+1988, juice+1992, from+here+to+eternity+1953, ali+2001, the+loves+of+carmen+1948, jennifer+eight+1992, you+only+live+once+1937, get+real+1998, rocky+1976, bring+it+on+again+2004, 278 ms"
"2022-02-08T19:20:29.429021,58660,recommendation request 17645-team17.isri.cmu.edu:8082, status 200, result: mickeys+once+upon+a+christmas+1999, the+five+senses+1999, ed+1996, raging+bull+1980, loving+you+1957, the+other+side+of+the+mountain+1975, pitch+black+2000, casper+1995, chicken+run+2000, a+patch+of+blue+1965, jurassic+park+1993, the+women+2008, romeo+and+juliet+1936, hook+1991, carefree+1938, h.m.+pulham_+esq.+1941, jennifer+eight+1992, today+you+die+2005, the+idolmaker+1980, the+allnighter+1987, 311 ms"
"2022-02-08T19:20:29.447223,67002,recommendation request 17645-team17.isri.cmu.edu:8082, status 200, result: the+new+age+1994, light+it+up+1999, flashdance+1983, detective+story+1951, bellflower+2011, forrest+gump+1994, the+verdict+1982, winnie+the+pooh+2011, junebug+2005, shes+having+a+baby+1988, juice+1992, my+one+and+only+2009, boys+and+girls+2000, jennifer+eight+1992, breakfast+on+pluto+2005, rumble+fish+1983, ratatouille+2007, date+movie+2006, patton+1970, melvin+and+howard+1980, 279 ms"
"2022-02-08T19:20:30.477920,309086,recommendation request 17645-team17.isri.cmu.edu:8082, status 200, result: p.s.+2004, the+other+side+of+the+mountain+1975, light+it+up+1999, edward+scissorhands+1990, detective+story+1951, gumby+the+movie+1995, the+beverly+hillbillies+1993, moving+1988, the+flight+of+dragons+1982, albatross+2011, junebug+2005, touch+of+evil+1958, jersey+boys+2014, dark+passage+1947, my+one+and+only+2009, jennifer+eight+1992, the+idolmaker+1980, down+in+the+delta+1998, little+murders+1971, the+program+1993, 403 ms"
"2022-02-08T19:20:30.512242,260702,recommendation request 17645-team17.isri.cmu.edu:8082, status 200, result: drop+zone+1994, switchback+1997, dark+city+1950, stick+it+2006, devil+girl+from+mars+1954, carnosaur+2+1995, inception+2010, psycho+1998, silver+city+2004, the+island+1980, the+saint+1997, the+matrix+revolutions+2003, changing+lanes+2002, island+2011, king+kong+lives+1986, the+matrix+1999, x+the+unknown+1956, dinoshark+2010, spasmo+1974, the+faculty+1998, 433 ms"
"2022-02-08T19:20:31.142060,148798,recommendation request 17645-team17.isri.cmu.edu:8082, status 200, result: the+three+musketeers+1933, mary+poppins+1964, cloak++dagger+1984, k-9+1989, cinderella+1950, gumby+the+movie+1995, the+hurricane+1937, the+island+1980, vincent+1982, pinocchio+1940, the+sword+in+the+stone+1963, alice+in+wonderland+1951, candleshoe+1977, hellfighters+1968, mobsters+1991, smokey+and+the+bandit+1977, petes+dragon+1977, dumbo+1941, bulletproof+1996, bambi+1942, 136 ms"
"2022-02-08T19:20:31.441759,19652,recommendation request 17645-team17.isri.cmu.edu:8082, status 200, result: shampoo+1975, the+nest+2002, intersection+1994, punchline+1988, missing+1982, the+official+story+1985, changeling+2008, parker+2013, birdy+1984, the+social+network+2010, in+too+deep+1999, dead+reckoning+1947, where+the+heart+is+2000, beyond+the+sea+2004, junebug+2005, serial+1980, waiting+to+exhale+1995, crush+2001, ever+after+a+cinderella+story+1998, his+girl+friday+1940, 355 ms"
"2022-02-08T19:20:31.339351,149607,recommendation request 17645-team17.isri.cmu.edu:8082, status 200, result: pandorum+2009, rollerball+1975, top+secret+1984, rio+2+2014, nothing+but+trouble+1991, sling+blade+1996, resident+evil+apocalypse+2004, 42nd+street+1933, planet+of+the+apes+2001, albatross+2011, the+mighty+1998, serial+1980, lover+come+back+1961, the+living+daylights+1987, the+eagle+has+landed+1976, remember+the+night+1940, above+the+law+1988, from+the+hip+1987, carefree+1938, dinoshark+2010, 307 ms"
"2022-02-08T19:20:31.487299,116766,recommendation request 17645-team17.isri.cmu.edu:8082, status 200, result: curdled+1996, cry+freedom+1987, coldblooded+1995, mary+poppins+1964, picture+perfect+1997, punchline+1988, city+slickers+1991, p.s.+2004, barbarosa+1982, the+addams+family+1991, code+of+silence+1985, maze+2000, vision+quest+1985, freaky+friday+1976, a+little+princess+1995, bean+1997, bad+girls+1994, dumb+and+dumber+to+2014, the+witches+of+eastwick+1987, phoenix+1998, 454 ms"
"2022-02-08T19:20:31.489725,138820,recommendation request 17645-team17.isri.cmu.edu:8082, status 200, result: n+1998, rollerball+1975, robot+stories+2003, agnes+of+god+1985, punchline+1988, the+proprietor+1996, ed+1996, star+wars+episode+iii+-+revenge+of+the+sith+2005, p.s.+2004, northfork+2003, z+1969, johnny+english+2003, casper+1995, masterminds+1997, the+devils+1971, planet+of+the+apes+2001, another+earth+2011, jurassic+park+1993, junebug+2005, conan+the+barbarian+1982, 393 ms"
"2022-02-08T19:20:32.361761,178948,recommendation request 17645-team17.isri.cmu.edu:8082, status 200, result: rollerball+1975, top+secret+1984, sleepers+1996, barbershop+2002, mary+poppins+1964, about+last+night...+1986, the+addams+family+1991, maze+2000, freaky+friday+1976, a+little+princess+1995, another+thin+man+1939, moving+1988, love+story+1970, planet+of+the+apes+2001, the+client+1994, opportunity+knocks+1990, shes+having+a+baby+1988, free+willy+3+the+rescue+1997, crush+2001, heartbreakers+2001, 350 ms"
"2022-02-08T19:20:32.359039,108805,recommendation request 17645-team17.isri.cmu.edu:8082, status 200, result: dreamgirls+2006, the+house+of+yes+1997, half+light+2006, nightwatch+1997, good+2008, the+last+castle+2001, after.life+2010, i+do+2013, in+dreams+1999, that+was+then...+this+is+now+1985, walle+2008, the+last+minute+2001, the+hunted+2003, the+hound+of+the+baskervilles+1978, the+stepfather+1987, toy+story+of+terror+2013, taboo+2002, eyes+of+laura+mars+1978, albatross+2011, in+this+world+2002, 335 ms"
"2022-02-08T19:20:32.420506,85141,recommendation request 17645-team17.isri.cmu.edu:8082, status 200, result: the+young+victoria+2009, bridget+joness+diary+2001, melody+time+1948, the+red+shoes+1948, 8+seconds+1994, little+secrets+2001, the+other+side+of+the+mountain+1975, one+little+indian+1973, the+aristocats+1970, the+world+unseen+2007, flashdance+1983, forrest+gump+1994, ice+castles+1978, love+story+1970, saludos+amigos+1942, this+property+is+condemned+1966, albatross+2011, in+this+world+2002, white+palace+1990, an+education+2009, 361 ms"
"2022-02-08T19:20:32.437131,26876,recommendation request 17645-team17.isri.cmu.edu:8082, status 200, result: american+virgin+2000, eyewitness+1981, rollerball+1975, top+secret+1984, rio+bravo+1959, the+conspiracy+2012, the+addams+family+1991, detective+story+1951, a+little+princess+1995, the+godfather+part+iii+1990, the+island+1980, big+jake+1971, unforgiven+1992, the+matrix+revolutions+2003, jurassic+park+1993, kull+the+conqueror+1997, driven+2001, above+the+law+1988, hopscotch+1980, today+you+die+2005, 381 ms"
"2022-02-08T19:20:33.505262,175911,recommendation request 17645-team17.isri.cmu.edu:8082, status 200, result: down+periscope+1996, rhinestone+1984, it++happens+every+spring+1949, raising+arizona+1987, cookie+1989, stuck+on+you+2003, nine+to+five+1980, marmaduke+2010, big+mommas+house+2000, panic+2000, airheads+1994, kings+ransom+2005, bulworth+1998, miss+nobody+2010, boomerang+1947, brubaker+1980, belles+on+their+toes+1952, go+1999, dutch+1991, little+murders+1971, 391 ms"
"2022-02-08T19:20:33.511739,191912,recommendation request 17645-team17.isri.cmu.edu:8082, status 200, result: el+topo+1970, intersection+1994, the+major+and+the+minor+1942, the+amazing+spider-man+2012, the+golden+voyage+of+sinbad+1973, black+sheep+1996, horse+feathers+1932, that+was+then...+this+is+now+1985, never+again+2002, macgruber+2010, midnight+1939, duck+soup+1933, the+alamo+1960, regarding+henry+1991, the+browning+version+1994, holiday+inn+1942, serial+1980, shes+having+a+baby+1988, get+over+it+2001, above+the+law+1988, 408 ms"
"2022-02-08T19:20:33.720857,164255,recommendation request 17645-team17.isri.cmu.edu:8082, status 200, result: dial+m+for+murder+1954, in+the+mouth+of+madness+1994, suddenly+1954, frenzy+1972, true+crime+1996, red+dawn+1984, gorky+park+1983, rambo+first+blood+part+ii+1985, code+of+silence+1985, for+your+eyes+only+1981, the+falcon+and+the+snowman+1985, phoenix+1998, breakout+1975, goldfinger+1964, the+living+daylights+1987, the+hot+spot+1990, above+the+law+1988, today+you+die+2005, spasmo+1974, they+made+me+a+criminal+1939, 595 ms"
"2022-02-08T19:20:33.819661,205481,recommendation request 17645-team17.isri.cmu.edu:8082, status 200, result: forbidden+zone+1980, prison+1988, p.s.+2004, the+next+three+days+2010, the+promise+2005, detective+story+1951, gumby+the+movie+1995, phoenix+1998, the+brood+1979, ghoulies+ii+1987, 9+2005, the+yakuza+1974, shivers+1975, stonewall+1995, beyond+the+sea+2004, the+truman+show+1998, from+beyond+1986, the+nuns+story+1959, lifted+2006, remember+the+night+1940, 710 ms"
"2022-02-08T19:20:33.827402,187410,recommendation request 17645-team17.isri.cmu.edu:8082, status 200, result: drop+zone+1994, the+house+of+yes+1997, ed+1996, the+conspiracy+2012, barbarosa+1982, the+wash+2001, lethal+weapon+3+1992, inception+2010, casper+1995, the+saint+1997, wake+of+death+2004, macabre+1958, the+mighty+1998, jurassic+park+1993, changing+lanes+2002, shes+having+a+baby+1988, crush+2001, the+matrix+1999, the+juror+1996, ali+2001, 716 ms"
"2022-02-08T19:20:33.843317,189328,recommendation request 17645-team17.isri.cmu.edu:8082, status 200, result: rollerball+1975, the+conspiracy+2012, the+mummys+curse+1944, excision+2012, the+island+1980, macabre+1958, jurassic+park+1993, kull+the+conqueror+1997, from+beyond+1986, changing+lanes+2002, the+fury+1978, dinoshark+2010, the+fly+ii+1989, spasmo+1974, hulk+2003, fire+down+below+1997, absentia+2011, back+to+the+future+part+ii+1989, hellraiser+1987, the+hand+1981, 718 ms"
"2022-02-08T19:20:33.907980,106061,recommendation request 17645-team17.isri.cmu.edu:8082, status 200, result: curdled+1996, cry+freedom+1987, six+pack+1982, mary+poppins+1964, major+league+ii+1994, the+addams+family+1991, a+family+thing+1996, freaky+friday+1976, moving+1988, harry+and+tonto+1974, shes+having+a+baby+1988, the+hitch-hiker+1953, murphys+romance+1985, mobsters+1991, the+incredible+hulk+2008, chicken+little+2005, hot+to+trot+1988, the+hunchback+of+notre+dame+1996, back+to+the+future+part+ii+1989, beyond+the+poseidon+adventure+1979, 799 ms"
"2022-02-08T19:20:33.919799,151191,recommendation request 17645-team17.isri.cmu.edu:8082, status 200, result: rollerball+1975, robot+stories+2003, lockout+2012, star+wars+episode+iii+-+revenge+of+the+sith+2005, walle+2008, the+other+side+of+the+mountain+1975, spirit+stallion+of+the+cimarron+2002, a+family+thing+1996, haywire+2011, one+man+band+2005, planet+of+the+apes+2001, serial+1980, an+education+2009, conan+the+barbarian+1982, lifted+2006, last+night+1998, dugs+special+mission+2009, boys+and+girls+2000, ratatouille+2007, trouble+in+paradise+1932, 794 ms"
"2022-02-08T19:20:33.927103,62934,recommendation request 17645-team17.isri.cmu.edu:8082, status 200, result: cry+freedom+1987, the+five+senses+1999, and+now...+ladies+and+gentlemen...+2002, robot+stories+2003, be+kind+rewind+2008, 8+seconds+1994, the+proprietor+1996, ed+1996, the+snowman+1982, frenzy+1972, one+little+indian+1973, a+family+thing+1996, the+virgin+suicides+1999, the+blue+max+1966, the+ambassador+2011, planet+of+the+apes+2001, for+keeps+1988, beneath+the+planet+of+the+apes+1970, junebug+2005, unaccompanied+minors+2006, 792 ms"
"2022-02-08T19:20:35.453992,128775,recommendation request 17645-team17.isri.cmu.edu:8082, status 200, result: n+1998, mister+roberts+1955, the+last+of+the+mohicans+1992, raging+bull+1980, the+proprietor+1996, a+goofy+movie+1995, 3+women+1977, that+was+then...+this+is+now+1985, 633+squadron+1964, east+of+eden+1955, the+bank+2001, snow+dogs+2002, the+lost+weekend+1945, one+hundred+and+one+dalmatians+1961, the+virgin+suicides+1999, the+great+escape+1963, planet+of+the+apes+2001, albatross+2011, cars+2+2011, platoon+1986, 325 ms"
"2022-02-08T19:20:35.474859,130234,recommendation request 17645-team17.isri.cmu.edu:8082, status 200, result: cry+freedom+1987, the+avengers+1998, barbershop+2002, the+longest+day+1962, the+proprietor+1996, changeling+2008, incognito+1997, birdy+1984, lifeboat+1944, grand+illusion+1937, another+thin+man+1939, the+verdict+1982, the+island+1980, analyze+that+2002, the+matrix+revolutions+2003, in+harms+way+1965, juice+1992, the+brave+one+2007, rumble+fish+1983, come+see+the+paradise+1990, 385 ms"
"2022-02-08T19:20:35.503953,237888,recommendation request 17645-team17.isri.cmu.edu:8082, status 200, result: the+nest+2002, eyewitness+1981, what+doesnt+kill+you+2008, rollerball+1975, man+of+the+year+2006, the+amazing+spider-man+2012, star+wars+episode+iii+-+revenge+of+the+sith+2005, the+golden+voyage+of+sinbad+1973, missing+1982, walle+2008, big+hero+6+2014, parker+2013, macgruber+2010, lifeboat+1944, johnny+english+2003, in+too+deep+1999, cars+2+2011, rush+hour+3+2007, sherlock+holmes+in+washington+1943, mobsters+1991, 374 ms"
"2022-02-08T19:20:35.586887,158671,recommendation request 17645-team17.isri.cmu.edu:8082, status 200, result: the+wood+1999, a+goofy+movie+1995, the+lucky+ones+2008, crossroads+2002, courage+under+fire+1996, the+country+bears+2002, snow+dogs+2002, big+hero+6+2014, rambo+first+blood+part+ii+1985, code+of+silence+1985, freaky+friday+1976, birdy+1984, forrest+gump+1994, love+story+1970, the+letter+1940, phoenix+1998, harem+1985, junebug+2005, shes+having+a+baby+1988, island+2011, 431 ms"
"2022-02-08T19:20:35.584601,167297,recommendation request 17645-team17.isri.cmu.edu:8082, status 200, result: cry+freedom+1987, what+doesnt+kill+you+2008, the+last+of+the+mohicans+1992, the+proprietor+1996, paths+of+glory+1957, frenzy+1972, how+i+won+the+war+1967, 633+squadron+1964, light+it+up+1999, a+time+to+kill+1996, birdy+1984, lifeboat+1944, the+great+escape+1963, phoenix+1998, junebug+2005, bottle+rocket+1996, from+here+to+eternity+1953, ali+2001, days+of+glory+1944, my+one+and+only+2009, 471 ms"
"2022-02-08T19:20:36.404412,255851,recommendation request 17645-team17.isri.cmu.edu:8082, status 200, result: eyewitness+1981, cry+freedom+1987, rollerball+1975, what+doesnt+kill+you+2008, mary+poppins+1964, the+longest+day+1962, star+wars+episode+iii+-+revenge+of+the+sith+2005, notting+hill+1999, p.s.+2004, frenzy+1972, maze+2000, the+aristocats+1970, a+time+to+kill+1996, lifeboat+1944, grand+illusion+1937, the+blue+max+1966, planet+of+the+apes+2001, the+brothers+2001, a+patch+of+blue+1965, beneath+the+planet+of+the+apes+1970, 319 ms"
"2022-02-08T19:20:36.397628,18461,recommendation request 17645-team17.isri.cmu.edu:8082, status 200, result: american+virgin+2000, sullivans+travels+1941, drop+zone+1994, the+golden+voyage+of+sinbad+1973, last+holiday+2006, p.s.+2004, the+wash+2001, without+a+paddle+2004, nims+island+2008, r100+2013, the+island+1980, the+yakuza+1974, changing+lanes+2002, kull+the+conqueror+1997, blind+fury+1989, conan+the+barbarian+1982, hook+1991, 10th++wolf+2006, rescue+dawn+2006, bulletproof+1996, 310 ms"
"2022-02-08T19:20:36.415425,11429,recommendation request 17645-team17.isri.cmu.edu:8082, status 200, result: the+wiz+1978, the+lord+of+the+rings+the+fellowship+of+the+ring+2001, toys+1992, king+kong+2005, back+to+the+future+part+iii+1990, the+lord+of+the+rings+the+two+towers+2002, one+million+years+b.c.+1966, heart+condition+1990, harry+and+the+hendersons+1987, alice+in+wonderland+1933, cq+2001, just+visiting+2001, chances+are+1989, casper+1995, return+of+the+ghostbusters+2007, two+of+a+kind+1983, back+to+the+future+1985, inkheart+2008, balto+1995, escape+to+witch+mountain+1975, 296 ms"
"2022-02-08T19:20:38.396106,111691,recommendation request 17645-team17.isri.cmu.edu:8082, status 200, result: cry+freedom+1987, edmond+2005, barbershop+2002, the+dresser+1983, missing+1982, mr.+smith+goes+to+washington+1939, light+it+up+1999, the+beverly+hillbillies+1993, excision+2012, another+thin+man+1939, the+island+1980, the+blue+max+1966, albatross+2011, xxx+2002, on+the+town+1949, desk+set+1957, the+living+daylights+1987, six+weeks+1982, above+the+law+1988, hopscotch+1980, 348 ms"
"2022-02-08T19:20:38.454432,96616,recommendation request 17645-team17.isri.cmu.edu:8082, status 200, result: pandorum+2009, the+house+of+yes+1997, lethal+weapon+3+1992, gods+not+dead+2014, cabin+boy+1994, dick+tracy+1990, the+rage+carrie+2+1999, casper+1995, rosemarys+baby+1968, wake+of+death+2004, the+mighty+1998, body+double+1984, conan+the+barbarian+1982, have+rocket_+will+travel+1959, the+living+daylights+1987, hook+1991, from+the+hip+1987, hopscotch+1980, the+emperors+new+groove+2000, x+the+unknown+1956, 374 ms"
"2022-02-08T19:20:38.486153,64025,recommendation request 17645-team17.isri.cmu.edu:8082, status 200, result: n+1998, exam+2009, 8+seconds+1994, suddenly+1954, the+next+three+days+2010, all+the+mornings+of+the+world+1991, running+out+of+time+1999, the+last+minute+2001, that+was+then...+this+is+now+1985, pushing+hands+1992, phoenix+1998, harem+1985, blow+out+1981, clockwatchers+1997, aliens+vs+predator+requiem+2007, junebug+2005, diamond+men+2000, island+2011, quartet+1981, the+fury+1978, 406 ms"
"2022-02-08T19:20:38.499906,184322,recommendation request 17645-team17.isri.cmu.edu:8082, status 200, result: shampoo+1975, the+new+age+1994, mickeys+once+upon+a+christmas+1999, about+last+night...+1986, the+gauntlet+1977, lockout+2012, p.s.+2004, maze+2000, a+time+to+kill+1996, johnny+english+2003, chicken+run+2000, haywire+2011, harry+and+tonto+1974, coffy+1973, the+yakuza+1974, the+client+1994, the+wizard+1989, junebug+2005, crush+2001, ever+after+a+cinderella+story+1998, 420 ms"
"2022-02-08T19:20:39.468575,114049,recommendation request 17645-team17.isri.cmu.edu:8082, status 200, result: notting+hill+1999, p.s.+2004, maze+2000, the+bridge+1959, emma+2009, the+brothers+2001, my+beautiful+laundrette+1985, only+you+1994, the+princess+and+the+frog+2009, winnie+the+pooh+2011, dedication+2007, shes+having+a+baby+1988, crush+2001, battle+of+britain+1969, all+quiet+on+the+western+front+1930, untitled+2009, ratatouille+2007, telling+you+1998, still+breathing+1997, patton+1970, 453 ms"
"2022-02-08T19:20:39.440928,860,recommendation request 17645-team17.isri.cmu.edu:8082, status 200, result: star+trek+into+darkness+2013, black+beauty+1994, drop+zone+1994, star+trek+v+the+final+frontier+1989, harry+potter+and+the+order+of+the+phoenix+2007, the+avengers+2012, star+trek+nemesis+2002, fist+of+the+north+star+1995, star+trek+insurrection+1998, a+little+princess+1995, star+trek+iii+the+search+for+spock+1984, bogus+1996, inkheart+2008, the+saint+1997, harry+potter+and+the+deathly+hallows+part+2+2011, changing+lanes+2002, harry+potter+and+the+prisoner+of+azkaban+2004, excalibur+1981, escape+from+l.a.+1996, into+the+west+1992, 422 ms"
"2022-02-08T19:20:39.508747,8617,recommendation request 17645-team17.isri.cmu.edu:8082, status 200, result: the+cat+in+the+hat+2003, sleepers+1996, ed+1996, picture+perfect+1997, 8+seconds+1994, p.s.+2004, red+dawn+1984, courage+under+fire+1996, rambo+first+blood+part+ii+1985, code+of+silence+1985, once+bitten+1985, bean+1997, casper+1995, babe+pig+in+the+city+1998, the+letter+1940, phoenix+1998, the+yakuza+1974, the+client+1994, how+the+grinch+stole+christmas+2000, gravity+2013, 497 ms"
"2022-02-08T19:20:39.695412,1510,recommendation request 17645-team17.isri.cmu.edu:8082, status 200, result: arranged+2007, robot+stories+2003, road+to+morocco+1942, cazuza+time+doesnt+stop+2004, all+the+mornings+of+the+world+1991, nothing+to+lose+1994, behind+the+sun+2001, incognito+1997, the+other+side+of+the+mountain+1975, caveman+1981, the+letter+1940, phoenix+1998, holy+motors+2012, the+yakuza+1974, gravity+2013, a+man+and+a+woman+1966, the+game+1997, island+2011, les+misrables+1934, last+night+1998, 679 ms"
"2022-02-08T19:20:39.823592,269288,recommendation request 17645-team17.isri.cmu.edu:8082, status 200, result: oh_+god+1977, family+plot+1976, p.s.+2004, frenzy+1972, true+crime+1996, thank+you+for+smoking+2005, spirit+stallion+of+the+cimarron+2002, the+matrix+revolutions+2003, junebug+2005, murphys+romance+1985, conan+the+barbarian+1982, the+brave+one+2007, juno+2007, my+one+and+only+2009, dungeons++dragons+2000, shrek+the+third+2007, edge+of+tomorrow+2014, little+women+1933, defending+your+life+1991, up+at+the+villa+2000, 788 ms"
"2022-02-08T19:20:39.856209,252510,recommendation request 17645-team17.isri.cmu.edu:8082, status 0, result: java.util.concurrent.TimeoutException: Request timeout to 17645-team17.isri.cmu.edu/128.2.205.118:8082 after 800 ms, 843 ms"
"2022-02-08T19:20:39.864631,100057,recommendation request 17645-team17.isri.cmu.edu:8082, status 200, result: replicant+2001, drop+zone+1994, mickeys+once+upon+a+christmas+1999, rollerball+1975, star+wars+episode+iii+-+revenge+of+the+sith+2005, around+the+bend+2004, deep+rising+1998, the+andromeda+strain+1971, detective+story+1951, the+flying+saucer+1950, gumby+the+movie+1995, the+saint+1997, 9+2005, planet+of+the+apes+2001, opportunity+knocks+1990, dinoshark+2010, jennifer+eight+1992, ratatouille+2007, airport+1975+1974, spirited+away+2001, 829 ms"
"2022-02-08T19:20:39.864515,11288,recommendation request 17645-team17.isri.cmu.edu:8082, status 0, result: java.util.concurrent.TimeoutException: Request timeout to 17645-team17.isri.cmu.edu/128.2.205.118:8082 after 800 ms, 826 ms"
"2022-02-08T19:20:39.864656,81151,recommendation request 17645-team17.isri.cmu.edu:8082, status 0, result: java.util.concurrent.TimeoutException: Request timeout to 17645-team17.isri.cmu.edu/128.2.205.118:8082 after 800 ms, 831 ms"
"2022-02-08T19:20:39.951294,301539,recommendation request 17645-team17.isri.cmu.edu:8082, status 200, result: eyewitness+1981, drop+zone+1994, bill+cosby+himself+1983, top+secret+1984, about+last+night...+1986, rollerball+1975, the+addams+family+1991, maze+2000, a+time+to+kill+1996, without+a+paddle+2004, a+little+princess+1995, chronicle+2012, dont+say+a+word+2001, wake+of+death+2004, planet+of+the+apes+2001, opportunity+knocks+1990, the+truman+show+1998, changing+lanes+2002, island+2011, the+brave+one+2007, 899 ms"
"2022-02-08T19:20:40.513075,160479,recommendation request 17645-team17.isri.cmu.edu:8082, status 200, result: cry+freedom+1987, the+five+senses+1999, forbidden+zone+1980, the+dresser+1983, the+longest+day+1962, raging+bull+1980, my+man+godfrey+1957, ed+1996, guest+house+paradiso+1999, p.s.+2004, sling+blade+1996, 633+squadron+1964, lifeboat+1944, z+1969, grand+illusion+1937, the+woman+2011, heavens+gate+1980, albatross+2011, the+mighty+1998, junebug+2005, 488 ms"
"2022-02-08T19:20:41.472281,13448,recommendation request 17645-team17.isri.cmu.edu:8082, status 200, result: drop+zone+1994, the+gauntlet+1977, dont+move+2004, the+other+side+of+the+mountain+1975, a+time+to+kill+1996, without+a+paddle+2004, ice+castles+1978, bully+2011, wake+of+death+2004, the+mighty+1998, changing+lanes+2002, from+here+to+eternity+1953, ali+2001, romeo+and+juliet+1936, side+out+1990, above+the+law+1988, richard+iii+1955, hopscotch+1980, dark+passage+1947, the+loves+of+carmen+1948, 399 ms"
"2022-02-08T19:20:41.483214,288101,recommendation request 17645-team17.isri.cmu.edu:8082, status 200, result: eyewitness+1981, rollerball+1975, lockout+2012, a+goofy+movie+1995, red+dawn+1984, the+other+side+of+the+mountain+1975, freaky+friday+1976, ice+castles+1978, haywire+2011, guilty+as+sin+1993, planet+of+the+apes+2001, winnie+the+pooh+2011, the+living+daylights+1987, from+here+to+eternity+1953, ali+2001, above+the+law+1988, hopscotch+1980, the+loves+of+carmen+1948, the+emperors+new+groove+2000, today+you+die+2005, 394 ms"
"2022-02-08T19:20:41.526457,139141,recommendation request 17645-team17.isri.cmu.edu:8082, status 200, result: p.s.+2004, the+wash+2001, maze+2000, the+other+side+of+the+mountain+1975, nims+island+2008, wake+of+death+2004, the+brothers+2001, hackers+1995, junebug+2005, an+education+2009, changing+lanes+2002, look+whos+talking+too+1990, crush+2001, the+living+daylights+1987, island+2011, scarface+1932, side+out+1990, remember+the+night+1940, hook+1991, hopscotch+1980, 435 ms"
"2022-02-08T19:20:41.533567,276771,recommendation request 17645-team17.isri.cmu.edu:8082, status 200, result: the+cat+in+the+hat+2003, eyewitness+1981, mary+poppins+1964, ed+1996, p.s.+2004, son+of+the+mask+2005, deep+rising+1998, the+addams+family+1991, lethal+weapon+3+1992, freaky+friday+1976, topper+1937, how+the+grinch+stole+christmas+2000, shes+having+a+baby+1988, the+matrix+1999, the+incredible+hulk+2008, the+women+2008, hook+1991, hopscotch+1980, dinoshark+2010, today+you+die+2005, 444 ms"
"2022-02-08T19:20:42.437312,278607,recommendation request 17645-team17.isri.cmu.edu:8082, status 200, result: eyewitness+1981, a+goofy+movie+1995, red+dawn+1984, the+next+three+days+2010, vision+quest+1985, freaky+friday+1976, a+little+princess+1995, the+witches+of+eastwick+1987, phoenix+1998, dead+reckoning+1947, patriot+games+1992, winnie+the+pooh+2011, juice+1992, the+living+daylights+1987, breakdown+1997, above+the+law+1988, hopscotch+1980, the+emperors+new+groove+2000, today+you+die+2005, ratatouille+2007, 392 ms"
"2022-02-08T19:20:42.441639,131587,recommendation request 17645-team17.isri.cmu.edu:8082, status 200, result: life+is+beautiful+1997, the+five+senses+1999, robot+stories+2003, charisma+1999, 28+weeks+later+2007, last+holiday+2006, think+like+a+man+too+2014, notting+hill+1999, p.s.+2004, the+conspiracy+2012, altered+2006, maze+2000, the+other+side+of+the+mountain+1975, a+family+thing+1996, the+brothers+mcmullen+1995, pitch+black+2000, the+brothers+2001, my+beautiful+laundrette+1985, junebug+2005, crush+2001, 427 ms"
"2022-02-08T19:20:42.406758,99505,recommendation request 17645-team17.isri.cmu.edu:8082, status 200, result: american+virgin+2000, rollerball+1975, ed+1996, the+proprietor+1996, star+wars+episode+iii+-+revenge+of+the+sith+2005, notting+hill+1999, p.s.+2004, the+brother+from+another+planet+1984, maze+2000, casper+1995, psycho+1998, the+island+1980, planet+of+the+apes+2001, the+brothers+2001, marooned+1969, my+beautiful+laundrette+1985, jurassic+park+1993, crush+2001, king+kong+lives+1986, ali+2001, 396 ms"
"2022-02-08T19:20:42.441609,107733,recommendation request 17645-team17.isri.cmu.edu:8082, status 200, result: mary+poppins+1964, lockout+2012, six+pack+1982, frenzy+1972, true+crime+1996, p.s.+2004, maze+2000, the+addams+family+1991, vision+quest+1985, freaky+friday+1976, a+little+princess+1995, haywire+2011, the+witches+of+eastwick+1987, the+brothers+2001, crush+2001, the+incredible+hulk+2008, untitled+2009, spasmo+1974, they+made+me+a+criminal+1939, patton+1970, 396 ms"
"2022-02-08T19:20:43.318133,81272,recommendation request 17645-team17.isri.cmu.edu:8082, status 200, result: notting+hill+1999, p.s.+2004, courage+under+fire+1996, maze+2000, vision+quest+1985, father+of+the+bride+1991, a+little+princess+1995, splash+1984, ice+castles+1978, the+witches+of+eastwick+1987, the+yakuza+1974, the+brothers+2001, my+beautiful+laundrette+1985, junebug+2005, changing+lanes+2002, crush+2001, island+2011, from+here+to+eternity+1953, 10th++wolf+2006, untitled+2009, 190 ms"
"2022-02-08T19:20:44.387756,159614,recommendation request 17645-team17.isri.cmu.edu:8082, status 200, result: the+family+stone+2005, commandments+1997, crazy+on+the+outside+2010, p.s.+2004, once+around+1991, barbarosa+1982, pootie+tang+2001, b.a.p.s.+1997, the+wash+2001, airborne+1993, maze+2000, emma+2009, the+gods+must+be+crazy+ii+1989, drumline+2002, numb+2007, the+brothers+2001, only+you+1994, dedication+2007, crush+2001, pumpkin+2002, 299 ms"
"2022-02-08T19:20:44.472183,76128,recommendation request 17645-team17.isri.cmu.edu:8082, status 200, result: american+virgin+2000, shampoo+1975, cry+freedom+1987, and+now...+ladies+and+gentlemen...+2002, the+gauntlet+1977, ed+1996, the+next+three+days+2010, true+crime+1996, breakfast+of+champions+1999, the+other+side+of+the+mountain+1975, twentieth+century+1934, casper+1995, c.h.o.m.p.s.+1979, harem+1985, the+yakuza+1974, jurassic+park+1993, white+palace+1990, murphys+romance+1985, the+owl+and+the+pussycat+1970, hook+1991, 315 ms"
"2022-02-08T19:20:44.513136,87022,recommendation request 17645-team17.isri.cmu.edu:8082, status 200, result: wreck-it+ralph+2012, rollerball+1975, rancho+deluxe+1975, a+goofy+movie+1995, the+dirty+dozen+next+mission+1985, barbarosa+1982, dick+tracy+1990, lightning+jack+1994, the+yakuza+1974, dead+presidents+1995, gravity+2013, beneath+the+planet+of+the+apes+1970, the+matrix+revolutions+2003, the+late+shift+1996, the+game+1997, the+brave+one+2007, knockout+2000, escape+from+the+planet+of+the+apes+1971, spasmo+1974, rescue+dawn+2006, 394 ms"
"2022-02-08T19:20:45.315329,159610,recommendation request 17645-team17.isri.cmu.edu:8082, status 200, result: eyewitness+1981, rollerball+1975, suburban+commando+1991, hollow+man+2000, a+slave+of+love+1976, nothing+to+lose+1994, chronicle+2012, the+island+1980, the+wizard+1989, junebug+2005, the+living+daylights+1987, the+nuns+story+1959, millions+2005, the+eagle+has+landed+1976, above+the+law+1988, predator+1987, last+man+standing+1996, rashomon+1950, elena+2011, melvin+and+howard+1980, 234 ms"
"2022-02-08T19:20:45.484703,48797,recommendation request 17645-team17.isri.cmu.edu:8082, status 200, result: cry+freedom+1987, what+doesnt+kill+you+2008, mary+poppins+1964, the+snowman+1982, frenzy+1972, p.s.+2004, big+hero+6+2014, sleeping+beauty+1959, a+time+to+kill+1996, a+family+thing+1996, freaky+friday+1976, forrest+gump+1994, gumby+the+movie+1995, love+story+1970, albatross+2011, the+comancheros+1961, shes+having+a+baby+1988, burnt+offerings+1976, bingo+1991, today+you+die+2005, 360 ms"
"2022-02-08T19:20:46.517854,207671,recommendation request 17645-team17.isri.cmu.edu:8082, status 200, result: rollerball+1975, star+wars+episode+iii+-+revenge+of+the+sith+2005, enough+2002, maze+2000, the+last+minute+2001, the+bridge+1959, small+soldiers+1998, star+trek+insurrection+1998, emma+2009, star+wars+1977, where+the+heart+is+2000, the+object+of+my+affection+1998, anastasia+1956, blow+out+1981, bulworth+1998, jurassic+park+1993, waiting+to+exhale+1995, diamond+men+2000, dedication+2007, island+2011, 401 ms"
"2022-02-08T19:20:46.517843,259352,recommendation request 17645-team17.isri.cmu.edu:8082, status 200, result: gleaming+the+cube+1989, the+girl+next+door+2004, black+beauty+1994, the+new+age+1994, curdled+1996, the+snowman+1982, the+conspiracy+2012, p.s.+2004, northfork+2003, paul+2011, grand+canyon+1991, the+verdict+1982, dead+reckoning+1947, wake+of+death+2004, money+train+1995, superman+vs.+the+elite+2012, hogfather+2006, the+hitch-hiker+1953, batman+the+dark+knight+returns_+part+2+2013, mobsters+1991, 458 ms"
"2022-02-08T19:20:46.552020,142007,recommendation request 17645-team17.isri.cmu.edu:8082, status 200, result: drop+zone+1994, cry+freedom+1987, rollerball+1975, barbershop+2002, frenzy+1972, the+other+side+of+the+mountain+1975, the+andromeda+strain+1971, a+time+to+kill+1996, without+a+paddle+2004, american+gangster+2007, in+the+line+of+fire+1993, ice+castles+1978, psycho+1998, another+thin+man+1939, wake+of+death+2004, planet+of+the+apes+2001, changing+lanes+2002, the+brave+one+2007, from+here+to+eternity+1953, ali+2001, 423 ms"
"2022-02-08T19:20:46.599423,94289,recommendation request 17645-team17.isri.cmu.edu:8082, status 200, result: cry+freedom+1987, the+magician+1958, missing+1982, the+official+story+1985, p.s.+2004, sling+blade+1996, the+other+side+of+the+mountain+1975, through+a+glass+darkly+1961, smiles+of+a+summer+night+1955, vision+quest+1985, northfork+2003, birdy+1984, forrest+gump+1994, a+little+princess+1995, ice+castles+1978, moving+1988, iris+2001, one+eight+seven+1997, the+witches+of+eastwick+1987, harem+1985, 542 ms"
"2022-02-08T19:20:47.326655,164684,recommendation request 17645-team17.isri.cmu.edu:8082, status 200, result: replicant+2001, the+five+senses+1999, the+wedding+singer+1998, raging+bull+1980, a+goofy+movie+1995, sling+blade+1996, courage+under+fire+1996, edward+scissorhands+1990, freaky+friday+1976, inception+2010, the+verdict+1982, the+mighty+1998, island+2011, conan+the+barbarian+1982, the+women+2008, the+emperors+new+groove+2000, ratatouille+2007, airport+1975+1974, dungeons++dragons+2000, bulletproof+1996, 230 ms"
"2022-02-08T19:20:48.470453,170899,recommendation request 17645-team17.isri.cmu.edu:8082, status 200, result: black+beauty+1994, rollerball+1975, the+dresser+1983, 8+seconds+1994, ed+1996, star+wars+episode+iii+-+revenge+of+the+sith+2005, p.s.+2004, maze+2000, bellflower+2011, a+little+princess+1995, casper+1995, one+eight+seven+1997, planet+of+the+apes+2001, the+brothers+2001, albatross+2011, murphys+romance+1985, crush+2001, the+nuns+story+1959, six+weeks+1982, the+fury+1978, 397 ms"
"2022-02-08T19:20:48.578879,269074,recommendation request 17645-team17.isri.cmu.edu:8082, status 200, result: cry+freedom+1987, drop+zone+1994, missing+1982, p.s.+2004, son+of+the+mask+2005, mystery_+alaska+1999, maze+2000, spirit+stallion+of+the+cimarron+2002, lifeboat+1944, one+eight+seven+1997, the+island+1980, guilty+as+sin+1993, the+great+escape+1963, the+brothers+2001, topper+1937, four+brothers+2005, desk+set+1957, out+to+sea+1997, island+2011, crush+2001, 464 ms"
"2022-02-08T19:20:48.688126,82558,recommendation request 17645-team17.isri.cmu.edu:8082, status 200, result: eyewitness+1981, the+cat+in+the+hat+2003, cry+freedom+1987, the+avengers+1998, the+gauntlet+1977, ed+1996, notting+hill+1999, p.s.+2004, the+other+side+of+the+mountain+1975, maze+2000, vision+quest+1985, dont+tell+her+its+me+1990, a+little+princess+1995, casper+1995, the+beverly+hillbillies+1993, c.h.o.m.p.s.+1979, the+witches+of+eastwick+1987, the+brothers+2001, how+the+grinch+stole+christmas+2000, my+beautiful+laundrette+1985, 596 ms"
"2022-02-08T19:20:48.720209,47833,recommendation request 17645-team17.isri.cmu.edu:8082, status 200, result: mickeys+once+upon+a+christmas+1999, intersection+1994, 8+seconds+1994, paths+of+glory+1957, the+proprietor+1996, the+brother+from+another+planet+1984, p.s.+2004, loving+you+1957, how+i+won+the+war+1967, flashdance+1983, birdy+1984, chicken+run+2000, apocalypto+2006, the+letter+1940, lady+chatterley+2006, gone+in+sixty+seconds+2000, marooned+1969, full+speed+1996, serial+1980, veronica+guerin+2003, 602 ms"
"2022-02-08T19:20:48.702715,294308,recommendation request 17645-team17.isri.cmu.edu:8082, status 200, result: dead+of+winter+1987, cry+freedom+1987, rollerball+1975, what+doesnt+kill+you+2008, my+man+godfrey+1957, ed+1996, doc+hollywood+1991, frenzy+1972, a+time+to+kill+1996, a+family+thing+1996, detective+story+1951, the+godfather+part+iii+1990, moving+1988, c.h.o.m.p.s.+1979, battle+for+terra+2007, junebug+2005, hook+1991, above+the+law+1988, my+one+and+only+2009, bingo+1991, 585 ms"
"2022-02-08T19:20:48.770877,155660,recommendation request 17645-team17.isri.cmu.edu:8082, status 200, result: the+glimmer+man+1996, criminal+law+1988, the+wood+1999, six+pack+1982, 23+1998, the+high+and+the+mighty+1954, the+lucky+ones+2008, deep+rising+1998, light+it+up+1999, lethal+weapon+3+1992, a+time+to+kill+1996, a+little+princess+1995, joy+ride+2001, junebug+2005, look+whos+talking+too+1990, juice+1992, the+incredible+hulk+2008, side+out+1990, above+the+law+1988, the+fan+1981, 678 ms"
"2022-02-08T19:20:49.315211,273670,recommendation request 17645-team17.isri.cmu.edu:8082, status 200, result: scrooged+1988, next+friday+2000, lured+1947, p.s.+2004, friday+1995, enough+2002, the+last+minute+2001, clockwatchers+1997, blow+out+1981, fabled+2002, junebug+2005, i+am+sam+2001, diamond+men+2000, island+2011, enduring+love+2004, the+women+2008, north+1994, about+schmidt+2002, the+temp+1993, mercy+2000, 285 ms"
"2022-02-08T19:20:49.364704,85874,recommendation request 17645-team17.isri.cmu.edu:8082, status 200, result: the+perfect+score+2004, the+cat+in+the+hat+2003, drop+zone+1994, the+girl+next+door+2004, barbershop+2002, ed+1996, the+conspiracy+2012, p.s.+2004, freddy+got+fingered+2001, z+1969, gumby+the+movie+1995, casper+1995, another+thin+man+1939, the+saint+1997, macabre+1958, the+longest+yard+1974, changing+lanes+2002, ernest+in+the+army+1998, mobsters+1991, ratatouille+2007, 340 ms"
"2022-02-08T19:20:49.520664,159751,recommendation request 17645-team17.isri.cmu.edu:8082, status 200, result: a+dangerous+place+2012, dark+city+1950, intersection+1994, p.s.+2004, loving+you+1957, walle+2008, code+of+silence+1985, a+time+to+kill+1996, a+little+princess+1995, prince+of+persia+the+sands+of+time+2010, one+man+band+2005, phoenix+1998, the+yakuza+1974, the+client+1994, cars+2+2011, serial+1980, veronica+guerin+2003, island+2011, the+hot+spot+1990, lifted+2006, 492 ms"
"2022-02-08T19:20:49.520753,251070,recommendation request 17645-team17.isri.cmu.edu:8082, status 200, result: rollerball+1975, the+gauntlet+1977, the+snowman+1982, the+amazing+spider-man+2012, the+golden+voyage+of+sinbad+1973, p.s.+2004, the+promise+2005, masterminds+1997, phoenix+1998, the+yakuza+1974, planet+of+the+apes+2001, winnie+the+pooh+2011, juice+1992, cherrybomb+2009, dark+passage+1947, dinoshark+2010, ratatouille+2007, shrek+the+third+2007, get+real+1998, divergent+2014, 491 ms"
"2022-02-08T19:20:49.561547,270790,recommendation request 17645-team17.isri.cmu.edu:8082, status 200, result: life+is+beautiful+1997, shampoo+1975, barbershop+2002, punchline+1988, street+fighter+the+legend+of+chun-li+2009, p.s.+2004, maze+2000, detective+story+1951, another+thin+man+1939, planet+of+the+apes+2001, a+man+and+a+woman+1966, wargames+1983, junebug+2005, people+like+us+2012, crush+2001, some+days+are+better+than+others+2011, have+rocket_+will+travel+1959, the+women+2008, side+out+1990, from+the+hip+1987, 477 ms"
"2022-02-08T19:20:49.566395,28843,recommendation request 17645-team17.isri.cmu.edu:8082, status 200, result: eyewitness+1981, cry+freedom+1987, drop+zone+1994, major+league+ii+1994, in+the+line+of+fire+1993, forrest+gump+1994, moving+1988, love+story+1970, dead+reckoning+1947, guilty+as+sin+1993, the+saint+1997, modesty+blaise+1966, changing+lanes+2002, shes+having+a+baby+1988, hopscotch+1980, 10th++wolf+2006, hot+to+trot+1988, patton+1970, l.i.e.+2001, leap+of+faith+1992, 511 ms"
"2022-02-08T19:20:50.350455,67914,recommendation request 17645-team17.isri.cmu.edu:8082, status 200, result: suburban+commando+1991, some+like+it+hot+1959, the+bounty+1984, ed+1996, the+proprietor+1996, the+conspiracy+2012, doc+hollywood+1991, the+other+side+of+the+mountain+1975, nothing+to+lose+1994, lifeboat+1944, psycho+1998, a+shock+to+the+system+1990, stonewall+1995, the+truman+show+1998, junebug+2005, ernest+in+the+army+1998, mobsters+1991, the+juror+1996, ali+2001, remember+the+night+1940, 310 ms"
"2022-02-08T19:20:50.345401,257619,recommendation request 17645-team17.isri.cmu.edu:8082, status 200, result: rollerball+1975, the+conspiracy+2012, childs+play+3+1991, courage+under+fire+1996, the+world+unseen+2007, fuck+2005, the+woman+2011, bad+girls+1994, psycho+1998, beyond+2010, the+verdict+1982, planet+of+the+apes+2001, kids+world+2001, big+bad+mama+1974, jaws+3-d+1983, we+are+the+best+2013, the+serpent+and+the+rainbow+1988, island+2011, conan+the+barbarian+1982, from+the+hip+1987, 295 ms"
"2022-02-08T19:20:50.370555,148003,recommendation request 17645-team17.isri.cmu.edu:8082, status 200, result: wreck-it+ralph+2012, definitely_+maybe+2008, the+conspiracy+2012, a+goofy+movie+1995, the+square+2008, brimstone++treacle+1982, lethal+weapon+3+1992, the+aristocats+1970, light+it+up+1999, paul+2011, psycho+1998, phoenix+1998, cars+2+2011, texasville+1990, x+the+unknown+1956, dinoshark+2010, dugs+special+mission+2009, absolute+power+1997, the+adventures+of+ford+fairlane+1990, ratatouille+2007, 265 ms"
"2022-02-08T19:20:51.437208,135845,recommendation request 17645-team17.isri.cmu.edu:8082, status 200, result: american+virgin+2000, dead+of+winter+1987, mary+poppins+1964, charisma+1999, the+snowman+1982, p.s.+2004, big+hero+6+2014, maze+2000, the+aristocats+1970, nims+island+2008, dick+tracy+1990, casper+1995, apocalypto+2006, the+poughkeepsie+tapes+2007, sanjuro+1962, island+2011, crush+2001, the+incredible+hulk+2008, bingo+1991, spasmo+1974, 412 ms"
"2022-02-08T19:20:51.450940,250892,recommendation request 17645-team17.isri.cmu.edu:8082, status 200, result: 1066+the+battle+for+middle+earth+2009, taps+1981, nine+lives+2005, now_+voyager+1942, enough+2002, that+was+then...+this+is+now+1985, the+bridge+at+remagen+1969, lifeboat+1944, the+verdict+1982, the+letter+1940, away+from+her+2006, sonny+2002, m.+butterfly+1993, the+godfather+1972, atl+2006, things+change+1988, exodus+1960, get+real+1998, flying+tigers+1942, belly+1998, 429 ms"
"2022-02-08T19:20:51.500202,272244,recommendation request 17645-team17.isri.cmu.edu:8082, status 200, result: drop+zone+1994, rollerball+1975, top+secret+1984, robot+stories+2003, sleepers+1996, my+man+godfrey+1957, ed+1996, about+last+night...+1986, p.s.+2004, frenzy+1972, the+other+side+of+the+mountain+1975, the+addams+family+1991, maze+2000, without+a+paddle+2004, northfork+2003, a+little+princess+1995, wake+of+death+2004, planet+of+the+apes+2001, the+client+1994, changing+lanes+2002, 456 ms"
"2022-02-08T19:20:51.499209,207028,recommendation request 17645-team17.isri.cmu.edu:8082, status 200, result: dead+of+winter+1987, cry+freedom+1987, forbidden+zone+1980, robot+stories+2003, leaving+normal+1992, p.s.+2004, a+goofy+movie+1995, a+time+to+kill+1996, northfork+2003, freaky+friday+1976, casper+1995, the+letter+1940, phoenix+1998, jurassic+park+1993, help+1965, last+night+1998, hook+1991, an+american+carol+2008, the+emperors+new+groove+2000, dark+passage+1947, 429 ms"
"2022-02-08T19:20:51.526432,122845,recommendation request 17645-team17.isri.cmu.edu:8082, status 200, result: eyewitness+1981, rio+bravo+1959, intersection+1994, the+conspiracy+2012, childs+play+3+1991, show+boat+1951, gods+not+dead+2014, freaky+friday+1976, detective+story+1951, pitch+black+2000, gumby+the+movie+1995, psycho+1998, bachelor+in+paradise+1961, love+crazy+1941, the+brood+1979, 9+2005, jaws+3-d+1983, shivers+1975, on+the+town+1949, the+serpent+and+the+rainbow+1988, 454 ms"
"2022-02-08T19:20:52.490072,179614,recommendation request 17645-team17.isri.cmu.edu:8082, status 200, result: american+virgin+2000, drop+zone+1994, intersection+1994, last+holiday+2006, notting+hill+1999, p.s.+2004, maze+2000, fuck+2005, nims+island+2008, four+brothers+2005, the+brothers+2001, my+beautiful+laundrette+1985, junebug+2005, the+truman+show+1998, eragon+2006, the+farmers+wife+2012, crush+2001, class+1983, hook+1991, outrage+2009, 484 ms"
"2022-02-08T19:20:52.735124,163777,recommendation request 17645-team17.isri.cmu.edu:8082, status 200, result: north+by+northwest+1959, dead+of+winter+1987, the+avengers+1998, the+border+1982, 28+weeks+later+2007, true+crime+1996, the+dance+of+reality+2013, incognito+1997, the+andromeda+strain+1971, the+flying+saucer+1950, analyze+that+2002, fabled+2002, painted+fire+2002, wargames+1983, king+and+the+clown+2005, island+2011, the+brave+one+2007, the+juror+1996, boy+a+2007, the+beast+of+war+1988, 724 ms"
"2022-02-08T19:20:52.848571,195810,recommendation request 17645-team17.isri.cmu.edu:8082, status 0, result: java.util.concurrent.TimeoutException: Request timeout to 17645-team17.isri.cmu.edu/128.2.205.118:8082 after 800 ms, 838 ms"
"2022-02-08T19:20:52.850233,277978,recommendation request 17645-team17.isri.cmu.edu:8082, status 0, result: java.util.concurrent.TimeoutException: Request timeout to 17645-team17.isri.cmu.edu/128.2.205.118:8082 after 800 ms, 841 ms"
"2022-02-08T19:20:52.863222,256369,recommendation request 17645-team17.isri.cmu.edu:8082, status 0, result: java.util.concurrent.TimeoutException: Request timeout to 17645-team17.isri.cmu.edu/128.2.205.118:8082 after 800 ms, 851 ms"
"2022-02-08T19:20:52.870582,140809,recommendation request 17645-team17.isri.cmu.edu:8082, status 0, result: java.util.concurrent.TimeoutException: Request timeout to 17645-team17.isri.cmu.edu/128.2.205.118:8082 after 800 ms, 854 ms"
"2022-02-08T19:20:52.870332,184177,recommendation request 17645-team17.isri.cmu.edu:8082, status 0, result: java.util.concurrent.TimeoutException: Request timeout to 17645-team17.isri.cmu.edu/128.2.205.118:8082 after 800 ms, 852 ms"
"2022-02-08T19:20:52.870712,142174,recommendation request 17645-team17.isri.cmu.edu:8082, status 0, result: java.util.concurrent.TimeoutException: Request timeout to 17645-team17.isri.cmu.edu/128.2.205.118:8082 after 800 ms, 850 ms"
"2022-02-08T19:20:52.945071,298823,recommendation request 17645-team17.isri.cmu.edu:8082, status 0, result: java.util.concurrent.TimeoutException: Request timeout to 17645-team17.isri.cmu.edu/128.2.205.118:8082 after 800 ms, 893 ms"
"2022-02-08T19:20:53.405605,34849,recommendation request 17645-team17.isri.cmu.edu:8082, status 200, result: drop+zone+1994, barbershop+2002, my+man+godfrey+1957, ed+1996, the+conspiracy+2012, guest+house+paradiso+1999, the+next+three+days+2010, gumby+the+movie+1995, another+thin+man+1939, harry+and+tonto+1974, phoenix+1998, the+brood+1979, the+saint+1997, 9+2005, shivers+1975, macabre+1958, junebug+2005, have+rocket_+will+travel+1959, lifted+2006, the+three+stooges+in+orbit+1962, 334 ms"
"2022-02-08T19:20:53.436940,231486,recommendation request 17645-team17.isri.cmu.edu:8082, status 200, result: p.s.+2004, parking+2008, warriors+2002, the+other+side+of+the+mountain+1975, maze+2000, even+the+rain+2010, harem+1985, the+brothers+2001, happy+together+1997, junebug+2005, warriors+of+heaven+and+earth+2003, island+2011, crush+2001, among+giants+1998, flowers+in+the+attic+1987, 10th++wolf+2006, my+one+and+only+2009, all+or+nothing+2002, blackrock+1997, get+real+1998, 357 ms"
"2022-02-08T19:20:54.537884,182826,recommendation request 17645-team17.isri.cmu.edu:8082, status 200, result: the+cat+in+the+hat+2003, cry+freedom+1987, switchback+1997, rollerball+1975, robot+stories+2003, my+man+godfrey+1957, ed+1996, family+plot+1976, star+wars+episode+iii+-+revenge+of+the+sith+2005, p.s.+2004, northfork+2003, lionheart+1990, planet+of+the+apes+2001, opportunity+knocks+1990, how+the+grinch+stole+christmas+2000, last+night+1998, airport+1975+1974, the+dream+team+1989, bulletproof+1996, boy+a+2007, 429 ms"
"2022-02-08T19:20:54.565039,239439,recommendation request 17645-team17.isri.cmu.edu:8082, status 200, result: greedy+1994, cry+freedom+1987, taps+1981, dial+m+for+murder+1954, once+around+1991, that+was+then...+this+is+now+1985, edward+scissorhands+1990, boiling+point+1993, far+and+away+1992, the+verdict+1982, heidi+1937, a+beautiful+mind+2001, the+yakuza+1974, iceman+1984, the+chamber+1996, the+dilemma+2011, the+losers+2010, gordy+1995, because+of+winn-dixie+2005, against+all+odds+1984, 419 ms"
"2022-02-08T19:20:54.582905,249208,recommendation request 17645-team17.isri.cmu.edu:8082, status 200, result: dolores+claiborne+1995, barbershop+2002, the+lord+of+the+rings+the+two+towers+2002, six+pack+1982, off+limits+1988, black+sheep+1996, that+was+then...+this+is+now+1985, a+family+thing+1996, duck+soup+1933, detective+story+1951, another+thin+man+1939, heidi+1937, harry+and+tonto+1974, the+yakuza+1974, bulworth+1998, the+longest+yard+1974, sonny+2002, because+of+winn-dixie+2005, juice+1992, conan+the+barbarian+1982, 415 ms"
"2022-02-08T19:20:54.690155,284014,recommendation request 17645-team17.isri.cmu.edu:8082, status 200, result: drop+zone+1994, the+gauntlet+1977, the+other+side+of+the+mountain+1975, code+of+silence+1985, a+time+to+kill+1996, without+a+paddle+2004, a+family+thing+1996, a+shock+to+the+system+1990, phoenix+1998, wake+of+death+2004, changing+lanes+2002, mobsters+1991, the+juror+1996, ali+2001, the+hot+spot+1990, above+the+law+1988, hopscotch+1980, dark+passage+1947, the+professional+1981, patton+1970, 545 ms"
"2022-02-08T19:20:54.721079,208147,recommendation request 17645-team17.isri.cmu.edu:8082, status 200, result: drop+zone+1994, the+snowman+1982, last+holiday+2006, the+devils+rejects+2005, barbarosa+1982, the+wash+2001, lethal+weapon+3+1992, under+siege+1992, without+a+paddle+2004, a+time+to+kill+1996, northfork+2003, inception+2010, highlander+the+search+for+vengeance+2007, wake+of+death+2004, 9+2005, the+client+1994, ginger+snaps+2+unleashed+2004, changing+lanes+2002, the+matrix+1999, conan+the+barbarian+1982, 564 ms"
"2022-02-08T19:20:54.727743,16665,recommendation request 17645-team17.isri.cmu.edu:8082, status 200, result: man+of+the+year+2006, barbershop+2002, the+golden+voyage+of+sinbad+1973, p.s.+2004, walle+2008, incognito+1997, premium+rush+2012, nims+island+2008, gumby+the+movie+1995, another+thin+man+1939, masterminds+1997, the+island+1980, the+wizard+1989, opportunity+knocks+1990, cars+2+2011, on+the+town+1949, ready+to+rumble+2000, rush+hour+3+2007, time+bandits+1981, kull+the+conqueror+1997, 581 ms"
"2022-02-08T19:20:54.764027,262755,recommendation request 17645-team17.isri.cmu.edu:8082, status 200, result: dead+of+winter+1987, cry+freedom+1987, the+five+senses+1999, forbidden+zone+1980, the+avengers+1998, 8+seconds+1994, the+proprietor+1996, doc+hollywood+1991, missing+1982, p.s.+2004, mystery_+alaska+1999, moving+1988, the+letter+1940, one+eight+seven+1997, the+island+1980, guilty+as+sin+1993, national+lampoons+vacation+1983, masterminds+1997, island+2011, conan+the+barbarian+1982, 573 ms"
"2022-02-08T19:20:55.474192,154366,recommendation request 17645-team17.isri.cmu.edu:8082, status 200, result: the+cat+in+the+hat+2003, cry+freedom+1987, drop+zone+1994, rollerball+1975, about+last+night...+1986, eyewitness+1981, ed+1996, family+plot+1976, p.s.+2004, maze+2000, without+a+paddle+2004, father+of+the+bride+1991, cabin+boy+1994, inception+2010, pitch+black+2000, the+beverly+hillbillies+1993, wake+of+death+2004, planet+of+the+apes+2001, opportunity+knocks+1990, how+the+grinch+stole+christmas+2000, 360 ms"
"2022-02-08T19:20:55.727763,78631,recommendation request 17645-team17.isri.cmu.edu:8082, status 200, result: the+cat+in+the+hat+2003, the+bounty+1984, ed+1996, 8+seconds+1994, the+errand+boy+1961, p.s.+2004, the+other+side+of+the+mountain+1975, nothing+to+lose+1994, once+bitten+1985, casper+1995, babe+pig+in+the+city+1998, moving+1988, how+the+grinch+stole+christmas+2000, junebug+2005, bottle+rocket+1996, rat+2001, serial+1980, m.+butterfly+1993, ali+2001, quartet+1981, 581 ms"
"2022-02-08T19:20:55.750725,267955,recommendation request 17645-team17.isri.cmu.edu:8082, status 200, result: eyewitness+1981, switchback+1997, the+golden+voyage+of+sinbad+1973, double+team+1997, p.s.+2004, the+watch+2012, spirit+stallion+of+the+cimarron+2002, lifeboat+1944, chronicle+2012, casper+1995, paintball+2009, the+island+1980, planet+of+the+apes+2001, jurassic+park+1993, kull+the+conqueror+1997, mobsters+1991, conan+the+barbarian+1982, m.+butterfly+1993, above+the+law+1988, hook+1991, 586 ms"
"2022-02-08T19:20:55.750254,115965,recommendation request 17645-team17.isri.cmu.edu:8082, status 200, result: life+is+beautiful+1997, the+five+senses+1999, nothing+but+trouble+1991, last+holiday+2006, doc+hollywood+1991, barbarosa+1982, the+wash+2001, macgruber+2010, national+lampoons+van+wilder+2002, z+1969, beyond+the+sea+2004, surfer_+dude+2008, mobsters+1991, mighty+aphrodite+1995, juice+1992, island+2011, from+the+hip+1987, hopscotch+1980, u-571+2000, every+which+way+but+loose+1978, 604 ms"
"2022-02-08T19:20:55.752584,80075,recommendation request 17645-team17.isri.cmu.edu:8082, status 200, result: robot+stories+2003, the+dresser+1983, a+goofy+movie+1995, light+it+up+1999, snow+dogs+2002, detective+story+1951, nims+island+2008, the+virgin+suicides+1999, casper+1995, the+letter+1940, the+great+escape+1963, phoenix+1998, albatross+2011, for+keeps+1988, cars+2+2011, jurassic+park+1993, the+hot+spot+1990, last+night+1998, six+weeks+1982, hook+1991, 587 ms"
"2022-02-08T19:20:55.782135,164065,recommendation request 17645-team17.isri.cmu.edu:8082, status 200, result: whisper+of+the+heart+1995, shower+1999, the+red+shoes+1948, the+proprietor+1996, 8+seconds+1994, raging+bull+1980, p.s.+2004, frenzy+1972, how+i+won+the+war+1967, maze+2000, a+family+thing+1996, lifeboat+1944, z+1969, the+brothers+2001, lady+chatterley+2006, a+man+and+a+woman+1966, platoon+1986, painted+fire+2002, junebug+2005, beyond+the+sea+2004, 609 ms"
"2022-02-08T19:20:56.382750,137411,recommendation request 17645-team17.isri.cmu.edu:8082, status 200, result: cry+freedom+1987, what+doesnt+kill+you+2008, the+killers+1946, the+war+1994, l.i.e.+2001, frenzy+1972, the+sting+1973, that+was+then...+this+is+now+1985, charley+varrick+1973, clockers+1995, a+time+to+kill+1996, dressed+to+kill+1946, the+river+1984, black+angel+1946, one+false+move+1992, american+me+1992, sonny+2002, a+double+life+1947, blue+collar+1978, mask+1985, 298 ms"
"2022-02-08T19:20:56.457978,189087,recommendation request 17645-team17.isri.cmu.edu:8082, status 200, result: eyewitness+1981, rollerball+1975, the+errand+boy+1961, frenzy+1972, true+crime+1996, show+boat+1951, cabin+boy+1994, spy+kids+3-d+game+over+2003, bachelor+in+paradise+1961, love+crazy+1941, planet+of+the+apes+2001, on+the+town+1949, crush+2001, blood+and+sand+1989, today+you+die+2005, atonement+2007, come+see+the+paradise+1990, spasmo+1974, the+idolmaker+1980, they+made+me+a+criminal+1939, 433 ms"
"2022-02-08T19:20:56.484593,14894,recommendation request 17645-team17.isri.cmu.edu:8082, status 200, result: narc+2002, the+living+dead+girl+1982, drop+zone+1994, switchback+1997, dark+city+1950, 8+seconds+1994, true+crime+1996, carnosaur+2+1995, the+other+side+of+the+mountain+1975, incognito+1997, without+a+paddle+2004, dead+of+night+1945, the+return+of+the+living+dead+1985, dick+tracy+1990, casper+1995, the+yakuza+1974, the+client+1994, changing+lanes+2002, veronica+guerin+2003, hook+1991, 399 ms"
"2022-02-08T19:20:56.409717,99548,recommendation request 17645-team17.isri.cmu.edu:8082, status 200, result: dead+of+winter+1987, rollerball+1975, intersection+1994, red+dawn+1984, loving+you+1957, the+other+side+of+the+mountain+1975, 633+squadron+1964, lethal+weapon+3+1992, gods+not+dead+2014, lifeboat+1944, z+1969, grand+illusion+1937, ice+castles+1978, heavens+gate+1980, steel+1997, the+yakuza+1974, working+girl+1988, gravity+2013, serial+1980, the+game+1997, 384 ms"
"2022-02-08T19:20:56.480146,229032,recommendation request 17645-team17.isri.cmu.edu:8082, status 200, result: gleaming+the+cube+1989, cry+freedom+1987, mickeys+once+upon+a+christmas+1999, melody+time+1948, the+snowman+1982, p.s.+2004, the+other+side+of+the+mountain+1975, maze+2000, lethal+weapon+3+1992, the+aristocats+1970, inception+2010, chicken+run+2000, grand+canyon+1991, the+verdict+1982, saludos+amigos+1942, the+brothers+2001, mothra+vs.+godzilla+1964, the+matrix+revolutions+2003, white+palace+1990, crush+2001, 435 ms"
"2022-02-08T19:20:57.651258,102877,recommendation request 17645-team17.isri.cmu.edu:8082, status 200, result: barbershop+2002, mary+poppins+1964, doc+hollywood+1991, true+crime+1996, mackennas+gold+1969, sleeping+beauty+1959, carnosaur+2+1995, the+aristocats+1970, another+thin+man+1939, moving+1988, the+yakuza+1974, albatross+2011, island+2011, return+to+the+blue+lagoon+1991, ali+2001, six+weeks+1982, black+beauty+1971, above+the+law+1988, 10th++wolf+2006, of+human+bondage+1934, 611 ms"
"2022-02-08T19:20:57.758235,255220,recommendation request 17645-team17.isri.cmu.edu:8082, status 200, result: eyewitness+1981, curdled+1996, barbershop+2002, notting+hill+1999, a+goofy+movie+1995, playing+the+victim+2006, p.s.+2004, red+dawn+1984, light+it+up+1999, maze+2000, freaky+friday+1976, another+thin+man+1939, 4+2005, the+verdict+1982, the+brothers+2001, my+beautiful+laundrette+1985, the+hitch-hiker+1953, crush+2001, the+barber+of+siberia+1998, the+living+daylights+1987, 665 ms"
"2022-02-08T19:20:57.789404,158543,recommendation request 17645-team17.isri.cmu.edu:8082, status 200, result: bill+cosby+himself+1983, mary+poppins+1964, the+last+of+the+mohicans+1992, last+holiday+2006, the+langoliers+1995, the+addams+family+1991, freaky+friday+1976, the+letter+1940, marooned+1969, juice+1992, the+juror+1996, mobsters+1991, scary+movie+5+2013, breakdown+1997, the+fury+1978, beyond+therapy+1987, above+the+law+1988, millions+2005, dinoshark+2010, they+made+me+a+criminal+1939, 745 ms"
"2022-02-08T19:20:57.804120,254472,recommendation request 17645-team17.isri.cmu.edu:8082, status 200, result: about+last+night...+1986, american+pimp+1999, the+million+dollar+hotel+2000, oh_+god+1977, the+gauntlet+1977, man+of+the+year+2006, under+siege+1992, frankenstein+meets+the+wolf+man+1943, birdy+1984, harem+1985, look+whos+talking+too+1990, murphys+romance+1985, bridesmaids+2011, side+out+1990, richard+iii+1955, eight+men+out+1988, the+allnighter+1987, get+real+1998, muppets+from+space+1999, becket+1964, 697 ms"
"2022-02-08T19:20:57.825620,135122,recommendation request 17645-team17.isri.cmu.edu:8082, status 200, result: eyewitness+1981, arranged+2007, about+last+night...+1986, robot+stories+2003, dark+city+1950, the+other+side+of+the+mountain+1975, maze+2000, incognito+1997, inception+2010, the+letter+1940, phoenix+1998, where+the+heart+is+2000, planet+of+the+apes+2001, the+matrix+revolutions+2003, changing+lanes+2002, waiting+to+exhale+1995, look+whos+talking+too+1990, crush+2001, the+matrix+1999, side+out+1990, 688 ms"
"2022-02-08T19:20:57.811028,60360,recommendation request 17645-team17.isri.cmu.edu:8082, status 200, result: rollerball+1975, top+secret+1984, mary+poppins+1964, star+wars+episode+iii+-+revenge+of+the+sith+2005, the+addams+family+1991, father+of+the+bride+1991, a+little+princess+1995, cabin+boy+1994, freaky+friday+1976, gumby+the+movie+1995, the+flight+of+dragons+1982, the+island+1980, planet+of+the+apes+2001, jurassic+park+1993, desk+set+1957, kull+the+conqueror+1997, out+to+sea+1997, hook+1991, bingo+1991, ratatouille+2007, 691 ms"
"2022-02-08T19:20:57.845151,161148,recommendation request 17645-team17.isri.cmu.edu:8082, status 200, result: cry+freedom+1987, rollerball+1975, sling+blade+1996, p.s.+2004, the+other+side+of+the+mountain+1975, maze+2000, dont+tell+her+its+me+1990, pitch+black+2000, casper+1995, planet+of+the+apes+2001, the+brothers+2001, the+mighty+1998, jurassic+park+1993, white+palace+1990, the+matrix+revolutions+2003, crush+2001, conan+the+barbarian+1982, the+brave+one+2007, the+women+2008, hook+1991, 707 ms"
"2022-02-08T19:20:58.373956,200304,recommendation request 17645-team17.isri.cmu.edu:8082, status 200, result: gleaming+the+cube+1989, how+to+make+an+american+quilt+1995, eyewitness+1981, the+five+senses+1999, barbershop+2002, viva+zapata+1952, raging+bull+1980, lethal+weapon+3+1992, nims+island+2008, another+thin+man+1939, grand+canyon+1991, the+verdict+1982, the+devils+1971, the+wizard+1989, from+beyond+1986, have+rocket_+will+travel+1959, hook+1991, bingo+1991, lassie+2005, goodbye_+mr.+chips+1939, 313 ms"
"2022-02-08T19:20:58.649643,96695,recommendation request 17645-team17.isri.cmu.edu:8082, status 200, result: curdled+1996, sleepers+1996, melody+time+1948, a+goofy+movie+1995, the+aristocats+1970, freaky+friday+1976, bean+1997, phoenix+1998, saludos+amigos+1942, patriot+games+1992, the+client+1994, winnie+the+pooh+2011, the+hitch-hiker+1953, juice+1992, mobsters+1991, breakdown+1997, high+sierra+1941, the+emperors+new+groove+2000, ratatouille+2007, romeo+is+bleeding+1993, 570 ms"
"2022-02-08T19:20:58.689459,286105,recommendation request 17645-team17.isri.cmu.edu:8082, status 200, result: dead+of+winter+1987, the+dresser+1983, intersection+1994, p.s.+2004, loving+you+1957, courage+under+fire+1996, edward+scissorhands+1990, in+the+line+of+fire+1993, footloose+1984, forrest+gump+1994, dick+tracy+1990, the+verdict+1982, iris+2001, the+poughkeepsie+tapes+2007, albatross+2011, veronica+guerin+2003, saw+vi+2009, island+2011, the+juror+1996, body+double+1984, 596 ms"
"2022-02-08T19:20:58.721171,254972,recommendation request 17645-team17.isri.cmu.edu:8082, status 200, result: wreck-it+ralph+2012, cry+freedom+1987, arranged+2007, barbershop+2002, the+dresser+1983, the+last+of+the+mohicans+1992, leaving+normal+1992, missing+1982, frenzy+1972, dont+move+2004, a+goofy+movie+1995, the+other+side+of+the+mountain+1975, light+it+up+1999, the+aristocats+1970, another+thin+man+1939, back+to+school+1986, albatross+2011, serial+1980, class+1983, six+weeks+1982, 594 ms"
"2022-02-08T19:20:58.723518,145815,recommendation request 17645-team17.isri.cmu.edu:8082, status 200, result: the+perfect+score+2004, the+wedding+singer+1998, raging+bull+1980, a+family+thing+1996, detective+story+1951, lifeboat+1944, the+great+escape+1963, private+parts+1972, the+poughkeepsie+tapes+2007, albatross+2011, mobsters+1991, sunday+bloody+sunday+1971, the+nuns+story+1959, the+women+2008, above+the+law+1988, jennifer+eight+1992, beverly+hills+cop+iii+1994, down+in+the+delta+1998, poltergeist+iii+1988, the+allnighter+1987, 584 ms"
"2022-02-08T19:20:58.745284,116598,recommendation request 17645-team17.isri.cmu.edu:8082, status 200, result: barbershop+2002, the+snowman+1982, return+of+the+fly+1959, the+golden+voyage+of+sinbad+1973, childs+play+3+1991, the+warriors+way+2010, carnosaur+2+1995, nims+island+2008, another+thin+man+1939, the+island+1980, private+parts+1972, the+truman+show+1998, kull+the+conqueror+1997, skinwalkers+2006, mercenary+for+justice+2006, island+2011, conan+the+barbarian+1982, hook+1991, bloodsport+ii+1996, dinoshark+2010, 639 ms"
"2022-02-08T19:20:59.491276,171350,recommendation request 17645-team17.isri.cmu.edu:8082, status 200, result: black+beauty+1994, rollerball+1975, star+wars+episode+iii+-+revenge+of+the+sith+2005, p.s.+2004, lethal+weapon+3+1992, detective+story+1951, the+godfather+part+iii+1990, inception+2010, gumby+the+movie+1995, planet+of+the+apes+2001, the+matrix+revolutions+2003, the+matrix+1999, the+incredible+hulk+2008, the+fury+1978, above+the+law+1988, dinoshark+2010, jennifer+eight+1992, jonah+hex+2010, letters+from+iwo+jima+2006, dead+bang+1989, 405 ms"
"2022-02-08T19:20:59.394561,122372,recommendation request 17645-team17.isri.cmu.edu:8082, status 200, result: eyewitness+1981, the+new+age+1994, sleepers+1996, red+dawn+1984, a+time+to+kill+1996, vision+quest+1985, a+little+princess+1995, the+witches+of+eastwick+1987, the+letter+1940, guilty+as+sin+1993, phoenix+1998, the+yakuza+1974, the+client+1994, winnie+the+pooh+2011, modesty+blaise+1966, the+living+daylights+1987, above+the+law+1988, hopscotch+1980, dark+passage+1947, dugs+special+mission+2009, 327 ms"
"2022-02-08T19:20:59.498834,145427,recommendation request 17645-team17.isri.cmu.edu:8082, status 200, result: curdled+1996, bill+cosby+himself+1983, rollerball+1975, robot+stories+2003, last+holiday+2006, northfork+2003, dick+tracy+1990, apocalypto+2006, the+saint+1997, gone+in+sixty+seconds+2000, another+earth+2011, the+hitch-hiker+1953, mobsters+1991, last+night+1998, beyond+therapy+1987, hopscotch+1980, bingo+1991, spasmo+1974, starship+troopers+1997, fantastic+four+2005, 415 ms"
"2022-02-08T19:21:00.459520,257055,recommendation request 17645-team17.isri.cmu.edu:8082, status 200, result: replicant+2001, sleepers+1996, definitely_+maybe+2008, p.s.+2004, the+wash+2001, maze+2000, nims+island+2008, the+brothers+mcmullen+1995, dick+tracy+1990, fulltime+killer+2001, johnny+english+2003, in+too+deep+1999, paul+2011, the+yakuza+1974, the+brothers+2001, gravity+2013, hackers+1995, the+game+1997, island+2011, conan+the+barbarian+1982, 421 ms"
"2022-02-08T19:21:00.522637,11394,recommendation request 17645-team17.isri.cmu.edu:8082, status 200, result: gleaming+the+cube+1989, drop+zone+1994, switchback+1997, robot+stories+2003, courage+under+fire+1996, the+other+side+of+the+mountain+1975, edward+scissorhands+1990, nine+queens+2000, johnny+english+2003, the+verdict+1982, grand+canyon+1991, one+eight+seven+1997, the+island+1980, the+saint+1997, beneath+the+planet+of+the+apes+1970, changing+lanes+2002, conan+the+barbarian+1982, last+night+1998, made+of+honor+2008, ruby++quentin+2003, 477 ms"
"2022-02-08T19:21:00.519173,41511,recommendation request 17645-team17.isri.cmu.edu:8082, status 200, result: american+virgin+2000, cry+freedom+1987, the+five+senses+1999, intersection+1994, leaving+normal+1992, walle+2008, a+slave+of+love+1976, all+the+mornings+of+the+world+1991, birdy+1984, die+weisse+rose+1982, harem+1985, the+yakuza+1974, beauty+and+the+bastard+2005, gravity+2013, for+keeps+1988, cars+2+2011, 2010+moby+dick+2010, the+game+1997, breakdown+1997, eating+raoul+1982, 430 ms"
"2022-02-08T19:21:00.551486,139497,recommendation request 17645-team17.isri.cmu.edu:8082, status 200, result: six+pack+1982, doc+hollywood+1991, cookie+1989, frenzy+1972, true+crime+1996, obsessed+2009, guilty+as+sin+1993, company+man+2000, albatross+2011, people+like+us+2012, the+incredible+hulk+2008, spasmo+1974, down+in+the+delta+1998, they+made+me+a+criminal+1939, little+murders+1971, back+to+the+future+part+ii+1989, dopamine+2003, seven+alone+1974, the+hand+1981, l.i.e.+2001, 460 ms"
"2022-02-08T19:21:01.438248,121675,recommendation request 17645-team17.isri.cmu.edu:8082, status 200, result: replicant+2001, shampoo+1975, punchline+1988, the+lucky+ones+2008, p.s.+2004, northfork+2003, father+of+the+bride+1991, dick+tracy+1990, ice+castles+1978, harry+and+tonto+1974, the+letter+1940, phoenix+1998, topper+1937, gravity+2013, another+earth+2011, the+matrix+revolutions+2003, junebug+2005, veronica+guerin+2003, the+matrix+1999, from+here+to+eternity+1953, 334 ms"
"2022-02-08T19:21:01.429507,186860,recommendation request 17645-team17.isri.cmu.edu:8082, status 200, result: wreck-it+ralph+2012, the+parent+trap+1998, mary+poppins+1964, punchline+1988, city+slickers+1991, a+goofy+movie+1995, p.s.+2004, son+of+the+mask+2005, barbarosa+1982, the+country+bears+2002, snow+dogs+2002, light+it+up+1999, a+time+to+kill+1996, sleeping+beauty+1959, the+addams+family+1991, freaky+friday+1976, bad+girls+1994, the+verdict+1982, the+yakuza+1974, topper+1937, 325 ms"
"2022-02-08T19:21:01.445682,74987,recommendation request 17645-team17.isri.cmu.edu:8082, status 200, result: life+is+beautiful+1997, cry+freedom+1987, the+five+senses+1999, barbershop+2002, intersection+1994, the+snowman+1982, the+conspiracy+2012, last+holiday+2006, loving+you+1957, barbarosa+1982, another+thin+man+1939, critters+1986, gonin+1995, harem+1985, the+yakuza+1974, the+hidden+1987, beyond+the+sea+2004, american+psycho+2+all+american+girl+2002, a+place+in+the+sun+1951, from+the+hip+1987, 336 ms"
"2022-02-08T19:21:02.598282,275333,recommendation request 17645-team17.isri.cmu.edu:8082, status 200, result: cry+freedom+1987, rollerball+1975, top+secret+1984, coldblooded+1995, nothing+but+trouble+1991, frenzy+1972, true+crime+1996, lethal+weapon+3+1992, incognito+1997, gumby+the+movie+1995, moving+1988, the+brood+1979, hellboy+2004, 9+2005, shivers+1975, gravity+2013, island+2011, lifted+2006, above+the+law+1988, dinoshark+2010, 533 ms"
"2022-02-08T19:21:02.624696,143706,recommendation request 17645-team17.isri.cmu.edu:8082, status 200, result: forbidden+zone+1980, the+last+of+the+mohicans+1992, the+longest+day+1962, oh_+god+1977, p.s.+2004, true+crime+1996, the+next+three+days+2010, the+other+side+of+the+mountain+1975, ice+castles+1978, harry+and+tonto+1974, the+verdict+1982, the+great+escape+1963, phoenix+1998, the+letter+1940, albatross+2011, jabberwocky+1977, junebug+2005, an+education+2009, six+weeks+1982, 7+seconds+2005, 521 ms"
"2022-02-08T19:21:02.833604,224678,recommendation request 17645-team17.isri.cmu.edu:8082, status 200, result: eyewitness+1981, rollerball+1975, barbershop+2002, about+last+night...+1986, ed+1996, street+fighter+the+legend+of+chun-li+2009, p.s.+2004, maze+2000, nims+island+2008, chronicle+2012, casper+1995, another+thin+man+1939, harry+and+tonto+1974, private+parts+1972, the+blue+max+1966, planet+of+the+apes+2001, beneath+the+planet+of+the+apes+1970, jurassic+park+1993, junebug+2005, crush+2001, 731 ms"
"2022-02-08T19:21:02.926980,286660,recommendation request 17645-team17.isri.cmu.edu:8082, status 200, result: eyewitness+1981, drop+zone+1994, bill+cosby+himself+1983, barbershop+2002, melody+time+1948, p.s.+2004, sleeping+beauty+1959, the+aristocats+1970, nims+island+2008, inception+2010, pitch+black+2000, another+thin+man+1939, saludos+amigos+1942, the+saint+1997, hook+1991, beyond+therapy+1987, spasmo+1974, babes+in+toyland+1934, benji+1974, beyond+the+poseidon+adventure+1979, 775 ms"
"2022-02-08T19:21:02.927053,277387,recommendation request 17645-team17.isri.cmu.edu:8082, status 200, result: cry+freedom+1987, rollerball+1975, barbershop+2002, drop+zone+1994, the+snowman+1982, solomon+kane+2009, a+family+thing+1996, bad+girls+1994, another+thin+man+1939, masterminds+1997, private+parts+1972, the+saint+1997, planet+of+the+apes+2001, money+train+1995, gone+in+sixty+seconds+2000, changing+lanes+2002, conan+the+barbarian+1982, the+incredible+hulk+2008, babes+in+toyland+1934, silverado+1985, 844 ms"
"2022-02-08T19:21:02.927033,33806,recommendation request 17645-team17.isri.cmu.edu:8082, status 200, result: american+virgin+2000, the+perfect+score+2004, mickeys+once+upon+a+christmas+1999, melody+time+1948, the+dresser+1983, the+longest+day+1962, the+lucky+ones+2008, mystery_+alaska+1999, breakfast+of+champions+1999, the+world+unseen+2007, the+aristocats+1970, the+woman+2011, lifeboat+1944, grand+illusion+1937, birdy+1984, chicken+run+2000, moving+1988, the+island+1980, saludos+amigos+1942, albatross+2011, 808 ms"
"2022-02-08T19:21:02.927067,54726,recommendation request 17645-team17.isri.cmu.edu:8082, status 200, result: angst+1983, the+thief+of+bagdad+1924, the+gauntlet+1977, the+house+of+yes+1997, the+conspiracy+2012, p.s.+2004, the+pit+and+the+pendulum+1961, sling+blade+1996, brimstone++treacle+1982, northfork+2003, frozen+2007, mothlight+1963, gonin+1995, the+fog+2005, the+yakuza+1974, the+mighty+1998, junebug+2005, hogfather+2006, saw+vi+2009, the+brave+one+2007, 779 ms"
"2022-02-08T19:21:02.941900,51941,recommendation request 17645-team17.isri.cmu.edu:8082, status 200, result: drop+zone+1994, dark+city+1950, the+last+of+the+mohicans+1992, intersection+1994, i+like+it+like+that+1994, true+crime+1996, the+other+side+of+the+mountain+1975, big+hero+6+2014, incognito+1997, bean+1997, love+story+1970, the+saint+1997, a+patch+of+blue+1965, the+yakuza+1974, the+client+1994, changing+lanes+2002, look+whos+talking+too+1990, island+2011, romeo+and+juliet+1936, side+out+1990, 814 ms"
"2022-02-08T19:21:03.457078,287595,recommendation request 17645-team17.isri.cmu.edu:8082, status 200, result: the+new+age+1994, the+five+senses+1999, rollerball+1975, sleepers+1996, rio+bravo+1959, punchline+1988, the+conspiracy+2012, star+wars+episode+iii+-+revenge+of+the+sith+2005, light+it+up+1999, a+time+to+kill+1996, in+the+line+of+fire+1993, fulltime+killer+2001, in+too+deep+1999, one+eight+seven+1997, big+jake+1971, dead+reckoning+1947, planet+of+the+apes+2001, the+yakuza+1974, the+client+1994, hackers+1995, 403 ms"
"2022-02-08T19:21:03.496294,54565,recommendation request 17645-team17.isri.cmu.edu:8082, status 200, result: im+no+angel+1933, the+magnificent+ambersons+1942, the+daytrippers+1996, black+sheep+1996, that+was+then...+this+is+now+1985, brain+donors+1992, the+last+minute+2001, cousins+1989, citizens+band+1977, animal+crackers+1930, and+then+there+were+none+1945, the+informer+1935, in+the+soup+1992, island+2011, laura+1944, of+human+bondage+1934, up+in+smoke+1978, the+seventh+victim+1943, six+of+a+kind+1934, d.o.a.+1950, 345 ms"
"2022-02-08T19:21:03.523002,283355,recommendation request 17645-team17.isri.cmu.edu:8082, status 200, result: american+virgin+2000, shampoo+1975, dark+city+1950, ed+1996, the+children+2008, p.s.+2004, the+dance+of+reality+2013, splash+1984, casper+1995, silver+city+2004, conan+the+barbarian+1982, the+incredible+hulk+2008, x+the+unknown+1956, hook+1991, chicken+little+2005, dungeons++dragons+2000, the+faculty+1998, the+hunchback+of+notre+dame+1996, back+to+the+future+part+ii+1989, beyond+the+poseidon+adventure+1979, 386 ms"
"2022-02-08T19:21:03.554384,11507,recommendation request 17645-team17.isri.cmu.edu:8082, status 200, result: curdled+1996, rollerball+1975, dreamgirls+2006, p.s.+2004, sling+blade+1996, maze+2000, the+dance+of+reality+2013, incognito+1997, thank+you+for+smoking+2005, moving+1988, the+brothers+2001, albatross+2011, the+mighty+1998, junebug+2005, people+like+us+2012, eragon+2006, crush+2001, conan+the+barbarian+1982, bridesmaids+2011, juno+2007, 484 ms"
"2022-02-08T19:21:03.557461,113989,recommendation request 17645-team17.isri.cmu.edu:8082, status 200, result: nothing+but+trouble+1991, bill+cosby+himself+1983, the+five+senses+1999, the+dresser+1983, the+house+of+yes+1997, oh_+god+1977, raging+bull+1980, the+conspiracy+2012, childs+play+3+1991, louis+c.k.+oh+my+god+2013, all+the+mornings+of+the+world+1991, 42nd+street+1933, bad+girls+1994, psycho+1998, the+verdict+1982, national+lampoons+vacation+1983, holy+motors+2012, albatross+2011, jaws+3-d+1983, a+man+and+a+woman+1966, 489 ms"
"2022-02-08T19:21:04.194209,125190,recommendation request 17645-team17.isri.cmu.edu:8082, status 200, result: star+trek+into+darkness+2013, drop+zone+1994, cloverfield+2008, virtuosity+1995, star+trek+v+the+final+frontier+1989, the+avengers+2012, star+trek+nemesis+2002, fist+of+the+north+star+1995, star+trek+insurrection+1998, star+trek+iii+the+search+for+spock+1984, star+trek+iv+the+voyage+home+1986, star+trek+2009, star+trek+first+contact+1996, the+saint+1997, changing+lanes+2002, star+trek+vi+the+undiscovered+country+1991, star+trek+the+motion+picture+1979, firefox+1982, escape+from+l.a.+1996, star+trek+ii+the+wrath+of+khan+1982, 110 ms"
"2022-02-08T19:21:04.499454,304533,recommendation request 17645-team17.isri.cmu.edu:8082, status 200, result: curdled+1996, the+proprietor+1996, the+conspiracy+2012, loving+you+1957, the+other+side+of+the+mountain+1975, light+it+up+1999, detective+story+1951, the+company+men+2010, the+verdict+1982, harry+and+tonto+1974, phoenix+1998, albatross+2011, junebug+2005, shes+having+a+baby+1988, the+hitch-hiker+1953, mobsters+1991, eight+men+out+1988, my+one+and+only+2009, jennifer+eight+1992, come+see+the+paradise+1990, 353 ms"
"2022-02-08T19:21:04.457131,258336,recommendation request 17645-team17.isri.cmu.edu:8082, status 200, result: out+of+sight+1998, cry+freedom+1987, man+of+the+year+2006, jesus+christ+superstar+1973, stick+it+2006, rancho+deluxe+1975, the+snows+of+kilimanjaro+1952, p.s.+2004, barbarosa+1982, the+wash+2001, bellflower+2011, nims+island+2008, flash+of+genius+2008, moving+1988, lightning+jack+1994, the+island+1980, desk+set+1957, out+to+sea+1997, conan+the+barbarian+1982, bridesmaids+2011, 362 ms"
"2022-02-08T19:21:04.524115,154348,recommendation request 17645-team17.isri.cmu.edu:8082, status 200, result: american+virgin+2000, robot+stories+2003, the+house+of+yes+1997, p.s.+2004, barbarosa+1982, a+family+thing+1996, nims+island+2008, the+virgin+suicides+1999, fabled+2002, for+keeps+1988, the+mighty+1998, jurassic+park+1993, junebug+2005, island+2011, last+night+1998, from+the+hip+1987, hook+1991, made+of+honor+2008, my+one+and+only+2009, eating+raoul+1982, 377 ms"
"2022-02-08T19:21:05.426585,59609,recommendation request 17645-team17.isri.cmu.edu:8082, status 200, result: suburban+commando+1991, the+dresser+1983, the+last+of+the+mohicans+1992, the+proprietor+1996, last+holiday+2006, cookie+1989, p.s.+2004, a+goofy+movie+1995, the+other+side+of+the+mountain+1975, 633+squadron+1964, snow+dogs+2002, a+little+princess+1995, forrest+gump+1994, ice+castles+1978, c.h.o.m.p.s.+1979, money+train+1995, albatross+2011, cars+2+2011, shes+having+a+baby+1988, ali+2001, 325 ms"
"2022-02-08T19:21:05.363277,275967,recommendation request 17645-team17.isri.cmu.edu:8082, status 200, result: rollerball+1975, robot+stories+2003, the+amazing+spider-man+2012, star+wars+episode+iii+-+revenge+of+the+sith+2005, the+golden+voyage+of+sinbad+1973, last+holiday+2006, walle+2008, the+other+side+of+the+mountain+1975, lifeboat+1944, one+man+band+2005, masterminds+1997, the+matrix+revolutions+2003, beyond+the+sea+2004, mobsters+1991, conan+the+barbarian+1982, the+brave+one+2007, lifted+2006, last+night+1998, hook+1991, hopscotch+1980, 309 ms"
"2022-02-08T19:21:05.472572,19616,recommendation request 17645-team17.isri.cmu.edu:8082, status 200, result: andre+1994, city+of+ember+2008, krull+1983, lassie+1994, the+7th+voyage+of+sinbad+1958, alice+in+wonderland+1933, young+black+stallion+2003, explorers+1985, inkheart+2008, my+side+of+the+mountain+1969, the+rescuers+1977, stardust+2007, jason+and+the+argonauts+1963, zathura+a+space+adventure+2005, the+last+airbender+2010, dinotopia+2002, charlottes+web+2006, into+the+west+1992, the+spiderwick+chronicles+2008, little+monsters+1989, 383 ms"
"2022-02-08T19:21:05.479645,80492,recommendation request 17645-team17.isri.cmu.edu:8082, status 200, result: the+perfect+score+2004, eyewitness+1981, bon+cop+bad+cop+2006, lockout+2012, p.s.+2004, a+goofy+movie+1995, son+of+the+mask+2005, lethal+weapon+3+1992, vision+quest+1985, freaky+friday+1976, a+little+princess+1995, forrest+gump+1994, haywire+2011, love+story+1970, the+witches+of+eastwick+1987, guilty+as+sin+1993, topper+1937, shes+having+a+baby+1988, the+matrix+1999, the+women+2008, 426 ms"
"2022-02-08T19:21:06.541370,97885,recommendation request 17645-team17.isri.cmu.edu:8082, status 200, result: cry+freedom+1987, forbidden+zone+1980, the+dresser+1983, dark+city+1950, my+man+godfrey+1957, the+proprietor+1996, ed+1996, guest+house+paradiso+1999, p.s.+2004, cookie+1989, sling+blade+1996, all+the+mornings+of+the+world+1991, the+other+side+of+the+mountain+1975, z+1969, lifeboat+1944, dont+say+a+word+2001, ice+castles+1978, albatross+2011, full+speed+1996, the+mighty+1998, 478 ms"
"2022-02-08T19:21:06.571855,193724,recommendation request 17645-team17.isri.cmu.edu:8082, status 200, result: a+goofy+movie+1995, red+dawn+1984, p.s.+2004, courage+under+fire+1996, the+other+side+of+the+mountain+1975, maze+2000, freaky+friday+1976, ice+castles+1978, the+brothers+2001, winnie+the+pooh+2011, an+education+2009, shes+having+a+baby+1988, island+2011, from+here+to+eternity+1953, ali+2001, the+incredible+hulk+2008, the+living+daylights+1987, crush+2001, above+the+law+1988, the+loves+of+carmen+1948, 512 ms"
"2022-02-08T19:21:06.617013,172527,recommendation request 17645-team17.isri.cmu.edu:8082, status 200, result: star+trek+into+darkness+2013, drop+zone+1994, the+replacements+2000, star+trek+v+the+final+frontier+1989, labyrinth+1986, the+avengers+2012, the+man+who+came+to+dinner+1942, star+trek+nemesis+2002, fist+of+the+north+star+1995, a+little+princess+1995, star+trek+iii+the+search+for+spock+1984, the+10th+kingdom+2000, disorderlies+1987, moving+1988, inkheart+2008, matilda+1996, company+man+2000, the+saint+1997, my+sassy+girl+2001, changing+lanes+2002, 548 ms"
"2022-02-08T19:21:06.651366,146347,recommendation request 17645-team17.isri.cmu.edu:8082, status 200, result: eyewitness+1981, sleepers+1996, oh_+god+1977, the+snowman+1982, p.s.+2004, the+warriors+way+2010, true+crime+1996, hollow+man+2000, identity+2003, in+the+line+of+fire+1993, dick+tracy+1990, inception+2010, fulltime+killer+2001, pitch+black+2000, in+too+deep+1999, the+yakuza+1974, gone+in+sixty+seconds+2000, hackers+1995, serial+1980, changing+lanes+2002, 586 ms"
"2022-02-08T19:21:06.660318,219472,recommendation request 17645-team17.isri.cmu.edu:8082, status 200, result: wreck-it+ralph+2012, drop+zone+1994, rollerball+1975, childs+play+3+1991, a+goofy+movie+1995, shaft+in+africa+1973, brimstone++treacle+1982, analyze+this+1999, the+aristocats+1970, northfork+2003, moving+1988, the+yakuza+1974, the+client+1994, cars+2+2011, skinwalkers+2006, mercenary+for+justice+2006, bloodsport+ii+1996, jennifer+eight+1992, dugs+special+mission+2009, ratatouille+2007, 597 ms"
"2022-02-08T19:21:06.657531,144474,recommendation request 17645-team17.isri.cmu.edu:8082, status 200, result: the+dresser+1983, picture+perfect+1997, the+conspiracy+2012, childs+play+3+1991, cazuza+time+doesnt+stop+2004, missing+1982, mystery_+alaska+1999, nothing+to+lose+1994, lethal+weapon+3+1992, behind+the+sun+2001, dick+tracy+1990, johnny+english+2003, psycho+1998, one+eight+seven+1997, guilty+as+sin+1993, albatross+2011, jaws+3-d+1983, the+serpent+and+the+rainbow+1988, juice+1992, island+2011, 588 ms"
"2022-02-08T19:21:07.354448,167476,recommendation request 17645-team17.isri.cmu.edu:8082, status 200, result: shampoo+1975, cry+freedom+1987, what+doesnt+kill+you+2008, the+five+senses+1999, the+proprietor+1996, sling+blade+1996, frenzy+1972, the+other+side+of+the+mountain+1975, contempt+1963, a+time+to+kill+1996, fuck+2005, lifeboat+1944, random+hearts+1999, the+yakuza+1974, the+client+1994, gravity+2013, the+mighty+1998, beyond+the+sea+2004, youth+without+youth+2007, the+game+1997, 268 ms"
"2022-02-08T19:21:07.429720,279832,recommendation request 17645-team17.isri.cmu.edu:8082, status 200, result: cry+freedom+1987, forbidden+zone+1980, p.s.+2004, walle+2008, the+other+side+of+the+mountain+1975, casper+1995, one+man+band+2005, the+island+1980, white+palace+1990, desk+set+1957, out+to+sea+1997, from+dusk+till+dawn+1996, the+incredible+hulk+2008, lifted+2006, hook+1991, 7+seconds+2005, an+american+carol+2008, the+emperors+new+groove+2000, dugs+special+mission+2009, rumble+fish+1983, 320 ms"
"2022-02-08T19:21:07.408214,175856,recommendation request 17645-team17.isri.cmu.edu:8082, status 200, result: the+cat+in+the+hat+2003, drop+zone+1994, rollerball+1975, forbidden+zone+1980, mickeys+once+upon+a+christmas+1999, ed+1996, p.s.+2004, freaky+friday+1976, a+little+princess+1995, chicken+run+2000, phoenix+1998, four+brothers+2005, planet+of+the+apes+2001, how+the+grinch+stole+christmas+2000, jurassic+park+1993, hook+1991, an+american+carol+2008, ratatouille+2007, romeo+is+bleeding+1993, holiday+1938, 317 ms"
"2022-02-08T19:21:08.375488,192210,recommendation request 17645-team17.isri.cmu.edu:8082, status 200, result: the+cat+in+the+hat+2003, wreck-it+ralph+2012, bill+cosby+himself+1983, barbershop+2002, melody+time+1948, the+three+brothers+1995, ed+1996, the+proprietor+1996, louis+c.k.+oh+my+god+2013, p.s.+2004, the+aristocats+1970, fuck+2005, casper+1995, babe+pig+in+the+city+1998, another+thin+man+1939, mothlight+1963, one+man+band+2005, one+eight+seven+1997, 9+2005, the+brothers+2001, 317 ms"
"2022-02-08T19:21:08.451063,238231,recommendation request 17645-team17.isri.cmu.edu:8082, status 200, result: into+eternity+2010, n+1998, nine+lives+2005, p.s.+2004, the+sting+1973, that+was+then...+this+is+now+1985, the+bank+2001, fuck+2005, margot+at+the+wedding+2007, little+darlings+1980, dollars+1971, the+lost+weekend+1945, the+virgin+suicides+1999, jane+eyre+1943, albatross+2011, clockwatchers+1997, away+from+her+2006, junebug+2005, have+rocket_+will+travel+1959, dive+2010, 395 ms"
"2022-02-08T19:21:08.536540,223379,recommendation request 17645-team17.isri.cmu.edu:8082, status 200, result: committed+2000, scent+of+a+woman+1974, malena+2000, something+new+2006, il+divo+2008, medea+1969, the+brother+from+another+planet+1984, law+of+desire+1987, dont+move+2004, lamerica+1994, grande+cole+2004, kika+1993, guantanamera+1995, the+flowers+of+st.+francis+1950, two+friends+2002, juliet+of+the+spirits+1965, clueless+1995, germinal+1993, pocketful+of+miracles+1961, the+survivors+1983, 507 ms"
"2022-02-08T19:21:08.538616,16801,recommendation request 17645-team17.isri.cmu.edu:8082, status 200, result: p.s.+2004, cookie+1989, show+boat+1951, maze+2000, the+brothers+mcmullen+1995, inception+2010, the+brothers+2001, on+the+town+1949, eragon+2006, crush+2001, conan+the+barbarian+1982, dungeons++dragons+2000, sucker+punch+2011, little+murders+1971, going+my+way+1944, hamlet+2+2008, the+black+swan+1942, panic+2000, them+1954, kings+ransom+2005, 525 ms"
"2022-02-08T19:21:09.483849,251308,recommendation request 17645-team17.isri.cmu.edu:8082, status 200, result: the+five+senses+1999, barbershop+2002, my+man+godfrey+1957, ed+1996, raging+bull+1980, the+conspiracy+2012, rain+man+1988, american+psycho+2000, streets+of+fire+1984, fuck+2005, a+family+thing+1996, dick+tracy+1990, another+thin+man+1939, harry+and+tonto+1974, gone+in+sixty+seconds+2000, working+girl+1988, junebug+2005, changing+lanes+2002, juice+1992, my+one+and+only+2009, 464 ms"
"2022-02-08T19:21:09.513953,40651,recommendation request 17645-team17.isri.cmu.edu:8082, status 200, result: n+1998, cry+freedom+1987, the+five+senses+1999, and+now...+ladies+and+gentlemen...+2002, angst+1983, towelhead+2008, 8+seconds+1994, the+proprietor+1996, the+brother+from+another+planet+1984, missing+1982, the+other+side+of+the+mountain+1975, jungle+fever+1991, z+1969, frozen+2007, white+palace+1990, junebug+2005, shes+having+a+baby+1988, island+2011, above+the+law+1988, eight+men+out+1988, 462 ms"
"2022-02-08T19:21:09.532940,228707,recommendation request 17645-team17.isri.cmu.edu:8082, status 200, result: nothing+but+trouble+1991, forbidden+zone+1980, the+last+of+the+mohicans+1992, the+longest+day+1962, p.s.+2004, a+goofy+movie+1995, national+lampoons+vacation+1983, the+great+escape+1963, the+comancheros+1961, beyond+the+sea+2004, desk+set+1957, out+to+sea+1997, junebug+2005, conan+the+barbarian+1982, burnt+offerings+1976, remember+the+night+1940, an+american+carol+2008, the+emperors+new+groove+2000, chicken+little+2005, dungeons++dragons+2000, 484 ms"
"2022-02-08T19:21:09.488102,267350,recommendation request 17645-team17.isri.cmu.edu:8082, status 200, result: crush+1992, the+three+brothers+1995, trophy+wife+2010, you+are+so+beautiful+2005, enough+2002, light+it+up+1999, i+do+2006, the+taste+of+others+2000, grande+cole+2004, that+darn+cat+1997, the+rabbis+cat+2011, a+shock+to+the+system+1990, one_+two_+three_+sun+1993, the+italian+2010, clockwatchers+1997, the+girl+on+the+bridge+1999, junebug+2005, kahaani+2012, my+wife+is+an+actress+2001, my+one+and+only+2009, 444 ms"
"2022-02-08T19:21:09.514002,184318,recommendation request 17645-team17.isri.cmu.edu:8082, status 200, result: miracle+2004, commandments+1997, p.s.+2004, once+around+1991, that+was+then...+this+is+now+1985, maze+2000, never+again+2002, evita+1996, emma+2009, birdy+1984, the+crucible+1996, cromwell+1970, joan+of+arc+1999, the+scarlet+letter+1995, harem+1985, numb+2007, the+brothers+2001, only+you+1994, dedication+2007, aspen+extreme+1993, 429 ms"
"2022-02-08T19:21:09.541732,292247,recommendation request 17645-team17.isri.cmu.edu:8082, status 200, result: gleaming+the+cube+1989, rollerball+1975, rio+bravo+1959, the+dirty+dozen+next+mission+1985, how+i+won+the+war+1967, 633+squadron+1964, lifeboat+1944, moving+1988, grand+canyon+1991, the+verdict+1982, the+yakuza+1974, sanjuro+1962, stand+and+deliver+1988, battle+for+terra+2007, the+truman+show+1998, above+the+law+1988, 10th++wolf+2006, rescue+dawn+2006, patton+1970, pale+rider+1985, 487 ms"
"2022-02-08T19:21:10.407771,230981,recommendation request 17645-team17.isri.cmu.edu:8082, status 200, result: eyewitness+1981, nothing+but+trouble+1991, about+last+night...+1986, the+longest+day+1962, oh_+god+1977, the+conspiracy+2012, notting+hill+1999, p.s.+2004, courage+under+fire+1996, maze+2000, detective+story+1951, birdy+1984, lifeboat+1944, grand+illusion+1937, forrest+gump+1994, love+story+1970, phoenix+1998, the+brothers+2001, my+beautiful+laundrette+1985, macabre+1958, 296 ms"
"2022-02-08T19:21:10.455347,35449,recommendation request 17645-team17.isri.cmu.edu:8082, status 200, result: shampoo+1975, about+last+night...+1986, six+pack+1982, punchline+1988, the+conspiracy+2012, the+golden+voyage+of+sinbad+1973, p.s.+2004, cookie+1989, maze+2000, a+family+thing+1996, pitch+black+2000, harry+and+tonto+1974, the+island+1980, macabre+1958, the+matrix+revolutions+2003, kull+the+conqueror+1997, island+2011, the+brave+one+2007, conan+the+barbarian+1982, crush+2001, 311 ms"
"2022-02-08T19:21:11.405706,31887,recommendation request 17645-team17.isri.cmu.edu:8082, status 200, result: cry+freedom+1987, ed+1996, the+proprietor+1996, courage+under+fire+1996, show+boat+1951, z+1969, lifeboat+1944, casper+1995, bachelor+in+paradise+1961, one+eight+seven+1997, love+crazy+1941, 9+2005, on+the+town+1949, jurassic+park+1993, junebug+2005, island+2011, from+here+to+eternity+1953, eye+of+the+beholder+1999, romeo+and+juliet+1936, hook+1991, 330 ms"
"2022-02-08T19:21:11.409480,60286,recommendation request 17645-team17.isri.cmu.edu:8082, status 200, result: nothing+but+trouble+1991, the+proprietor+1996, doc+hollywood+1991, sling+blade+1996, p.s.+2004, crossroads+2002, national+lampoons+van+wilder+2002, maze+2000, barbarosa+1982, the+wash+2001, a+little+princess+1995, the+next+karate+kid+1994, where+the+heart+is+2000, the+yakuza+1974, the+brothers+2001, the+mighty+1998, serial+1980, waiting+to+exhale+1995, island+2011, crush+2001, 343 ms"
"2022-02-08T19:21:11.413110,213254,recommendation request 17645-team17.isri.cmu.edu:8082, status 200, result: north+by+northwest+1959, drop+zone+1994, rollerball+1975, mary+poppins+1964, a+christmas+carol+2009, without+a+paddle+2004, freaky+friday+1976, birdy+1984, a+shock+to+the+system+1990, harem+1985, planet+of+the+apes+2001, wake+of+death+2004, desk+set+1957, out+to+sea+1997, changing+lanes+2002, the+juror+1996, from+here+to+eternity+1953, ali+2001, hook+1991, richard+iii+1955, 339 ms"
"2022-02-08T19:21:12.509570,176749,recommendation request 17645-team17.isri.cmu.edu:8082, status 200, result: last+holiday+2006, true+crime+1996, crossroads+2002, without+a+paddle+2004, father+of+the+bride+1991, a+little+princess+1995, dick+tracy+1990, cabin+boy+1994, johnny+english+2003, apocalypto+2006, the+saint+1997, sanjuro+1962, gone+in+sixty+seconds+2000, wake+of+death+2004, hackers+1995, the+matrix+revolutions+2003, changing+lanes+2002, american+psycho+2+all+american+girl+2002, the+juror+1996, island+2011, 484 ms"
"2022-02-08T19:21:12.584522,169661,recommendation request 17645-team17.isri.cmu.edu:8082, status 200, result: bill+cosby+himself+1983, robot+stories+2003, six+pack+1982, p.s.+2004, frenzy+1972, freddy+got+fingered+2001, maze+2000, northfork+2003, 42nd+street+1933, on+moonlight+bay+1951, moving+1988, the+brothers+2001, the+truman+show+1998, junebug+2005, juice+1992, look+whos+talking+too+1990, crush+2001, unfinished+business+2015, scary+movie+5+2013, last+night+1998, 544 ms"
"2022-02-08T19:21:12.584577,250097,recommendation request 17645-team17.isri.cmu.edu:8082, status 200, result: eyewitness+1981, the+last+of+the+mohicans+1992, punchline+1988, city+slickers+1991, a+goofy+movie+1995, red+dawn+1984, p.s.+2004, barbarosa+1982, maze+2000, freaky+friday+1976, bad+girls+1994, guilty+as+sin+1993, patriot+games+1992, the+brothers+2001, for+keeps+1988, geronimo+an+american+legend+1993, the+living+daylights+1987, from+here+to+eternity+1953, crush+2001, juice+1992, 562 ms"
"2022-02-08T19:21:12.584459,180473,recommendation request 17645-team17.isri.cmu.edu:8082, status 200, result: narc+2002, drop+zone+1994, suburban+commando+1991, robot+stories+2003, melody+time+1948, the+snowman+1982, amityville+ii+the+possession+1982, p.s.+2004, a+goofy+movie+1995, big+hero+6+2014, maze+2000, die+another+day+2002, the+country+bears+2002, snow+dogs+2002, northfork+2003, the+godfather+part+iii+1990, paul+2011, the+aristocats+1970, c.h.o.m.p.s.+1979, ghoulies+ii+1987, 513 ms"
"2022-02-08T19:21:12.584561,266664,recommendation request 17645-team17.isri.cmu.edu:8082, status 200, result: black+beauty+1994, dreamgirls+2006, intersection+1994, sling+blade+1996, loving+you+1957, a+family+thing+1996, bellflower+2011, a+little+princess+1995, harry+and+tonto+1974, wake+of+death+2004, hackers+1995, the+mighty+1998, junebug+2005, shes+having+a+baby+1988, changing+lanes+2002, island+2011, the+incredible+hulk+2008, the+living+daylights+1987, the+nuns+story+1959, scarface+1932, 566 ms"
"2022-02-08T19:21:13.320952,258015,recommendation request 17645-team17.isri.cmu.edu:8082, status 200, result: eyewitness+1981, rollerball+1975, viva+zapata+1952, the+gauntlet+1977, intersection+1994, frenzy+1972, true+crime+1996, courage+under+fire+1996, rambo+first+blood+part+ii+1985, a+time+to+kill+1996, moving+1988, the+devils+1971, planet+of+the+apes+2001, total+recall+1990, serial+1980, free+willy+3+the+rescue+1997, island+2011, jersey+boys+2014, above+the+law+1988, hopscotch+1980, 222 ms"
"2022-02-08T19:21:13.393776,206748,recommendation request 17645-team17.isri.cmu.edu:8082, status 200, result: the+five+senses+1999, the+house+of+yes+1997, raging+bull+1980, p.s.+2004, maze+2000, a+time+to+kill+1996, a+family+thing+1996, dick+tracy+1990, apocalypto+2006, the+saint+1997, the+yakuza+1974, gone+in+sixty+seconds+2000, the+brothers+2001, the+mighty+1998, junebug+2005, crush+2001, the+nuns+story+1959, remember+the+night+1940, untitled+2009, today+you+die+2005, 254 ms"
"2022-02-08T19:21:14.531036,74200,recommendation request 17645-team17.isri.cmu.edu:8082, status 200, result: wreck-it+ralph+2012, the+parent+trap+1998, mary+poppins+1964, the+conspiracy+2012, a+goofy+movie+1995, p.s.+2004, walle+2008, the+country+bears+2002, snow+dogs+2002, the+aristocats+1970, maze+2000, the+brothers+mcmullen+1995, one+man+band+2005, macabre+1958, out+to+sea+1997, crush+2001, lifted+2006, juno+2007, dugs+special+mission+2009, ratatouille+2007, 428 ms"
"2022-02-08T19:21:14.537649,559,recommendation request 17645-team17.isri.cmu.edu:8082, status 200, result: rollerball+1975, how+i+won+the+war+1967, die+another+day+2002, parker+2013, lifeboat+1944, casper+1995, steel+1997, the+matrix+revolutions+2003, jurassic+park+1993, the+brave+one+2007, the+fury+1978, hook+1991, 7+seconds+2005, the+emperors+new+groove+2000, today+you+die+2005, singham+2011, ratatouille+2007, airport+1975+1974, chicken+little+2005, no+mercy+1986, 453 ms"
"2022-02-08T19:21:14.502628,291346,recommendation request 17645-team17.isri.cmu.edu:8082, status 200, result: cry+freedom+1987, mickeys+once+upon+a+christmas+1999, the+house+of+yes+1997, the+conspiracy+2012, childs+play+3+1991, changeling+2008, jungle+fever+1991, chicken+run+2000, psycho+1998, the+island+1980, planet+of+the+apes+2001, the+wizard+1989, fabled+2002, painted+fire+2002, the+mighty+1998, beyond+the+sea+2004, the+serpent+and+the+rainbow+1988, king+and+the+clown+2005, cry_wolf+2005, melvin+and+howard+1980, 447 ms"
"2022-02-08T19:21:14.531087,172972,recommendation request 17645-team17.isri.cmu.edu:8082, status 200, result: shampoo+1975, cry+freedom+1987, the+house+of+yes+1997, 8+seconds+1994, p.s.+2004, the+other+side+of+the+mountain+1975, maze+2000, rambo+first+blood+part+ii+1985, once+bitten+1985, dont+tell+her+its+me+1990, random+hearts+1999, the+brothers+2001, the+mighty+1998, winnie+the+pooh+2011, changing+lanes+2002, crush+2001, m.+butterfly+1993, texasville+1990, the+women+2008, quartet+1981, 447 ms"
"2022-02-08T19:21:15.598376,261061,recommendation request 17645-team17.isri.cmu.edu:8082, status 200, result: barbershop+2002, bridget+joness+diary+2001, the+dresser+1983, 8+seconds+1994, blue+crush+2002, desert+blue+1999, p.s.+2004, true+crime+1996, hollow+man+2000, identity+2003, maze+2000, an+evening+with+kevin+smith+2002, in+the+line+of+fire+1993, your+friends++neighbors+1998, another+thin+man+1939, private+parts+1972, albatross+2011, the+brothers+2001, a+decade+under+the+influence+2003, junebug+2005, 326 ms"
"2022-02-08T19:21:15.739191,107629,recommendation request 17645-team17.isri.cmu.edu:8082, status 200, result: sullivans+travels+1941, rollerball+1975, nothing+but+trouble+1991, arranged+2007, oh_+god+1977, city+slickers+1991, last+holiday+2006, p.s.+2004, son+of+the+mask+2005, brimstone++treacle+1982, without+a+paddle+2004, moving+1988, masterminds+1997, planet+of+the+apes+2001, topper+1937, patriot+games+1992, for+keeps+1988, free+willy+3+the+rescue+1997, look+whos+talking+too+1990, juice+1992, 491 ms"
"2022-02-08T19:21:15.706461,287954,recommendation request 17645-team17.isri.cmu.edu:8082, status 200, result: cry+freedom+1987, bossa+nova+2000, barbershop+2002, ed+1996, true+crime+1996, the+way+2010, the+hound+of+the+baskervilles+1978, casper+1995, another+thin+man+1939, apocalypto+2006, the+blue+max+1966, planet+of+the+apes+2001, gone+in+sixty+seconds+2000, a+patch+of+blue+1965, beneath+the+planet+of+the+apes+1970, jurassic+park+1993, veronica+guerin+2003, body+double+1984, romeo+and+juliet+1936, hook+1991, 493 ms"
"2022-02-08T19:21:16.413703,66801,recommendation request 17645-team17.isri.cmu.edu:8082, status 200, result: drop+zone+1994, barbershop+2002, return+of+the+fly+1959, p.s.+2004, carnosaur+2+1995, maze+2000, detective+story+1951, inception+2010, the+beverly+hillbillies+1993, another+thin+man+1939, four+brothers+2005, the+brothers+2001, crush+2001, proof+2005, dinoshark+2010, jennifer+eight+1992, untitled+2009, dugs+special+mission+2009, the+fly+ii+1989, private+lives+1931, 364 ms"
"2022-02-08T19:21:16.441910,203661,recommendation request 17645-team17.isri.cmu.edu:8082, status 200, result: crush+1992, cry+freedom+1987, arranged+2007, bossa+nova+2000, the+sunset+limited+2011, the+gauntlet+1977, nine+lives+2005, barbarians+at+the+gate+1993, the+other+side+of+the+mountain+1975, that+was+then...+this+is+now+1985, the+mother+2003, the+way+2010, jackie+brown+1997, the+lookout+2007, green+card+1990, phoenix+1998, the+yakuza+1974, the+client+1994, you+and+i+2006, albatross+2011, 385 ms"
"2022-02-08T19:21:16.441374,220398,recommendation request 17645-team17.isri.cmu.edu:8082, status 200, result: cry+freedom+1987, raging+bull+1980, missing+1982, lethal+weapon+3+1992, a+family+thing+1996, inception+2010, the+island+1980, wake+of+death+2004, on+deadly+ground+1994, sherlock+holmes+in+washington+1943, mobsters+1991, the+matrix+1999, conan+the+barbarian+1982, millions+2005, eight+men+out+1988, made+of+honor+2008, rumble+fish+1983, ruby++quentin+2003, airport+1975+1974, jonah+hex+2010, 351 ms"
"2022-02-08T19:21:16.450403,154235,recommendation request 17645-team17.isri.cmu.edu:8082, status 200, result: gleaming+the+cube+1989, eyewitness+1981, mickeys+once+upon+a+christmas+1999, the+last+of+the+mohicans+1992, the+gauntlet+1977, the+proprietor+1996, barbarosa+1982, 633+squadron+1964, edward+scissorhands+1990, chicken+run+2000, the+verdict+1982, masterminds+1997, the+great+escape+1963, dead+reckoning+1947, money+train+1995, malice+1993, the+yakuza+1974, sherlock+holmes+in+washington+1943, mobsters+1991, above+the+law+1988, 366 ms"
"2022-02-08T19:21:17.313533,147177,recommendation request 17645-team17.isri.cmu.edu:8082, status 200, result: drop+zone+1994, cookie+1989, american+psycho+2000, how+i+won+the+war+1967, barbarosa+1982, a+time+to+kill+1996, birdy+1984, made+in+u.s.a+1966, harem+1985, the+yakuza+1974, the+client+1994, coffy+1973, patriot+games+1992, junebug+2005, skinwalkers+2006, changing+lanes+2002, juice+1992, sherlock+holmes+in+washington+1943, from+here+to+eternity+1953, ali+2001, 220 ms"
"2022-02-08T19:21:17.373373,262685,recommendation request 17645-team17.isri.cmu.edu:8082, status 200, result: cadillac+records+2008, w.+2008, the+300+spartans+1962, quiz+show+1994, zoot+suit+1981, l.i.e.+2001, swing+kids+1993, into+the+woods+1991, the+jazz+singer+1927, that+was+then...+this+is+now+1985, tombstone+1993, the+messenger+2009, amistad+1997, the+scarlet+letter+1995, k-11+2013, nixon+1995, d.o.a.+1980, 1776+1972, the+country+girl+1954, the+gospel+2005, 253 ms"
"2022-02-08T19:21:17.463734,148984,recommendation request 17645-team17.isri.cmu.edu:8082, status 200, result: not+without+my+daughter+1991, green+fire+1954, point+blank+1967, the+big+house+1930, the+russia+house+1990, the+postman+always+rings+twice+1946, deceiver+1997, year+of+the+dragon+1985, song+of+the+thin+man+1947, into+the+blue+2005, the+asphalt+jungle+1950, coma+1978, shaft+1971, kill+me+again+1989, get+carter+1971, gaslight+1944, rope+1948, rush+1991, act+of+violence+1949, out+of+time+2003, 344 ms"
"2022-02-08T19:21:17.481027,98389,recommendation request 17645-team17.isri.cmu.edu:8082, status 200, result: down+periscope+1996, rhinestone+1984, toys+1992, mister+roberts+1955, lucky+them+2013, cookie+1989, dont+move+2004, that+was+then...+this+is+now+1985, east+of+eden+1955, detective+story+1951, northfork+2003, the+jolson+story+1946, final+fantasy+the+spirits+within+2001, bulworth+1998, working+girl+1988, albatross+2011, gravity+2013, the+producers+1967, high+anxiety+1977, another+earth+2011, 361 ms"
"2022-02-08T19:21:17.481081,108833,recommendation request 17645-team17.isri.cmu.edu:8082, status 200, result: the+perfect+score+2004, wreck-it+ralph+2012, my+man+godfrey+1957, ed+1996, a+goofy+movie+1995, the+dance+of+reality+2013, the+aristocats+1970, detective+story+1951, inception+2010, paul+2011, the+longest+yard+1974, cars+2+2011, island+2011, dugs+special+mission+2009, ratatouille+2007, they+made+me+a+criminal+1939, the+dream+team+1989, cars+2006, fallen+1998, the+naked+gun+2+the+smell+of+fear+1991, 361 ms"
"2022-02-08T19:21:17.535130,278161,recommendation request 17645-team17.isri.cmu.edu:8082, status 200, result: the+cat+in+the+hat+2003, about+last+night...+1986, top+secret+1984, ed+1996, the+snowman+1982, american+ninja+1985, rambo+first+blood+part+ii+1985, maze+2000, lethal+weapon+3+1992, a+family+thing+1996, dick+tracy+1990, inception+2010, how+the+grinch+stole+christmas+2000, the+matrix+revolutions+2003, the+matrix+1999, crush+2001, side+out+1990, above+the+law+1988, hook+1991, today+you+die+2005, 415 ms"
"2022-02-08T19:21:18.423385,150226,recommendation request 17645-team17.isri.cmu.edu:8082, status 200, result: curdled+1996, 8+seconds+1994, p.s.+2004, a+goofy+movie+1995, maze+2000, lethal+weapon+3+1992, dick+tracy+1990, harry+and+tonto+1974, apocalypto+2006, gone+in+sixty+seconds+2000, junebug+2005, veronica+guerin+2003, the+hitch-hiker+1953, crush+2001, mobsters+1991, the+fury+1978, my+one+and+only+2009, dinoshark+2010, the+emperors+new+groove+2000, chicken+little+2005, 347 ms"
"2022-02-08T19:21:18.457040,113351,recommendation request 17645-team17.isri.cmu.edu:8082, status 200, result: curdled+1996, arranged+2007, nine+lives+2005, circus+2000, p.s.+2004, suddenly+1954, the+other+side+of+the+mountain+1975, that+was+then...+this+is+now+1985, the+mother+2003, incognito+1997, maze+2000, never+again+2002, emma+2009, the+lookout+2007, the+letter+1940, phoenix+1998, the+brothers+2001, only+you+1994, away+from+her+2006, s.w.a.t.+2003, 387 ms"
"2022-02-08T19:21:19.507086,134048,recommendation request 17645-team17.isri.cmu.edu:8082, status 200, result: arranged+2007, mary+poppins+1964, the+red+shoes+1948, the+snowman+1982, doc+hollywood+1991, true+crime+1996, solomon+kane+2009, the+other+side+of+the+mountain+1975, light+it+up+1999, birdy+1984, big+trouble+2002, gumby+the+movie+1995, moving+1988, the+verdict+1982, blood_+guts_+bullets+and+octane+1998, masterminds+1997, harem+1985, in+this+world+2002, conan+the+barbarian+1982, eight+men+out+1988, 426 ms"
"2022-02-08T19:21:19.524698,98591,recommendation request 17645-team17.isri.cmu.edu:8082, status 200, result: cry+freedom+1987, mickeys+once+upon+a+christmas+1999, the+dresser+1983, missing+1982, p.s.+2004, mystery_+alaska+1999, sleeping+beauty+1959, the+other+side+of+the+mountain+1975, maze+2000, gumby+the+movie+1995, one+eight+seven+1997, guilty+as+sin+1993, albatross+2011, the+brothers+2001, beyond+the+sea+2004, junebug+2005, white+palace+1990, island+2011, crush+2001, six+weeks+1982, 441 ms"
"2022-02-08T19:21:19.537581,289351,recommendation request 17645-team17.isri.cmu.edu:8082, status 200, result: shampoo+1975, rollerball+1975, sleepers+1996, the+longest+day+1962, star+wars+episode+iii+-+revenge+of+the+sith+2005, the+other+side+of+the+mountain+1975, a+time+to+kill+1996, gods+not+dead+2014, lifeboat+1944, a+little+princess+1995, grand+illusion+1937, fulltime+killer+2001, birdy+1984, in+too+deep+1999, random+hearts+1999, harem+1985, planet+of+the+apes+2001, the+yakuza+1974, hackers+1995, desk+set+1957, 452 ms"
"2022-02-08T19:21:19.552488,296173,recommendation request 17645-team17.isri.cmu.edu:8082, status 200, result: eyewitness+1981, drop+zone+1994, coldblooded+1995, raging+bull+1980, sling+blade+1996, rambo+first+blood+part+ii+1985, a+family+thing+1996, in+the+line+of+fire+1993, gumby+the+movie+1995, dumb+and+dumber+to+2014, dead+reckoning+1947, guilty+as+sin+1993, the+saint+1997, albatross+2011, the+mighty+1998, changing+lanes+2002, island+2011, proof+2005, hopscotch+1980, 10th++wolf+2006, 450 ms"
"2022-02-08T19:21:20.439615,23254,recommendation request 17645-team17.isri.cmu.edu:8082, status 200, result: miracle+2004, chasers+1994, nothing+but+trouble+1991, the+replacements+2000, off+limits+1988, 3000+miles+to+graceland+2001, primal+fear+1996, scarface+1983, that+was+then...+this+is+now+1985, evita+1996, lethal+weapon+3+1992, in+the+line+of+fire+1993, incognito+1997, birdy+1984, the+crucible+1996, cromwell+1970, big+bully+1996, joan+of+arc+1999, moving+1988, dead+reckoning+1947, 316 ms"
"2022-02-08T19:21:20.407261,109362,recommendation request 17645-team17.isri.cmu.edu:8082, status 200, result: eyewitness+1981, the+cat+in+the+hat+2003, drop+zone+1994, six+pack+1982, mary+poppins+1964, ed+1996, p.s.+2004, courage+under+fire+1996, the+addams+family+1991, vision+quest+1985, a+family+thing+1996, a+little+princess+1995, freaky+friday+1976, casper+1995, babe+pig+in+the+city+1998, harry+and+tonto+1974, the+witches+of+eastwick+1987, the+saint+1997, how+the+grinch+stole+christmas+2000, modesty+blaise+1966, 357 ms"
"2022-02-08T19:21:20.501675,151010,recommendation request 17645-team17.isri.cmu.edu:8082, status 200, result: eyewitness+1981, rollerball+1975, dark+city+1950, ed+1996, star+wars+episode+iii+-+revenge+of+the+sith+2005, frenzy+1972, true+crime+1996, 633+squadron+1964, lifeboat+1944, z+1969, grand+illusion+1937, casper+1995, birdy+1984, heavens+gate+1980, bachelor+in+paradise+1961, love+crazy+1941, phoenix+1998, harem+1985, planet+of+the+apes+2001, for+keeps+1988, 455 ms"
"2022-02-08T19:21:20.521193,238338,recommendation request 17645-team17.isri.cmu.edu:8082, status 200, result: drop+zone+1994, rollerball+1975, the+avengers+1998, my+man+godfrey+1957, ed+1996, oh_+god+1977, star+wars+episode+iii+-+revenge+of+the+sith+2005, incognito+1997, without+a+paddle+2004, a+time+to+kill+1996, a+family+thing+1996, northfork+2003, moving+1988, wake+of+death+2004, analyze+that+2002, the+client+1994, planet+of+the+apes+2001, on+deadly+ground+1994, changing+lanes+2002, the+brave+one+2007, 476 ms"
"2022-02-08T19:21:20.525504,224178,recommendation request 17645-team17.isri.cmu.edu:8082, status 200, result: the+cat+in+the+hat+2003, drop+zone+1994, six+pack+1982, the+last+of+the+mohicans+1992, ed+1996, the+longest+day+1962, p.s.+2004, a+goofy+movie+1995, 633+squadron+1964, a+family+thing+1996, without+a+paddle+2004, a+little+princess+1995, babe+pig+in+the+city+1998, harry+and+tonto+1974, wake+of+death+2004, how+the+grinch+stole+christmas+2000, changing+lanes+2002, rat+2001, the+incredible+hulk+2008, a+knights+tale+2001, 446 ms"
"2022-02-08T19:21:21.404200,188478,recommendation request 17645-team17.isri.cmu.edu:8082, status 200, result: intersection+1994, p.s.+2004, loving+you+1957, maze+2000, light+it+up+1999, gods+not+dead+2014, nims+island+2008, forrest+gump+1994, casper+1995, the+verdict+1982, love+story+1970, phoenix+1998, the+brothers+2001, jurassic+park+1993, serial+1980, shes+having+a+baby+1988, crush+2001, the+hot+spot+1990, hook+1991, a+place+in+the+sun+1951, 299 ms"
"2022-02-08T19:21:22.365798,65376,recommendation request 17645-team17.isri.cmu.edu:8082, status 200, result: city+hall+1996, rollerball+1975, wisegirls+2002, punchline+1988, the+island+at+the+top+of+the+world+1974, city+slickers+1991, my+giant+1998, captain+america+the+first+avenger+2011, mysterious+island+1961, the+last+starfighter+1984, barbarosa+1982, the+avengers+2012, bad+girls+1994, the+pumaman+1980, megaforce+1982, iron+man+3+2013, independence+day+1996, geronimo+an+american+legend+1993, leonard+part+6+1987, john+carter+2012, 313 ms"
"2022-02-08T19:21:22.353344,299313,recommendation request 17645-team17.isri.cmu.edu:8082, status 200, result: top+secret+1984, lockout+2012, the+errand+boy+1961, p.s.+2004, courage+under+fire+1996, the+other+side+of+the+mountain+1975, freaky+friday+1976, cabin+boy+1994, haywire+2011, patriot+games+1992, winnie+the+pooh+2011, juice+1992, island+2011, breakdown+1997, ratatouille+2007, trouble+in+paradise+1932, patton+1970, get+real+1998, rocky+1976, seven+alone+1974, 308 ms"
"2022-02-08T19:21:22.475426,245518,recommendation request 17645-team17.isri.cmu.edu:8082, status 200, result: lockout+2012, raging+bull+1980, a+goofy+movie+1995, p.s.+2004, missing+1982, maze+2000, lethal+weapon+3+1992, a+family+thing+1996, dick+tracy+1990, haywire+2011, a+shock+to+the+system+1990, the+brothers+2001, albatross+2011, sherlock+holmes+in+washington+1943, crush+2001, mobsters+1991, the+juror+1996, ali+2001, the+fury+1978, dinoshark+2010, 431 ms"
"2022-02-08T19:21:22.497416,194735,recommendation request 17645-team17.isri.cmu.edu:8082, status 200, result: american+virgin+2000, doc+hollywood+1991, p.s.+2004, maze+2000, spirit+stallion+of+the+cimarron+2002, light+it+up+1999, in+the+line+of+fire+1993, cabin+boy+1994, splash+1984, moving+1988, harry+and+tonto+1974, a+shock+to+the+system+1990, dead+reckoning+1947, malice+1993, the+brothers+2001, the+wizard+1989, junebug+2005, ready+to+rumble+2000, crush+2001, mr.+jealousy+1997, 450 ms"
"2022-02-08T19:21:22.507629,302842,recommendation request 17645-team17.isri.cmu.edu:8082, status 200, result: the+house+of+yes+1997, the+gauntlet+1977, p.s.+2004, sling+blade+1996, cookie+1989, maze+2000, lethal+weapon+3+1992, the+brothers+mcmullen+1995, inception+2010, dick+tracy+1990, the+yakuza+1974, the+brothers+2001, the+matrix+revolutions+2003, the+mighty+1998, veronica+guerin+2003, crush+2001, the+matrix+1999, above+the+law+1988, 7+seconds+2005, the+art+of+war+2000, 454 ms"
"2022-02-08T19:21:23.471937,35783,recommendation request 17645-team17.isri.cmu.edu:8082, status 200, result: see+no+evil+2006, intersection+1994, a+dogs+will+2000, its+all+about+love+2003, elite+squad+the+enemy+within+2010, cazuza+time+doesnt+stop+2004, 3+women+1977, nothing+to+lose+1994, behind+the+sun+2001, the+last+minute+2001, excision+2012, to+catch+a+thief+1955, uprise+2008, the+boogens+1981, aliens+vs+predator+requiem+2007, predator+2+1990, sonny+2002, island+2011, the+fury+1978, double+indemnity+1944, 406 ms"
"2022-02-08T19:21:23.499214,86464,recommendation request 17645-team17.isri.cmu.edu:8082, status 200, result: switchback+1997, 8+seconds+1994, the+conspiracy+2012, p.s.+2004, light+it+up+1999, maze+2000, critters+1986, lionheart+1990, the+hidden+1987, opportunity+knocks+1990, 2010+moby+dick+2010, serial+1980, crush+2001, spasmo+1974, airport+1975+1974, dungeons++dragons+2000, bulletproof+1996, fun+in+acapulco+1963, dopamine+2003, bring+it+on+again+2004, 408 ms"
"2022-02-08T19:21:23.512513,261677,recommendation request 17645-team17.isri.cmu.edu:8082, status 200, result: american+virgin+2000, cry+freedom+1987, robot+stories+2003, ed+1996, leaving+normal+1992, doc+hollywood+1991, notting+hill+1999, p.s.+2004, maze+2000, a+time+to+kill+1996, northfork+2003, cabin+boy+1994, bellflower+2011, casper+1995, moving+1988, back+to+school+1986, the+client+1994, the+brothers+2001, my+beautiful+laundrette+1985, another+earth+2011, 428 ms"
"2022-02-08T19:21:23.521243,17944,recommendation request 17645-team17.isri.cmu.edu:8082, status 200, result: oh_+god+1977, ed+1996, the+proprietor+1996, the+conspiracy+2012, family+plot+1976, book+of+shadows+blair+witch+2+2000, p.s.+2004, father+of+the+bride+1991, pitch+black+2000, moving+1988, the+witches+of+eastwick+1987, dead+reckoning+1947, topper+1937, macabre+1958, eye+of+the+beholder+1999, agnes+browne+1999, spasmo+1974, terminator+2+judgment+day+1991, the+allnighter+1987, absentia+2011, 427 ms"
"2022-02-08T19:21:23.520405,281465,recommendation request 17645-team17.isri.cmu.edu:8082, status 200, result: curdled+1996, bill+cosby+himself+1983, the+house+of+yes+1997, the+proprietor+1996, the+conspiracy+2012, how+i+won+the+war+1967, a+little+princess+1995, lifeboat+1944, the+blue+max+1966, planet+of+the+apes+2001, beneath+the+planet+of+the+apes+1970, platoon+1986, jurassic+park+1993, the+mighty+1998, in+harms+way+1965, the+hitch-hiker+1953, mobsters+1991, island+2011, beyond+therapy+1987, the+curse+of+the+cat+people+1944, 437 ms"
"2022-02-08T19:21:24.315661,122949,recommendation request 17645-team17.isri.cmu.edu:8082, status 200, result: the+perfect+score+2004, bon+cop+bad+cop+2006, about+last+night...+1986, 8+seconds+1994, p.s.+2004, red+dawn+1984, son+of+the+mask+2005, courage+under+fire+1996, rambo+first+blood+part+ii+1985, maze+2000, once+bitten+1985, the+letter+1940, the+yakuza+1974, patriot+games+1992, topper+1937, juice+1992, crush+2001, island+2011, the+living+daylights+1987, m.+butterfly+1993, 205 ms"
"2022-02-08T19:21:24.319807,41016,recommendation request 17645-team17.isri.cmu.edu:8082, status 200, result: drop+zone+1994, mickeys+once+upon+a+christmas+1999, top+secret+1984, p.s.+2004, dont+move+2004, the+addams+family+1991, maze+2000, without+a+paddle+2004, a+little+princess+1995, birdy+1984, chicken+run+2000, lionheart+1990, harem+1985, wake+of+death+2004, running+scared+1986, changing+lanes+2002, crush+2001, romeo+and+juliet+1936, side+out+1990, above+the+law+1988, 307 ms"
"2022-02-08T19:21:24.454919,283591,recommendation request 17645-team17.isri.cmu.edu:8082, status 200, result: dead+of+winter+1987, the+magician+1958, the+five+senses+1999, the+dresser+1983, the+bounty+1984, contempt+1963, a+family+thing+1996, detective+story+1951, frozen+2007, the+letter+1940, the+devils+1971, sanjuro+1962, albatross+2011, beyond+the+sea+2004, the+passion+of+anna+1969, the+sword+of+doom+1966, youth+without+youth+2007, six+weeks+1982, stromboli+1950, jennifer+eight+1992, 382 ms"
"2022-02-08T19:21:24.454144,98485,recommendation request 17645-team17.isri.cmu.edu:8082, status 200, result: drop+zone+1994, the+westerner+1940, the+proprietor+1996, the+snowman+1982, the+conspiracy+2012, p.s.+2004, the+warriors+way+2010, crossroads+2002, identity+2003, barbarosa+1982, snow+dogs+2002, big+hero+6+2014, the+country+bears+2002, maze+2000, the+brothers+mcmullen+1995, tap+1989, gumby+the+movie+1995, the+verdict+1982, the+brood+1979, the+saint+1997, 384 ms"
"2022-02-08T19:21:25.457349,134921,recommendation request 17645-team17.isri.cmu.edu:8082, status 200, result: the+new+age+1994, the+five+senses+1999, arranged+2007, rollerball+1975, raging+bull+1980, frenzy+1972, identity+2003, brimstone++treacle+1982, the+andromeda+strain+1971, a+time+to+kill+1996, gods+not+dead+2014, father+of+the+bride+1991, psycho+1998, phoenix+1998, the+yakuza+1974, the+client+1994, serial+1980, bottle+rocket+1996, battle+for+terra+2007, juice+1992, 415 ms"
"2022-02-08T19:21:25.476301,290459,recommendation request 17645-team17.isri.cmu.edu:8082, status 200, result: north+by+northwest+1959, the+glimmer+man+1996, bill+cosby+himself+1983, 8+seconds+1994, the+high+and+the+mighty+1954, doc+hollywood+1991, the+other+side+of+the+mountain+1975, lethal+weapon+3+1992, the+beverly+hillbillies+1993, moving+1988, for+keeps+1988, desk+set+1957, the+truman+show+1998, live+nude+girls+unite+2000, cherrybomb+2009, mr.+jealousy+1997, the+women+2008, beyond+therapy+1987, above+the+law+1988, peepli+live+2010, 438 ms"
"2022-02-08T19:21:25.491047,236620,recommendation request 17645-team17.isri.cmu.edu:8082, status 200, result: wreck-it+ralph+2012, drop+zone+1994, suburban+commando+1991, think+like+a+man+too+2014, a+goofy+movie+1995, show+boat+1951, lethal+weapon+3+1992, the+aristocats+1970, footloose+1984, dick+tracy+1990, c.h.o.m.p.s.+1979, bachelor+in+paradise+1961, love+crazy+1941, the+saint+1997, on+the+town+1949, the+nuns+story+1959, the+idolmaker+1980, spaced+invaders+1990, bulletproof+1996, rescue+dawn+2006, 451 ms"
"2022-02-08T19:21:25.483715,138384,recommendation request 17645-team17.isri.cmu.edu:8082, status 200, result: bill+cosby+himself+1983, barbershop+2002, the+house+of+yes+1997, raging+bull+1980, sling+blade+1996, pajama+party+1964, true+crime+1996, p.s.+2004, mystery_+alaska+1999, maze+2000, the+world+unseen+2007, a+family+thing+1996, another+thin+man+1939, silver+city+2004, the+mighty+1998, in+this+world+2002, junebug+2005, crush+2001, from+the+hip+1987, eight+men+out+1988, 438 ms"
"2022-02-08T19:21:26.420848,88369,recommendation request 17645-team17.isri.cmu.edu:8082, status 200, result: and+now...+ladies+and+gentlemen...+2002, the+longest+day+1962, missing+1982, loving+you+1957, mystery_+alaska+1999, the+other+side+of+the+mountain+1975, maze+2000, a+family+thing+1996, cabin+boy+1994, lifeboat+1944, grand+illusion+1937, casper+1995, one+eight+seven+1997, guilty+as+sin+1993, joy+ride+2001, jurassic+park+1993, serial+1980, in+harms+way+1965, crush+2001, island+2011, 287 ms"
"2022-02-08T19:21:27.528866,265715,recommendation request 17645-team17.isri.cmu.edu:8082, status 200, result: eyewitness+1981, the+proprietor+1996, how+i+won+the+war+1967, behind+enemy+lines+ii+axis+of+evil+2006, that+was+then...+this+is+now+1985, courage+under+fire+1996, cq+2001, lifeboat+1944, star+trek+iii+the+search+for+spock+1984, haywire+2011, paintball+2009, paparazzi+2004, the+blue+max+1966, shopping+1994, platoon+1986, jurassic+park+1993, predator+2+1990, in+harms+way+1965, the+eagle+has+landed+1976, in+hell+2003, 385 ms"
"2022-02-08T19:21:27.528224,114970,recommendation request 17645-team17.isri.cmu.edu:8082, status 200, result: the+five+senses+1999, bossa+nova+2000, oh_+god+1977, 8+seconds+1994, paths+of+glory+1957, the+conspiracy+2012, the+proprietor+1996, the+errand+boy+1961, ed+1996, p.s.+2004, how+i+won+the+war+1967, the+way+2010, birdy+1984, dick+tracy+1990, cabin+boy+1994, casper+1995, moving+1988, apocalypto+2006, the+saint+1997, gone+in+sixty+seconds+2000, 385 ms"
"2022-02-08T19:21:27.532378,79980,recommendation request 17645-team17.isri.cmu.edu:8082, status 200, result: the+avengers+1998, lockout+2012, punchline+1988, paths+of+glory+1957, city+slickers+1991, how+i+won+the+war+1967, barbarosa+1982, incognito+1997, birdy+1984, bad+girls+1994, casper+1995, haywire+2011, psycho+1998, masterminds+1997, analyze+that+2002, jurassic+park+1993, geronimo+an+american+legend+1993, the+brave+one+2007, conan+the+barbarian+1982, days+of+glory+1944, 409 ms"
"2022-02-08T19:21:27.537305,77783,recommendation request 17645-team17.isri.cmu.edu:8082, status 200, result: the+perfect+score+2004, rollerball+1975, six+pack+1982, the+errand+boy+1961, p.s.+2004, frenzy+1972, son+of+the+mask+2005, true+crime+1996, the+other+side+of+the+mountain+1975, a+family+thing+1996, father+of+the+bride+1991, cabin+boy+1994, harry+and+tonto+1974, planet+of+the+apes+2001, topper+1937, for+keeps+1988, the+longest+yard+1974, shes+having+a+baby+1988, the+women+2008, spasmo+1974, 412 ms"
"2022-02-08T19:21:28.574301,62820,recommendation request 17645-team17.isri.cmu.edu:8082, status 200, result: eyewitness+1981, cry+freedom+1987, drop+zone+1994, coldblooded+1995, red+dawn+1984, rambo+first+blood+part+ii+1985, vision+quest+1985, a+little+princess+1995, dumb+and+dumber+to+2014, the+witches+of+eastwick+1987, the+saint+1997, changing+lanes+2002, the+living+daylights+1987, the+incredible+hulk+2008, above+the+law+1988, hopscotch+1980, today+you+die+2005, hall+pass+2011, no+mercy+1986, fire+down+below+1997, 516 ms"
"2022-02-08T19:21:28.571372,260846,recommendation request 17645-team17.isri.cmu.edu:8082, status 200, result: melody+time+1948, six+pack+1982, raging+bull+1980, p.s.+2004, courage+under+fire+1996, maze+2000, the+aristocats+1970, a+family+thing+1996, vision+quest+1985, a+little+princess+1995, father+of+the+bride+1991, splash+1984, casper+1995, harry+and+tonto+1974, the+witches+of+eastwick+1987, saludos+amigos+1942, the+brothers+2001, albatross+2011, island+2011, the+incredible+hulk+2008, 520 ms"
"2022-02-08T19:21:28.611044,222942,recommendation request 17645-team17.isri.cmu.edu:8082, status 200, result: the+glimmer+man+1996, the+new+age+1994, rollerball+1975, mary+poppins+1964, under+siege+1992, light+it+up+1999, the+addams+family+1991, a+time+to+kill+1996, freaky+friday+1976, a+little+princess+1995, forrest+gump+1994, the+verdict+1982, the+island+1980, the+yakuza+1974, the+client+1994, on+deadly+ground+1994, shes+having+a+baby+1988, mobsters+1991, above+the+law+1988, hook+1991, 550 ms"
"2022-02-08T19:21:28.727019,96924,recommendation request 17645-team17.isri.cmu.edu:8082, status 200, result: dead+of+winter+1987, cry+freedom+1987, what+doesnt+kill+you+2008, dark+city+1950, think+like+a+man+too+2014, p.s.+2004, frenzy+1972, how+i+won+the+war+1967, a+time+to+kill+1996, lifeboat+1944, bachelor+in+paradise+1961, love+crazy+1941, phoenix+1998, on+the+town+1949, the+life+and+death+of+colonel+blimp+1943, serial+1980, crush+2001, heartbreakers+2001, mr.+jealousy+1997, the+man+who+knew+too+much+1956, 674 ms"
"2022-02-08T19:21:28.733310,60587,recommendation request 17645-team17.isri.cmu.edu:8082, status 200, result: cry+freedom+1987, raging+bull+1980, the+golden+voyage+of+sinbad+1973, p.s.+2004, true+crime+1996, walle+2008, the+other+side+of+the+mountain+1975, courage+under+fire+1996, edward+scissorhands+1990, maze+2000, the+verdict+1982, the+island+1980, the+brothers+2001, cars+2+2011, white+palace+1990, desk+set+1957, out+to+sea+1997, kull+the+conqueror+1997, crush+2001, conan+the+barbarian+1982, 675 ms"
"2022-02-08T19:21:28.744089,195031,recommendation request 17645-team17.isri.cmu.edu:8082, status 200, result: eyewitness+1981, switchback+1997, bill+cosby+himself+1983, barbershop+2002, agnes+of+god+1985, ed+1996, demons+1985, lethal+weapon+3+1992, detective+story+1951, the+company+men+2010, inception+2010, casper+1995, another+thin+man+1939, wake+of+death+2004, albatross+2011, jurassic+park+1993, the+matrix+1999, phil+spector+2013, above+the+law+1988, beyond+therapy+1987, 617 ms"
"2022-02-08T19:21:29.290937,220197,recommendation request 17645-team17.isri.cmu.edu:8082, status 200, result: the+war+1994, exodus+1960, under+fire+1983, behold+a+pale+horse+1964, fail-safe+1964, the+flowers+of+war+2011, the+bridge+1959, cromwell+1970, beautiful+boxer+2004, empire+of+the+sun+1987, the+river+1984, the+swimmer+1968, 1776+1972, generation+kill+2008, from+here+to+eternity+1953, ali+2001, barabbas+1961, lawrence+of+arabia+1962, casualties+of+war+1989, patton+1970, 240 ms"
"2022-02-08T19:21:29.321396,209519,recommendation request 17645-team17.isri.cmu.edu:8082, status 200, result: a+nightmare+on+elm+street+part+2+freddys+revenge+1985, bill+cosby+himself+1983, sleepers+1996, the+house+of+yes+1997, guest+house+paradiso+1999, pajama+party+1964, carnosaur+2+1995, the+other+side+of+the+mountain+1975, the+addams+family+1991, flashdance+1983, freaky+friday+1976, forrest+gump+1994, bad+girls+1994, critters+1986, the+verdict+1982, the+client+1994, shes+having+a+baby+1988, beyond+therapy+1987, high+sierra+1941, dinoshark+2010, 266 ms"
"2022-02-08T19:21:29.293074,165634,recommendation request 17645-team17.isri.cmu.edu:8082, status 200, result: eyewitness+1981, rollerball+1975, top+secret+1984, robot+stories+2003, my+man+godfrey+1957, ed+1996, star+wars+episode+iii+-+revenge+of+the+sith+2005, p.s.+2004, the+addams+family+1991, northfork+2003, a+little+princess+1995, inception+2010, chronicle+2012, pitch+black+2000, planet+of+the+apes+2001, island+2011, last+night+1998, the+fan+1981, today+you+die+2005, spasmo+1974, 262 ms"
"2022-02-08T19:21:30.426965,44083,recommendation request 17645-team17.isri.cmu.edu:8082, status 200, result: nothing+but+trouble+1991, the+other+side+of+the+mountain+1975, fuck+2005, national+lampoons+vacation+1983, still+bill+2010, junebug+2005, an+education+2009, american+psycho+2+all+american+girl+2002, mobsters+1991, from+here+to+eternity+1953, ali+2001, my+one+and+only+2009, stromboli+1950, rescue+dawn+2006, every+which+way+but+loose+1978, holiday+1938, the+survivors+1983, get+real+1998, bloomington+2010, beyond+the+poseidon+adventure+1979, 380 ms"
"2022-02-08T19:21:30.424161,118430,recommendation request 17645-team17.isri.cmu.edu:8082, status 200, result: eyewitness+1981, drop+zone+1994, bill+cosby+himself+1983, rollerball+1975, switchback+1997, arranged+2007, the+snowman+1982, double+team+1997, the+conspiracy+2012, identity+2003, brimstone++treacle+1982, spy+kids+3-d+game+over+2003, the+saint+1997, planet+of+the+apes+2001, changing+lanes+2002, body+double+1984, scary+movie+5+2013, beyond+therapy+1987, dark+passage+1947, appaloosa+2008, 391 ms"
"2022-02-08T19:21:30.437657,216081,recommendation request 17645-team17.isri.cmu.edu:8082, status 200, result: rio+2+2014, barbershop+2002, the+gauntlet+1977, the+house+of+yes+1997, sling+blade+1996, walle+2008, the+aristocats+1970, detective+story+1951, another+thin+man+1939, the+letter+1940, dead+reckoning+1947, one+man+band+2005, the+yakuza+1974, malice+1993, still+bill+2010, the+mighty+1998, island+2011, heartbreakers+2001, the+nuns+story+1959, lifted+2006, 378 ms"
"2022-02-08T19:21:31.471083,116803,recommendation request 17645-team17.isri.cmu.edu:8082, status 200, result: the+perfect+score+2004, the+cat+in+the+hat+2003, six+pack+1982, mary+poppins+1964, ed+1996, the+snowman+1982, a+goofy+movie+1995, big+hero+6+2014, sleeping+beauty+1959, a+family+thing+1996, a+little+princess+1995, gumby+the+movie+1995, harry+and+tonto+1974, how+the+grinch+stole+christmas+2000, the+longest+yard+1974, hook+1991, the+emperors+new+groove+2000, bingo+1991, chicken+little+2005, underdog+2007, 393 ms"
"2022-02-08T19:21:31.622558,271320,recommendation request 17645-team17.isri.cmu.edu:8082, status 200, result: the+conspiracy+2012, think+like+a+man+too+2014, p.s.+2004, detective+story+1951, frozen+2007, the+godfather+part+iii+1990, mothlight+1963, albatross+2011, beyond+the+sea+2004, junebug+2005, island+2011, m.+butterfly+1993, of+human+bondage+1934, dark+passage+1947, my+one+and+only+2009, jennifer+eight+1992, breakfast+on+pluto+2005, the+idolmaker+1980, blackrock+1997, spasmo+1974, 472 ms"
"2022-02-08T19:21:31.620197,51670,recommendation request 17645-team17.isri.cmu.edu:8082, status 200, result: black+beauty+1994, helen+of+troy+1956, back+to+the+future+part+iii+1990, the+gauntlet+1977, who+am+i+1998, finding+nemo+2003, ivans+childhood+1962, die+another+day+2002, small+soldiers+1998, for+your+eyes+only+1981, the+bridge+1959, e.t.+the+extra-terrestrial+1982, grand+illusion+1937, vincere+2009, a+better+tomorrow+ii+1987, wake+of+death+2004, balto+1995, breakout+1975, goldfinger+1964, the+living+daylights+1987, 515 ms"
"2022-02-08T19:21:31.713811,101863,recommendation request 17645-team17.isri.cmu.edu:8082, status 200, result: the+glimmer+man+1996, switchback+1997, lockout+2012, p.s.+2004, a+goofy+movie+1995, son+of+the+mask+2005, under+siege+1992, a+time+to+kill+1996, vision+quest+1985, freaky+friday+1976, a+little+princess+1995, haywire+2011, the+witches+of+eastwick+1987, topper+1937, winnie+the+pooh+2011, on+deadly+ground+1994, the+incredible+hulk+2008, the+women+2008, above+the+law+1988, the+man+who+knew+too+much+1956, 609 ms"
"2022-02-08T19:21:31.707751,207400,recommendation request 17645-team17.isri.cmu.edu:8082, status 200, result: the+cat+in+the+hat+2003, drop+zone+1994, rollerball+1975, ed+1996, family+plot+1976, star+wars+episode+iii+-+revenge+of+the+sith+2005, cookie+1989, a+time+to+kill+1996, without+a+paddle+2004, in+the+line+of+fire+1993, the+beverly+hillbillies+1993, dead+reckoning+1947, lionheart+1990, wake+of+death+2004, malice+1993, planet+of+the+apes+2001, opportunity+knocks+1990, how+the+grinch+stole+christmas+2000, the+mighty+1998, desk+set+1957, 611 ms"
"2022-02-08T19:21:31.721823,47413,recommendation request 17645-team17.isri.cmu.edu:8082, status 200, result: shampoo+1975, pandorum+2009, melody+time+1948, oh_+god+1977, ed+1996, p.s.+2004, loving+you+1957, the+aristocats+1970, a+little+princess+1995, resident+evil+apocalypse+2004, casper+1995, splash+1984, moving+1988, saludos+amigos+1942, jurassic+park+1993, hook+1991, the+curse+of+the+cat+people+1944, oh_+god+book+ii+1980, the+emperors+new+groove+2000, dinoshark+2010, 570 ms"
"2022-02-08T19:21:32.726327,205134,recommendation request 17645-team17.isri.cmu.edu:8082, status 200, result: cry+freedom+1987, the+fly+1986, and+now...+ladies+and+gentlemen...+2002, ed+1996, the+proprietor+1996, return+of+the+fly+1959, the+other+side+of+the+mountain+1975, lethal+weapon+3+1992, a+little+princess+1995, pitch+black+2000, casper+1995, phoenix+1998, jurassic+park+1993, white+palace+1990, desk+set+1957, out+to+sea+1997, the+matrix+1999, conan+the+barbarian+1982, hook+1991, dinoshark+2010, 518 ms"
"2022-02-08T19:21:32.840799,36925,recommendation request 17645-team17.isri.cmu.edu:8082, status 200, result: cry+freedom+1987, point+of+no+return+1993, the+avengers+1998, the+count+of+monte+cristo+1934, airport+77+1977, billy+jack+1971, incognito+1997, redline+2007, apocalypto+2006, masterminds+1997, the+island+1980, condition+red+1995, flight+of+the+intruder+1991, frantic+1988, mobsters+1991, double+take+2001, the+brave+one+2007, in+hell+2003, above+the+law+1988, dark+passage+1947, 627 ms"
"2022-02-08T19:21:33.430951,276410,recommendation request 17645-team17.isri.cmu.edu:8082, status 200, result: titanic+1953, bill+cosby+himself+1983, the+stuff+1985, the+longest+day+1962, black+sheep+1996, detention+2011, never+again+2002, the+bridge+1959, duck+soup+1933, lifeboat+1944, grand+illusion+1937, putzel+2012, in+harms+way+1965, morocco+1930, battle+of+britain+1969, the+fury+1978, beyond+therapy+1987, all+quiet+on+the+western+front+1930, dinoshark+2010, schindlers+list+1993, 391 ms"
"2022-02-08T19:21:34.451519,109468,recommendation request 17645-team17.isri.cmu.edu:8082, status 200, result: cry+freedom+1987, rollerball+1975, book+of+shadows+blair+witch+2+2000, the+conspiracy+2012, frenzy+1972, detective+story+1951, the+godfather+part+iii+1990, patriot+games+1992, battle+for+terra+2007, bottle+rocket+1996, juice+1992, island+2011, ali+2001, 7+seconds+2005, jennifer+eight+1992, spasmo+1974, they+made+me+a+criminal+1939, the+survivors+1983, no+mercy+1986, absentia+2011, 426 ms"
"2022-02-08T19:21:34.378438,7045,recommendation request 17645-team17.isri.cmu.edu:8082, status 200, result: the+five+senses+1999, barbershop+2002, 8+seconds+1994, the+proprietor+1996, the+other+side+of+the+mountain+1975, asylum+1972, bad+girls+1994, another+thin+man+1939, the+verdict+1982, beyond+the+sea+2004, junebug+2005, an+education+2009, island+2011, proof+2005, the+fury+1978, shes+out+of+my+league+2010, my+one+and+only+2009, dinoshark+2010, spasmo+1974, s.+darko+2009, 357 ms"
"2022-02-08T19:21:34.456225,196693,recommendation request 17645-team17.isri.cmu.edu:8082, status 200, result: eyewitness+1981, switchback+1997, a+goofy+movie+1995, the+other+side+of+the+mountain+1975, without+a+paddle+2004, father+of+the+bride+1991, a+little+princess+1995, cabin+boy+1994, freaky+friday+1976, ice+castles+1978, for+keeps+1988, winnie+the+pooh+2011, changing+lanes+2002, from+here+to+eternity+1953, ali+2001, hook+1991, hopscotch+1980, the+loves+of+carmen+1948, the+emperors+new+groove+2000, today+you+die+2005, 396 ms"
"2022-02-08T19:21:35.318597,251841,recommendation request 17645-team17.isri.cmu.edu:8082, status 200, result: the+cat+in+the+hat+2003, curdled+1996, ed+1996, raging+bull+1980, p.s.+2004, a+goofy+movie+1995, a+family+thing+1996, freaky+friday+1976, birdy+1984, casper+1995, babe+pig+in+the+city+1998, harem+1985, albatross+2011, how+the+grinch+stole+christmas+2000, beyond+the+sea+2004, rat+2001, the+hitch-hiker+1953, mobsters+1991, eight+men+out+1988, the+emperors+new+groove+2000, 311 ms"
"2022-02-08T19:21:35.251361,260902,recommendation request 17645-team17.isri.cmu.edu:8082, status 200, result: d-tox+2002, capricorn+one+1977, in+time+2011, airport+77+1977, scarface+1983, the+real+mccoy+1993, charley+varrick+1973, the+getaway+1994, earthquake+1974, repo+men+2010, coogans+bluff+1968, shopping+1994, iceman+1984, rollercoaster+1977, the+shadow+1994, ransom+1975, mercury+rising+1998, in+hell+2003, airport+1970, airport+1975+1974, 201 ms"
"2022-02-08T19:21:35.463067,255260,recommendation request 17645-team17.isri.cmu.edu:8082, status 200, result: eyewitness+1981, switchback+1997, six+pack+1982, courage+under+fire+1996, a+family+thing+1996, vision+quest+1985, a+little+princess+1995, birdy+1984, moving+1988, harry+and+tonto+1974, the+witches+of+eastwick+1987, harem+1985, patriot+games+1992, free+willy+3+the+rescue+1997, juice+1992, island+2011, breakdown+1997, the+man+who+knew+too+much+1956, hopscotch+1980, eight+men+out+1988, 355 ms"
"2022-02-08T19:21:36.429694,34399,recommendation request 17645-team17.isri.cmu.edu:8082, status 200, result: rollerball+1975, the+dresser+1983, p.s.+2004, sling+blade+1996, maze+2000, code+of+silence+1985, vision+quest+1985, northfork+2003, a+little+princess+1995, the+witches+of+eastwick+1987, phoenix+1998, the+brothers+2001, albatross+2011, the+mighty+1998, winnie+the+pooh+2011, hogfather+2006, crush+2001, the+hot+spot+1990, six+weeks+1982, untitled+2009, 407 ms"
"2022-02-08T19:21:36.422376,212924,recommendation request 17645-team17.isri.cmu.edu:8082, status 200, result: down+periscope+1996, rhinestone+1984, titanic+1953, criminal+law+1988, about+last+night...+1986, intersection+1994, cookie+1989, never+again+2002, the+bridge+1959, phoenix+1998, to+catch+a+thief+1955, bulworth+1998, only+you+1994, juice+1992, look+whos+talking+too+1990, battle+of+britain+1969, side+out+1990, get+over+it+2001, all+quiet+on+the+western+front+1930, blood+and+sand+1989, 409 ms"
"2022-02-08T19:21:36.533698,154545,recommendation request 17645-team17.isri.cmu.edu:8082, status 200, result: rio+2+2014, bill+cosby+himself+1983, cry+freedom+1987, light+it+up+1999, the+aristocats+1970, the+andromeda+strain+1971, lethal+weapon+3+1992, the+flying+saucer+1950, the+rage+carrie+2+1999, the+letter+1940, the+island+1980, planet+of+the+apes+2001, beneath+the+planet+of+the+apes+1970, the+matrix+revolutions+2003, jurassic+park+1993, mobsters+1991, the+brave+one+2007, the+incredible+hulk+2008, beyond+therapy+1987, ice+age+dawn+of+the+dinosaurs+2009, 509 ms"
"2022-02-08T19:21:36.535206,169380,recommendation request 17645-team17.isri.cmu.edu:8082, status 200, result: cry+freedom+1987, the+bounty+1984, intersection+1994, frenzy+1972, true+crime+1996, hollow+man+2000, a+goofy+movie+1995, the+country+bears+2002, snow+dogs+2002, spirit+stallion+of+the+cimarron+2002, wintersleepers+1997, the+aristocats+1970, 633+squadron+1964, bad+girls+1994, the+verdict+1982, the+island+1980, the+truman+show+1998, juice+1992, mobsters+1991, the+juror+1996, 500 ms"
"2022-02-08T19:21:36.600762,269247,recommendation request 17645-team17.isri.cmu.edu:8082, status 200, result: barbershop+2002, man+of+the+year+2006, intersection+1994, the+snowman+1982, p.s.+2004, maze+2000, the+brothers+mcmullen+1995, gumby+the+movie+1995, another+thin+man+1939, 9+2005, the+brothers+2001, beyond+the+sea+2004, junebug+2005, serial+1980, crush+2001, island+2011, bridesmaids+2011, remember+the+night+1940, of+human+bondage+1934, juno+2007, 566 ms"
"2022-02-08T19:21:36.608827,42194,recommendation request 17645-team17.isri.cmu.edu:8082, status 200, result: mickeys+once+upon+a+christmas+1999, robot+stories+2003, notting+hill+1999, p.s.+2004, frenzy+1972, true+crime+1996, sleeping+beauty+1959, maze+2000, in+the+line+of+fire+1993, the+virgin+suicides+1999, forrest+gump+1994, gumby+the+movie+1995, dead+reckoning+1947, the+brothers+2001, for+keeps+1988, my+beautiful+laundrette+1985, winnie+the+pooh+2011, bottle+rocket+1996, shes+having+a+baby+1988, crush+2001, 553 ms"
"2022-02-08T19:21:37.333447,71494,recommendation request 17645-team17.isri.cmu.edu:8082, status 200, result: wreck-it+ralph+2012, cry+freedom+1987, drop+zone+1994, top+secret+1984, mickeys+once+upon+a+christmas+1999, melody+time+1948, the+cat+in+the+hat+2003, ed+1996, a+goofy+movie+1995, the+addams+family+1991, a+time+to+kill+1996, without+a+paddle+2004, freaky+friday+1976, a+little+princess+1995, gumby+the+movie+1995, wake+of+death+2004, saludos+amigos+1942, how+the+grinch+stole+christmas+2000, changing+lanes+2002, the+brave+one+2007, 263 ms"
"2022-02-08T19:21:37.485095,3120,recommendation request 17645-team17.isri.cmu.edu:8082, status 200, result: cry+freedom+1987, rollerball+1975, barbershop+2002, what+doesnt+kill+you+2008, sling+blade+1996, p.s.+2004, frenzy+1972, a+goofy+movie+1995, the+country+bears+2002, snow+dogs+2002, the+aristocats+1970, a+time+to+kill+1996, fuck+2005, northfork+2003, pitch+black+2000, another+thin+man+1939, planet+of+the+apes+2001, the+mighty+1998, junebug+2005, desk+set+1957, 403 ms"
"2022-02-08T19:21:38.456010,275746,recommendation request 17645-team17.isri.cmu.edu:8082, status 200, result: crush+1992, the+perfect+score+2004, back+to+the+future+part+iii+1990, broken+embraces+2009, a+matter+of+loaf+and+death+2008, undercover+brother+2002, the+sting+1973, streets+of+fire+1984, k-9+1989, spirit+stallion+of+the+cimarron+2002, spy+kids+3-d+game+over+2003, r.i.p.d.+2013, screwed+2000, the+longest+yard+1974, antz+1998, time+bandits+1981, cherrybomb+2009, dark+passage+1947, the+hard+way+1991, chicken+little+2005, 340 ms"
"2022-02-08T19:21:38.501966,209152,recommendation request 17645-team17.isri.cmu.edu:8082, status 200, result: replicant+2001, drop+zone+1994, switchback+1997, return+of+the+fly+1959, carnosaur+2+1995, barbarosa+1982, a+time+to+kill+1996, 42nd+street+1933, dick+tracy+1990, on+moonlight+bay+1951, gumby+the+movie+1995, moving+1988, the+brood+1979, 9+2005, shivers+1975, juice+1992, island+2011, conan+the+barbarian+1982, the+brave+one+2007, lifted+2006, 395 ms"
"2022-02-08T19:21:38.508034,5679,recommendation request 17645-team17.isri.cmu.edu:8082, status 200, result: mickeys+once+upon+a+christmas+1999, courage+under+fire+1996, the+other+side+of+the+mountain+1975, light+it+up+1999, detective+story+1951, chicken+run+2000, phoenix+1998, still+bill+2010, island+2011, the+hot+spot+1990, bingo+1991, jennifer+eight+1992, romeo+is+bleeding+1993, get+real+1998, unfaithfully+yours+1984, rocky+1976, boy+a+2007, undertow+2004, l.i.e.+2001, lady+in+a+cage+1964, 406 ms"
"2022-02-08T19:21:38.590909,109513,recommendation request 17645-team17.isri.cmu.edu:8082, status 200, result: cry+freedom+1987, the+proprietor+1996, missing+1982, how+i+won+the+war+1967, mystery_+alaska+1999, the+other+side+of+the+mountain+1975, fuck+2005, lifeboat+1944, dick+tracy+1990, splash+1984, apocalypto+2006, one+eight+seven+1997, guilty+as+sin+1993, the+saint+1997, planet+of+the+apes+2001, gone+in+sixty+seconds+2000, platoon+1986, white+palace+1990, junebug+2005, in+harms+way+1965, 480 ms"
"2022-02-08T19:21:38.588627,88306,recommendation request 17645-team17.isri.cmu.edu:8082, status 200, result: the+cat+in+the+hat+2003, intersection+1994, ed+1996, p.s.+2004, loving+you+1957, the+other+side+of+the+mountain+1975, light+it+up+1999, snow+dogs+2002, father+of+the+bride+1991, footloose+1984, freaky+friday+1976, the+island+1980, topper+1937, how+the+grinch+stole+christmas+2000, the+truman+show+1998, serial+1980, juice+1992, king+kong+lives+1986, the+fan+1981, a+place+in+the+sun+1951, 456 ms"
"2022-02-08T19:21:39.374554,231334,recommendation request 17645-team17.isri.cmu.edu:8082, status 200, result: the+new+age+1994, back+to+the+future+part+iii+1990, dial+m+for+murder+1954, murder+by+numbers+2002, small+soldiers+1998, a+time+to+kill+1996, e.t.+the+extra-terrestrial+1982, striptease+1996, the+letter+1940, balto+1995, the+yakuza+1974, the+client+1994, the+losers+2010, sonny+2002, the+incredible+hulk+2008, the+roaring+twenties+1939, jurassic+park+iii+2001, they+drive+by+night+1940, they+made+me+a+criminal+1939, atl+2006, 308 ms"
"2022-02-08T19:21:39.394158,260390,recommendation request 17645-team17.isri.cmu.edu:8082, status 200, result: the+ballad+of+cable+hogue+1970, the+replacements+2000, viva+zapata+1952, bad+grandpa+2013, jackass+3d+2010, rancho+deluxe+1975, barbarosa+1982, the+godfather+part+iii+1990, disorderlies+1987, comedian+2002, moving+1988, the+comedians+of+comedy+2005, lightning+jack+1994, the+devils+1971, it+came+from+hollywood+1982, 4+for+texas+1963, the+producers+1967, get+bruce+1999, notorious+2009, so+fine+1981, 287 ms"
"2022-02-08T19:21:39.413689,130495,recommendation request 17645-team17.isri.cmu.edu:8082, status 200, result: eyewitness+1981, curdled+1996, cry+freedom+1987, frenzy+1972, true+crime+1996, vision+quest+1985, a+little+princess+1995, the+witches+of+eastwick+1987, guilty+as+sin+1993, patriot+games+1992, winnie+the+pooh+2011, the+hitch-hiker+1953, juice+1992, mobsters+1991, breakdown+1997, hopscotch+1980, today+you+die+2005, ratatouille+2007, spasmo+1974, they+made+me+a+criminal+1939, 340 ms"
"2022-02-08T19:21:40.434563,107570,recommendation request 17645-team17.isri.cmu.edu:8082, status 200, result: coyote+ugly+2000, serpico+1973, love+songs+2007, strayed+2003, jab+we+met+2007, the+clowns+1970, love+in+the+afternoon+1957, never+again+2002, maze+2000, i+do+2006, the+taste+of+others+2000, detective+story+1951, emma+2009, auntie+mame+1958, lady+chatterley+2006, full+speed+1996, dedication+2007, morocco+1930, my+wife+is+an+actress+2001, love+affair+1939, 423 ms"
"2022-02-08T19:21:40.286200,238844,recommendation request 17645-team17.isri.cmu.edu:8082, status 200, result: rollerball+1975, melody+time+1948, my+man+godfrey+1957, ed+1996, a+goofy+movie+1995, the+other+side+of+the+mountain+1975, the+aristocats+1970, a+time+to+kill+1996, a+family+thing+1996, father+of+the+bride+1991, cabin+boy+1994, freaky+friday+1976, ice+castles+1978, the+beverly+hillbillies+1993, harry+and+tonto+1974, saludos+amigos+1942, planet+of+the+apes+2001, desk+set+1957, an+education+2009, junebug+2005, 208 ms"
"2022-02-08T19:21:40.558010,185513,recommendation request 17645-team17.isri.cmu.edu:8082, status 200, result: the+gauntlet+1977, a+dogs+will+2000, key+largo+1948, elite+squad+the+enemy+within+2010, cazuza+time+doesnt+stop+2004, nothing+to+lose+1994, city+of+hope+1991, behind+the+sun+2001, the+yakuza+1974, uprise+2008, the+losers+2010, following+1998, sonny+2002, juice+1992, black+god_+white+devil+1964, the+town+2010, dark+passage+1947, the+big+city+1963, city+of+men+2007, batman+begins+2005, 501 ms"
"2022-02-08T19:21:41.457865,160246,recommendation request 17645-team17.isri.cmu.edu:8082, status 200, result: abandon+2002, deceived+1991, in+like+flint+1967, nothing+but+trouble+1991, finding+nemo+2003, for+the+birds+2000, the+doctor+1991, the+dukes+of+hazzard+2005, presto+2008, enough+2002, the+bank+2001, light+it+up+1999, airborne+1993, scooby-doo+2002, toy+story+of+terror+2013, flightplan+2005, wrongfully+accused+1998, instinct+1999, nothing+to+lose+1997, toy+story+that+time+forgot+2014, 428 ms"
"2022-02-08T19:21:41.557614,7582,recommendation request 17645-team17.isri.cmu.edu:8082, status 200, result: the+cat+in+the+hat+2003, rollerball+1975, intersection+1994, ed+1996, lockout+2012, a+goofy+movie+1995, loving+you+1957, haywire+2011, apocalypto+2006, planet+of+the+apes+2001, gone+in+sixty+seconds+2000, how+the+grinch+stole+christmas+2000, the+matrix+revolutions+2003, serial+1980, veronica+guerin+2003, conan+the+barbarian+1982, the+brave+one+2007, hook+1991, a+place+in+the+sun+1951, made+of+honor+2008, 526 ms"
"2022-02-08T19:21:41.624104,201169,recommendation request 17645-team17.isri.cmu.edu:8082, status 200, result: the+perfect+score+2004, black+beauty+1994, cry+freedom+1987, rollerball+1975, about+last+night...+1986, frenzy+1972, a+goofy+movie+1995, barbarosa+1982, snow+dogs+2002, bad+girls+1994, planet+of+the+apes+2001, cars+2+2011, desk+set+1957, out+to+sea+1997, warriors+of+heaven+and+earth+2003, look+whos+talking+too+1990, side+out+1990, above+the+law+1988, azumi+2003, ratatouille+2007, 586 ms"
"2022-02-08T19:21:41.656663,233028,recommendation request 17645-team17.isri.cmu.edu:8082, status 200, result: the+avengers+1998, mary+poppins+1964, the+gauntlet+1977, punchline+1988, city+slickers+1991, notting+hill+1999, p.s.+2004, barbarosa+1982, maze+2000, a+time+to+kill+1996, dont+tell+her+its+me+1990, forrest+gump+1994, gumby+the+movie+1995, bad+girls+1994, the+letter+1940, the+yakuza+1974, the+brothers+2001, my+beautiful+laundrette+1985, on+deadly+ground+1994, shes+having+a+baby+1988, 628 ms"
"2022-02-08T19:21:41.715414,292671,recommendation request 17645-team17.isri.cmu.edu:8082, status 200, result: cry+freedom+1987, mary+poppins+1964, intersection+1994, childs+play+3+1991, light+it+up+1999, lethal+weapon+3+1992, dick+tracy+1990, pitch+black+2000, gumby+the+movie+1995, apocalypto+2006, the+island+1980, the+saint+1997, gone+in+sixty+seconds+2000, serial+1980, the+matrix+1999, conan+the+barbarian+1982, escape+from+the+planet+of+the+apes+1971, starship+troopers+1997, dungeons++dragons+2000, indestructible+man+1956, 659 ms"
"2022-02-08T19:21:41.719903,212094,recommendation request 17645-team17.isri.cmu.edu:8082, status 200, result: punchline+1988, p.s.+2004, loving+you+1957, a+goofy+movie+1995, the+other+side+of+the+mountain+1975, maze+2000, the+country+bears+2002, snow+dogs+2002, in+the+line+of+fire+1993, northfork+2003, nims+island+2008, birdy+1984, gumby+the+movie+1995, harem+1985, shes+having+a+baby+1988, juice+1992, island+2011, crush+2001, north+1994, eight+men+out+1988, 641 ms"
"2022-02-08T19:21:41.733942,306694,recommendation request 17645-team17.isri.cmu.edu:8082, status 200, result: rollerball+1975, arranged+2007, robot+stories+2003, star+wars+episode+iii+-+revenge+of+the+sith+2005, the+other+side+of+the+mountain+1975, light+it+up+1999, spirit+stallion+of+the+cimarron+2002, pitch+black+2000, critters+1986, the+verdict+1982, masterminds+1997, the+matrix+revolutions+2003, antz+1998, last+night+1998, above+the+law+1988, bingo+1991, the+idolmaker+1980, chicken+little+2005, terminator+2+judgment+day+1991, shrek+the+third+2007, 645 ms"
"2022-02-08T19:21:42.435323,127039,recommendation request 17645-team17.isri.cmu.edu:8082, status 200, result: the+last+of+the+mohicans+1992, lockout+2012, notting+hill+1999, p.s.+2004, son+of+the+mask+2005, maze+2000, vision+quest+1985, a+little+princess+1995, haywire+2011, moving+1988, love+story+1970, the+witches+of+eastwick+1987, topper+1937, the+brothers+2001, for+keeps+1988, my+beautiful+laundrette+1985, shes+having+a+baby+1988, free+willy+3+the+rescue+1997, crush+2001, from+here+to+eternity+1953, 376 ms"
"2022-02-08T19:21:42.445536,265709,recommendation request 17645-team17.isri.cmu.edu:8082, status 200, result: shampoo+1975, the+nest+2002, intersection+1994, punchline+1988, missing+1982, the+official+story+1985, changeling+2008, parker+2013, birdy+1984, the+social+network+2010, in+too+deep+1999, dead+reckoning+1947, where+the+heart+is+2000, beyond+the+sea+2004, junebug+2005, serial+1980, waiting+to+exhale+1995, crush+2001, ever+after+a+cinderella+story+1998, his+girl+friday+1940, 365 ms"
"2022-02-08T19:21:42.455910,95790,recommendation request 17645-team17.isri.cmu.edu:8082, status 200, result: remember+me+2010, step+up+revolution+2012, drop+zone+1994, switchback+1997, robot+stories+2003, 8+seconds+1994, p.s.+2004, loving+you+1957, the+other+side+of+the+mountain+1975, maze+2000, barbarosa+1982, the+wash+2001, the+brothers+mcmullen+1995, the+saint+1997, the+brothers+2001, full+speed+1996, junebug+2005, changing+lanes+2002, juice+1992, island+2011, 411 ms"
"2022-02-08T19:21:43.262022,301456,recommendation request 17645-team17.isri.cmu.edu:8082, status 200, result: rollerball+1975, mickeys+once+upon+a+christmas+1999, star+wars+episode+iii+-+revenge+of+the+sith+2005, crossroads+2002, the+other+side+of+the+mountain+1975, the+country+bears+2002, snow+dogs+2002, a+time+to+kill+1996, big+hero+6+2014, freaky+friday+1976, ice+castles+1978, chicken+run+2000, planet+of+the+apes+2001, the+mighty+1998, the+brave+one+2007, from+here+to+eternity+1953, ali+2001, the+loves+of+carmen+1948, high+sierra+1941, they+made+me+a+criminal+1939, 258 ms"
"2022-02-08T19:21:44.343883,221331,recommendation request 17645-team17.isri.cmu.edu:8082, status 200, result: black+beauty+1994, drop+zone+1994, the+five+senses+1999, rollerball+1975, robot+stories+2003, 8+seconds+1994, the+proprietor+1996, ed+1996, northfork+2003, a+little+princess+1995, casper+1995, the+letter+1940, four+brothers+2005, gravity+2013, another+earth+2011, jurassic+park+1993, m.+butterfly+1993, last+night+1998, hook+1991, they+made+me+a+criminal+1939, 312 ms"
"2022-02-08T19:21:44.516544,36713,recommendation request 17645-team17.isri.cmu.edu:8082, status 200, result: cry+freedom+1987, what+doesnt+kill+you+2008, the+proprietor+1996, frenzy+1972, a+time+to+kill+1996, z+1969, nims+island+2008, cadillac+man+1990, company+man+2000, junebug+2005, conan+the+barbarian+1982, from+here+to+eternity+1953, ali+2001, above+the+law+1988, hook+1991, my+one+and+only+2009, jennifer+eight+1992, bingo+1991, come+see+the+paradise+1990, man+on+the+moon+1999, 464 ms"
"2022-02-08T19:21:44.655365,25587,recommendation request 17645-team17.isri.cmu.edu:8082, status 200, result: north+by+northwest+1959, street+fighter+the+legend+of+chun-li+2009, american+ninja+1985, true+crime+1996, dead+of+night+1945, made+in+u.s.a+1966, big+trouble+2002, phoenix+1998, planet+of+the+apes+2001, a+patch+of+blue+1965, the+matrix+revolutions+2003, the+hot+spot+1990, the+brave+one+2007, romeo+and+juliet+1936, the+man+who+knew+too+much+1956, h.m.+pulham_+esq.+1941, dinoshark+2010, gone+with+the+wind+1939, they+made+me+a+criminal+1939, little+murders+1971, 617 ms"
"2022-02-08T19:21:44.662238,74198,recommendation request 17645-team17.isri.cmu.edu:8082, status 200, result: the+five+senses+1999, the+proprietor+1996, the+other+side+of+the+mountain+1975, light+it+up+1999, spirit+stallion+of+the+cimarron+2002, fuck+2005, z+1969, phoenix+1998, albatross+2011, junebug+2005, cherrybomb+2009, morning+glory+1933, six+weeks+1982, outrage+2009, my+one+and+only+2009, stromboli+1950, breakfast+on+pluto+2005, come+see+the+paradise+1990, the+giant+of+marathon+1959, down+in+the+delta+1998, 506 ms"
"2022-02-08T19:21:44.691685,169869,recommendation request 17645-team17.isri.cmu.edu:8082, status 200, result: american+virgin+2000, shampoo+1975, cry+freedom+1987, the+five+senses+1999, punchline+1988, 8+seconds+1994, the+proprietor+1996, leaving+normal+1992, baadasssss+2004, frenzy+1972, p.s.+2004, cookie+1989, maze+2000, the+yakuza+1974, the+brothers+2001, albatross+2011, gravity+2013, junebug+2005, the+game+1997, juice+1992, 592 ms"
"2022-02-08T19:21:44.686133,236514,recommendation request 17645-team17.isri.cmu.edu:8082, status 200, result: remember+me+2010, n+1998, house+2008, arranged+2007, agnes+of+god+1985, the+proprietor+1996, the+conspiracy+2012, kids+in+america+2005, a+moment+to+remember+2004, p.s.+2004, the+promise+2005, take+care+of+my+cat+2001, inception+2010, psycho+1998, joy+ride+2001, the+wizard+1989, opportunity+knocks+1990, macabre+1958, painted+fire+2002, 2010+moby+dick+2010, 609 ms"
"2022-02-08T19:21:45.439523,101797,recommendation request 17645-team17.isri.cmu.edu:8082, status 200, result: cry+freedom+1987, drop+zone+1994, top+secret+1984, robot+stories+2003, rollerball+1975, star+wars+episode+iii+-+revenge+of+the+sith+2005, p.s.+2004, the+addams+family+1991, without+a+paddle+2004, northfork+2003, a+little+princess+1995, a+shock+to+the+system+1990, wake+of+death+2004, planet+of+the+apes+2001, desk+set+1957, out+to+sea+1997, changing+lanes+2002, the+juror+1996, ali+2001, last+night+1998, 353 ms"
"2022-02-08T19:21:45.485847,132886,recommendation request 17645-team17.isri.cmu.edu:8082, status 200, result: drop+zone+1994, son+of+godzilla+1967, lockout+2012, sling+blade+1996, without+a+paddle+2004, a+family+thing+1996, the+brothers+mcmullen+1995, tokyo+gore+police+2008, haywire+2011, blackfish+2013, wake+of+death+2004, still+bill+2010, mothra+vs.+godzilla+1964, the+mighty+1998, junebug+2005, changing+lanes+2002, hopscotch+1980, juno+2007, my+one+and+only+2009, the+professional+1981, 402 ms"
"2022-02-08T19:21:45.732533,143498,recommendation request 17645-team17.isri.cmu.edu:8082, status 200, result: the+perfect+score+2004, rollerball+1975, bon+cop+bad+cop+2006, the+avengers+1998, the+gauntlet+1977, star+wars+episode+iii+-+revenge+of+the+sith+2005, walle+2008, big+hero+6+2014, spirit+stallion+of+the+cimarron+2002, lethal+weapon+3+1992, apocalypto+2006, planet+of+the+apes+2001, gone+in+sixty+seconds+2000, cars+2+2011, on+deadly+ground+1994, veronica+guerin+2003, above+the+law+1988, bingo+1991, beverly+hills+cop+iii+1994, shrek+the+third+2007, 632 ms"
"2022-02-08T19:21:45.787389,190722,recommendation request 17645-team17.isri.cmu.edu:8082, status 200, result: the+family+man+2000, tootsie+1982, the+cat+in+the+hat+2003, leave+it+to+beaver+1997, forbidden+zone+1980, mary+poppins+1964, ed+1996, ghost+dad+1990, p.s.+2004, the+sting+1973, the+matrix+reloaded+2003, gidget+1959, casper+1995, gumby+the+movie+1995, babe+pig+in+the+city+1998, phoenix+1998, multiplicity+1996, vincent+1982, clockwatchers+1997, how+the+grinch+stole+christmas+2000, 658 ms"
"2022-02-08T19:21:45.841995,184235,recommendation request 17645-team17.isri.cmu.edu:8082, status 200, result: eyewitness+1981, drop+zone+1994, about+last+night...+1986, robot+stories+2003, my+man+godfrey+1957, ed+1996, p.s.+2004, the+other+side+of+the+mountain+1975, maze+2000, snow+dogs+2002, without+a+paddle+2004, northfork+2003, freaky+friday+1976, chronicle+2012, ice+castles+1978, wake+of+death+2004, running+scared+1986, changing+lanes+2002, island+2011, from+here+to+eternity+1953, 722 ms"
"2022-02-08T19:21:45.864063,56593,recommendation request 17645-team17.isri.cmu.edu:8082, status 200, result: gleaming+the+cube+1989, road+to+morocco+1942, p.s.+2004, maze+2000, caveman+1981, northfork+2003, moving+1988, critters+1986, grand+canyon+1991, the+verdict+1982, the+hidden+1987, the+brothers+2001, the+matrix+revolutions+2003, 2010+moby+dick+2010, island+2011, crush+2001, the+brave+one+2007, above+the+law+1988, untitled+2009, dinoshark+2010, 757 ms"
"2022-02-08T19:21:45.868440,271163,recommendation request 17645-team17.isri.cmu.edu:8082, status 200, result: the+cat+in+the+hat+2003, drop+zone+1994, the+dresser+1983, punchline+1988, the+proprietor+1996, ed+1996, paths+of+glory+1957, think+like+a+man+too+2014, p.s.+2004, how+i+won+the+war+1967, lifeboat+1944, casper+1995, babe+pig+in+the+city+1998, the+great+escape+1963, four+brothers+2005, albatross+2011, how+the+grinch+stole+christmas+2000, platoon+1986, in+harms+way+1965, rat+2001, 737 ms"
"2022-02-08T19:21:45.884895,108031,recommendation request 17645-team17.isri.cmu.edu:8082, status 200, result: the+longest+day+1962, missing+1982, p.s.+2004, mystery_+alaska+1999, walle+2008, detective+story+1951, birdy+1984, lifeboat+1944, tap+1989, grand+illusion+1937, paul+2011, the+godfather+part+iii+1990, freaky+friday+1976, one+eight+seven+1997, guilty+as+sin+1993, back+to+school+1986, for+keeps+1988, in+harms+way+1965, island+2011, class+1983, 775 ms"
"2022-02-08T19:21:46.456764,111683,recommendation request 17645-team17.isri.cmu.edu:8082, status 200, result: rhinestone+1984, experiment+in+terror+1962, undercover+brother+2002, true+crime+1996, the+sting+1973, that+was+then...+this+is+now+1985, k-9+1989, the+bridge+1959, duets+2000, z+1969, armageddon+1998, grand+illusion+1937, r.i.p.d.+2013, the+beverly+hillbillies+1993, dick+tracy+1990, starship+troopers+3+marauder+2008, apocalypto+2006, heidi+1937, shopping+1994, bulworth+1998, 387 ms"
"2022-02-08T19:21:46.489627,91396,recommendation request 17645-team17.isri.cmu.edu:8082, status 200, result: shampoo+1975, cry+freedom+1987, the+five+senses+1999, forbidden+zone+1980, ed+1996, 8+seconds+1994, the+proprietor+1996, punchline+1988, road+to+morocco+1942, p.s.+2004, frenzy+1972, cookie+1989, maze+2000, a+family+thing+1996, caveman+1981, mousehunt+1997, the+island+1980, the+brothers+2001, the+matrix+revolutions+2003, junebug+2005, 434 ms"
"2022-02-08T19:21:46.509946,202327,recommendation request 17645-team17.isri.cmu.edu:8082, status 200, result: rollerball+1975, think+like+a+man+too+2014, p.s.+2004, crossroads+2002, a+time+to+kill+1996, a+family+thing+1996, dick+tracy+1990, the+yakuza+1974, the+client+1994, gone+in+sixty+seconds+2000, junebug+2005, veronica+guerin+2003, the+women+2008, north+1994, the+fury+1978, 7+seconds+2005, my+one+and+only+2009, they+made+me+a+criminal+1939, no+mercy+1986, the+allnighter+1987, 437 ms"
"2022-02-08T19:21:46.540987,142161,recommendation request 17645-team17.isri.cmu.edu:8082, status 200, result: north+by+northwest+1959, the+nest+2002, pandorum+2009, what+doesnt+kill+you+2008, last+holiday+2006, frenzy+1972, true+crime+1996, parker+2013, pitch+black+2000, johnny+english+2003, hot+tub+time+machine+2010, apocalypto+2006, gone+in+sixty+seconds+2000, the+matrix+revolutions+2003, rush+hour+3+2007, veronica+guerin+2003, conan+the+barbarian+1982, the+brave+one+2007, breakdown+1997, made+of+honor+2008, 484 ms"
"2022-02-08T19:21:46.551650,135654,recommendation request 17645-team17.isri.cmu.edu:8082, status 200, result: shampoo+1975, arranged+2007, the+avengers+1998, barbershop+2002, ed+1996, raging+bull+1980, p.s.+2004, how+i+won+the+war+1967, incognito+1997, premium+rush+2012, a+family+thing+1996, lifeboat+1944, splash+1984, casper+1995, another+thin+man+1939, a+shock+to+the+system+1990, the+letter+1940, phoenix+1998, analyze+that+2002, albatross+2011, 405 ms"
"2022-02-08T19:21:47.391489,123971,recommendation request 17645-team17.isri.cmu.edu:8082, status 200, result: shampoo+1975, drop+zone+1994, forces+of+nature+1999, the+longest+day+1962, ed+1996, the+other+side+of+the+mountain+1975, spirit+stallion+of+the+cimarron+2002, twentieth+century+1934, lifeboat+1944, grand+illusion+1937, casper+1995, random+hearts+1999, the+saint+1997, the+matrix+revolutions+2003, jurassic+park+1993, changing+lanes+2002, in+harms+way+1965, murphys+romance+1985, the+brave+one+2007, texasville+1990, 337 ms"
"2022-02-08T19:21:47.451089,254411,recommendation request 17645-team17.isri.cmu.edu:8082, status 200, result: eyewitness+1981, drop+zone+1994, rollerball+1975, star+wars+episode+iii+-+revenge+of+the+sith+2005, street+fighter+the+legend+of+chun-li+2009, missing+1982, mystery_+alaska+1999, lethal+weapon+3+1992, premium+rush+2012, father+of+the+bride+1991, dick+tracy+1990, pitch+black+2000, one+eight+seven+1997, guilty+as+sin+1993, the+saint+1997, planet+of+the+apes+2001, the+blue+max+1966, beneath+the+planet+of+the+apes+1970, serial+1980, rush+hour+3+2007, 395 ms"
"2022-02-08T19:21:47.460773,61377,recommendation request 17645-team17.isri.cmu.edu:8082, status 200, result: rollerball+1975, forbidden+zone+1980, return+of+the+fly+1959, star+wars+episode+iii+-+revenge+of+the+sith+2005, p.s.+2004, carnosaur+2+1995, pitch+black+2000, gumby+the+movie+1995, the+brood+1979, planet+of+the+apes+2001, 9+2005, shivers+1975, working+girl+1988, the+matrix+revolutions+2003, the+brave+one+2007, lifted+2006, the+fury+1978, the+fan+1981, an+american+carol+2008, dinoshark+2010, 399 ms"
"2022-02-08T19:21:47.469108,247723,recommendation request 17645-team17.isri.cmu.edu:8082, status 200, result: bill+cosby+himself+1983, melody+time+1948, dreamgirls+2006, raging+bull+1980, the+falls+1980, point+blank+1967, the+aristocats+1970, flashdance+1983, forrest+gump+1994, saludos+amigos+1942, albatross+2011, people+like+us+2012, shes+having+a+baby+1988, juice+1992, drillbit+taylor+2008, beyond+therapy+1987, the+fury+1978, made+of+honor+2008, dinoshark+2010, the+draughtsmans+contract+1982, 410 ms"
"2022-02-08T19:21:48.370168,272481,recommendation request 17645-team17.isri.cmu.edu:8082, status 200, result: eyewitness+1981, mickeys+once+upon+a+christmas+1999, p.s.+2004, maze+2000, a+time+to+kill+1996, fuck+2005, forrest+gump+1994, chicken+run+2000, moving+1988, iris+2001, the+yakuza+1974, beyond+the+sea+2004, junebug+2005, crush+2001, remember+the+night+1940, outrage+2009, blood+and+sand+1989, my+one+and+only+2009, today+you+die+2005, come+see+the+paradise+1990, 355 ms"
"2022-02-08T19:21:48.469454,298294,recommendation request 17645-team17.isri.cmu.edu:8082, status 200, result: eyewitness+1981, rollerball+1975, barbershop+2002, about+last+night...+1986, the+conspiracy+2012, childs+play+3+1991, star+wars+episode+iii+-+revenge+of+the+sith+2005, p.s.+2004, cookie+1989, nims+island+2008, forrest+gump+1994, psycho+1998, another+thin+man+1939, iris+2001, planet+of+the+apes+2001, jaws+3-d+1983, the+serpent+and+the+rainbow+1988, look+whos+talking+too+1990, heartbreakers+2001, side+out+1990, 453 ms"
"2022-02-08T19:21:48.427631,247960,recommendation request 17645-team17.isri.cmu.edu:8082, status 200, result: the+glimmer+man+1996, cry+freedom+1987, switchback+1997, p.s.+2004, a+goofy+movie+1995, son+of+the+mask+2005, courage+under+fire+1996, under+siege+1992, lethal+weapon+3+1992, a+time+to+kill+1996, vision+quest+1985, freaky+friday+1976, a+little+princess+1995, the+witches+of+eastwick+1987, patriot+games+1992, topper+1937, on+deadly+ground+1994, juice+1992, island+2011, the+matrix+1999, 422 ms"
"2022-02-08T19:21:48.470960,150723,recommendation request 17645-team17.isri.cmu.edu:8082, status 200, result: cry+freedom+1987, drop+zone+1994, top+secret+1984, rollerball+1975, my+man+godfrey+1957, ed+1996, the+other+side+of+the+mountain+1975, the+addams+family+1991, without+a+paddle+2004, a+little+princess+1995, phoenix+1998, wake+of+death+2004, planet+of+the+apes+2001, desk+set+1957, out+to+sea+1997, changing+lanes+2002, mighty+aphrodite+1995, hopscotch+1980, today+you+die+2005, romeo+is+bleeding+1993, 455 ms"
"2022-02-08T19:21:49.344546,12307,recommendation request 17645-team17.isri.cmu.edu:8082, status 200, result: drop+zone+1994, rollerball+1975, switchback+1997, top+secret+1984, my+man+godfrey+1957, ed+1996, star+wars+episode+iii+-+revenge+of+the+sith+2005, a+goofy+movie+1995, the+addams+family+1991, without+a+paddle+2004, freaky+friday+1976, a+little+princess+1995, a+shock+to+the+system+1990, planet+of+the+apes+2001, wake+of+death+2004, changing+lanes+2002, have+rocket_+will+travel+1959, the+juror+1996, ali+2001, the+three+stooges+in+orbit+1962, 279 ms"
"2022-02-08T19:21:49.602080,123601,recommendation request 17645-team17.isri.cmu.edu:8082, status 200, result: eyewitness+1981, drop+zone+1994, notting+hill+1999, p.s.+2004, cookie+1989, maze+2000, lethal+weapon+3+1992, a+time+to+kill+1996, without+a+paddle+2004, in+the+line+of+fire+1993, nims+island+2008, dick+tracy+1990, ice+castles+1978, big+trouble+2002, dead+reckoning+1947, wake+of+death+2004, the+brothers+2001, my+beautiful+laundrette+1985, the+mighty+1998, changing+lanes+2002, 557 ms"
"2022-02-08T19:21:51.503169,273398,recommendation request 17645-team17.isri.cmu.edu:8082, status 200, result: the+nest+2002, eyewitness+1981, curdled+1996, what+doesnt+kill+you+2008, barbershop+2002, drop+zone+1994, parker+2013, a+time+to+kill+1996, vision+quest+1985, a+little+princess+1995, johnny+english+2003, another+thin+man+1939, the+witches+of+eastwick+1987, four+brothers+2005, the+yakuza+1974, jurassic+park+1993, desk+set+1957, rush+hour+3+2007, out+to+sea+1997, the+hitch-hiker+1953, 449 ms"
"2022-02-08T19:21:51.495651,199517,recommendation request 17645-team17.isri.cmu.edu:8082, status 200, result: rollerball+1975, sling+blade+1996, lethal+weapon+3+1992, spirit+stallion+of+the+cimarron+2002, inception+2010, casper+1995, the+mighty+1998, the+matrix+revolutions+2003, antz+1998, shes+having+a+baby+1988, island+2011, conan+the+barbarian+1982, the+matrix+1999, hook+1991, above+the+law+1988, the+emperors+new+groove+2000, dinoshark+2010, ratatouille+2007, chicken+little+2005, dungeons++dragons+2000, 451 ms"
"2022-02-08T19:21:51.518080,258600,recommendation request 17645-team17.isri.cmu.edu:8082, status 200, result: eyewitness+1981, drop+zone+1994, rollerball+1975, werewolves+on+wheels+1971, melody+time+1948, deep+rising+1998, courage+under+fire+1996, the+aristocats+1970, dont+say+a+word+2001, transformers+dark+of+the+moon+2011, the+saint+1997, four+brothers+2005, saludos+amigos+1942, superman+vs.+the+elite+2012, jurassic+park+1993, changing+lanes+2002, batman+the+dark+knight+returns_+part+2+2013, the+fury+1978, dinoshark+2010, spasmo+1974, 475 ms"
"2022-02-08T19:21:52.406538,231538,recommendation request 17645-team17.isri.cmu.edu:8082, status 200, result: drop+zone+1994, top+secret+1984, red+dawn+1984, the+addams+family+1991, code+of+silence+1985, without+a+paddle+2004, father+of+the+bride+1991, a+little+princess+1995, cabin+boy+1994, the+beverly+hillbillies+1993, the+letter+1940, phoenix+1998, wake+of+death+2004, running+scared+1986, desk+set+1957, changing+lanes+2002, shes+having+a+baby+1988, the+living+daylights+1987, the+hot+spot+1990, above+the+law+1988, 397 ms"
"2022-02-08T19:21:52.438535,24775,recommendation request 17645-team17.isri.cmu.edu:8082, status 200, result: shampoo+1975, lockout+2012, punchline+1988, james+and+the+giant+peach+1996, p.s.+2004, a+goofy+movie+1995, all+the+mornings+of+the+world+1991, maze+2000, lethal+weapon+3+1992, in+the+line+of+fire+1993, haywire+2011, get+out+your+handkerchiefs+1978, the+yakuza+1974, full+speed+1996, the+juror+1996, crush+2001, ali+2001, the+matrix+1999, side+out+1990, eight+men+out+1988, 396 ms"
"2022-02-08T19:21:52.418188,87135,recommendation request 17645-team17.isri.cmu.edu:8082, status 200, result: black+beauty+1994, p.s.+2004, a+family+thing+1996, the+beverly+hillbillies+1993, a+shock+to+the+system+1990, the+island+1980, running+scared+1986, desk+set+1957, changing+lanes+2002, serial+1980, the+juror+1996, ali+2001, above+the+law+1988, rumble+fish+1983, airport+1975+1974, little+murders+1971, bulletproof+1996, the+survivors+1983, fire+down+below+1997, dead+bang+1989, 394 ms"
"2022-02-08T19:21:52.447660,58122,recommendation request 17645-team17.isri.cmu.edu:8082, status 200, result: gleaming+the+cube+1989, drop+zone+1994, 8+seconds+1994, raging+bull+1980, point+blank+1967, pauly+shore+is+dead+2003, lethal+weapon+3+1992, a+family+thing+1996, dick+tracy+1990, grand+canyon+1991, the+letter+1940, the+verdict+1982, four+brothers+2005, the+matrix+revolutions+2003, the+juror+1996, the+brave+one+2007, the+fury+1978, eight+men+out+1988, dinoshark+2010, hall+pass+2011, 424 ms"
"2022-02-08T19:21:53.428610,290515,recommendation request 17645-team17.isri.cmu.edu:8082, status 200, result: cry+freedom+1987, intersection+1994, p.s.+2004, sling+blade+1996, maze+2000, detective+story+1951, lifeboat+1944, the+brothers+2001, the+reader+2008, unforgiven+1992, the+longest+yard+1974, the+mighty+1998, the+truman+show+1998, crush+2001, the+nuns+story+1959, millions+2005, remember+the+night+1940, from+the+hip+1987, the+fan+1981, untitled+2009, 352 ms"
"2022-02-08T19:21:53.448659,71801,recommendation request 17645-team17.isri.cmu.edu:8082, status 200, result: rollerball+1975, about+last+night...+1986, robot+stories+2003, my+man+godfrey+1957, ed+1996, p.s.+2004, frenzy+1972, maze+2000, the+andromeda+strain+1971, a+time+to+kill+1996, northfork+2003, psycho+1998, one+eight+seven+1997, planet+of+the+apes+2001, crush+2001, the+brave+one+2007, from+here+to+eternity+1953, eye+of+the+beholder+1999, last+night+1998, side+out+1990, 368 ms"
"2022-02-08T19:21:53.522160,169944,recommendation request 17645-team17.isri.cmu.edu:8082, status 200, result: american+virgin+2000, dead+of+winter+1987, about+last+night...+1986, 8+seconds+1994, breakfast+of+champions+1999, dick+tracy+1990, the+island+1980, the+poughkeepsie+tapes+2007, the+wizard+1989, the+matrix+revolutions+2003, veronica+guerin+2003, look+whos+talking+too+1990, island+2011, conan+the+barbarian+1982, the+brave+one+2007, side+out+1990, 7+seconds+2005, dungeons++dragons+2000, melvin+and+howard+1980, poltergeist+iii+1988, 415 ms"
"2022-02-08T19:21:53.671630,269100,recommendation request 17645-team17.isri.cmu.edu:8082, status 200, result: nothing+but+trouble+1991, the+magician+1958, lockout+2012, frenzy+1972, cookie+1989, detective+story+1951, the+woman+2011, splash+1984, haywire+2011, the+old+dark+house+1932, national+lampoons+vacation+1983, the+mighty+1998, rat+2001, juice+1992, mobsters+1991, happy_+texas+1999, jennifer+eight+1992, firestarter+1984, hour+of+the+wolf+1968, the+company+of+wolves+1984, 541 ms"
"2022-02-08T19:21:53.668460,306503,recommendation request 17645-team17.isri.cmu.edu:8082, status 200, result: rio+2+2014, the+gauntlet+1977, 28+weeks+later+2007, the+conspiracy+2012, cazuza+time+doesnt+stop+2004, missing+1982, mystery_+alaska+1999, nothing+to+lose+1994, altered+2006, behind+the+sun+2001, the+aristocats+1970, detective+story+1951, a+little+princess+1995, one+eight+seven+1997, guilty+as+sin+1993, the+yakuza+1974, island+2011, have+rocket_+will+travel+1959, shes+out+of+my+league+2010, ice+age+dawn+of+the+dinosaurs+2009, 520 ms"
"2022-02-08T19:21:53.675903,94524,recommendation request 17645-team17.isri.cmu.edu:8082, status 200, result: wreck-it+ralph+2012, ghost+in+the+shell+2+innocence+2004, paranorman+2012, 8+seconds+1994, the+snowman+1982, patlabor+the+movie+1989, a+goofy+movie+1995, bleach+the+movie+fade+to+black+2008, the+mummy+1999, the+aristocats+1970, one+hundred+and+one+dalmatians+1961, 9+2005, cars+2+2011, somethings+gotta+give+2003, before+sunrise+1995, conan+the+barbarian+1982, king+kong+lives+1986, the+sheltering+sky+1990, pumpkinhead+1988, dugs+special+mission+2009, 545 ms"
"2022-02-08T19:21:54.422891,129613,recommendation request 17645-team17.isri.cmu.edu:8082, status 200, result: dead+of+winter+1987, the+five+senses+1999, forbidden+zone+1980, bikini+beach+1964, 8+seconds+1994, the+proprietor+1996, p.s.+2004, the+other+side+of+the+mountain+1975, a+family+thing+1996, dead+reckoning+1947, harem+1985, malice+1993, junebug+2005, bottle+rocket+1996, ali+2001, an+american+carol+2008, my+one+and+only+2009, breakfast+on+pluto+2005, the+thin+man+goes+home+1945, they+made+me+a+criminal+1939, 339 ms"
"2022-02-08T19:21:54.332247,4116,recommendation request 17645-team17.isri.cmu.edu:8082, status 200, result: the+glimmer+man+1996, the+cat+in+the+hat+2003, rollerball+1975, mary+poppins+1964, the+last+of+the+mohicans+1992, the+longest+day+1962, ed+1996, a+goofy+movie+1995, under+siege+1992, the+addams+family+1991, 633+squadron+1964, a+time+to+kill+1996, freaky+friday+1976, forrest+gump+1994, love+story+1970, how+the+grinch+stole+christmas+2000, on+deadly+ground+1994, jurassic+park+1993, shes+having+a+baby+1988, above+the+law+1988, 249 ms"
"2022-02-08T19:21:54.505129,114883,recommendation request 17645-team17.isri.cmu.edu:8082, status 200, result: shampoo+1975, cry+freedom+1987, the+five+senses+1999, about+last+night...+1986, raging+bull+1980, punchline+1988, p.s.+2004, loving+you+1957, a+goofy+movie+1995, the+other+side+of+the+mountain+1975, maze+2000, the+country+bears+2002, snow+dogs+2002, the+aristocats+1970, random+hearts+1999, phoenix+1998, the+brothers+2001, albatross+2011, white+palace+1990, junebug+2005, 333 ms"
"2022-02-08T19:21:54.506552,232695,recommendation request 17645-team17.isri.cmu.edu:8082, status 200, result: mickeys+once+upon+a+christmas+1999, fuck+2005, a+family+thing+1996, birdy+1984, gumby+the+movie+1995, chicken+run+2000, beyond+2010, critters+1986, harry+and+tonto+1974, ambush+1999, the+brood+1979, 9+2005, the+hidden+1987, shivers+1975, how+the+grinch+stole+christmas+2000, 2010+moby+dick+2010, junebug+2005, have+rocket_+will+travel+1959, lifted+2006, shes+out+of+my+league+2010, 386 ms"
"2022-02-08T19:21:55.491537,205541,recommendation request 17645-team17.isri.cmu.edu:8082, status 200, result: jaws+the+revenge+1987, jaws+2+1978, the+conspiracy+2012, childs+play+3+1991, daylight+1996, dantes+peak+1997, black+dog+1998, psycho+1998, halloween+ii+1981, ghost+story+1981, jaws+3-d+1983, as+above_+so+below+2014, village+of+the+damned+1995, the+serpent+and+the+rainbow+1988, the+descent+part+2+2009, psycho+iii+1986, arabesque+1966, the+guardian+1990, cry_wolf+2005, bulletproof+1996, 334 ms"
"2022-02-08T19:21:55.551704,231493,recommendation request 17645-team17.isri.cmu.edu:8082, status 200, result: gleaming+the+cube+1989, cry+freedom+1987, what+doesnt+kill+you+2008, barbershop+2002, the+house+of+yes+1997, punchline+1988, city+slickers+1991, p.s.+2004, spartacus+1960, frenzy+1972, barbarosa+1982, a+time+to+kill+1996, nims+island+2008, written+on+the+wind+1956, bad+girls+1994, another+thin+man+1939, grand+canyon+1991, the+mighty+1998, junebug+2005, shes+having+a+baby+1988, 442 ms"
"2022-02-08T19:21:55.690649,15672,recommendation request 17645-team17.isri.cmu.edu:8082, status 200, result: eyewitness+1981, lockout+2012, frenzy+1972, rambo+first+blood+part+ii+1985, lethal+weapon+3+1992, the+andromeda+strain+1971, a+little+princess+1995, haywire+2011, psycho+1998, winnie+the+pooh+2011, the+matrix+1999, the+incredible+hulk+2008, hook+1991, hopscotch+1980, bingo+1991, today+you+die+2005, ratatouille+2007, spasmo+1974, indestructible+man+1956, no+mercy+1986, 555 ms"
"2022-02-08T19:21:55.699019,38227,recommendation request 17645-team17.isri.cmu.edu:8082, status 200, result: mickeys+once+upon+a+christmas+1999, rollerball+1975, my+man+godfrey+1957, ed+1996, the+snowman+1982, star+wars+episode+iii+-+revenge+of+the+sith+2005, guest+house+paradiso+1999, a+goofy+movie+1995, p.s.+2004, sleeping+beauty+1959, cabin+boy+1994, gumby+the+movie+1995, the+brood+1979, planet+of+the+apes+2001, 9+2005, shivers+1975, from+dusk+till+dawn+1996, have+rocket_+will+travel+1959, lifted+2006, shes+out+of+my+league+2010, 531 ms"
"2022-02-08T19:21:55.696520,104670,recommendation request 17645-team17.isri.cmu.edu:8082, status 200, result: cry+freedom+1987, mickeys+once+upon+a+christmas+1999, rollerball+1975, six+pack+1982, the+house+of+yes+1997, the+snowman+1982, star+wars+episode+iii+-+revenge+of+the+sith+2005, big+hero+6+2014, the+other+side+of+the+mountain+1975, chicken+run+2000, planet+of+the+apes+2001, the+mighty+1998, junebug+2005, shes+having+a+baby+1988, an+education+2009, my+one+and+only+2009, bingo+1991, underdog+2007, the+allnighter+1987, get+real+1998, 559 ms"
"2022-02-08T19:21:55.700766,104544,recommendation request 17645-team17.isri.cmu.edu:8082, status 200, result: ella+enchanted+2004, the+house+of+yes+1997, p.s.+2004, a+goofy+movie+1995, sling+blade+1996, maze+2000, no+small+affair+1984, the+pompatus+of+love+1996, freaky+friday+1976, gumby+the+movie+1995, the+letter+1940, where+the+heart+is+2000, the+mighty+1998, waiting+to+exhale+1995, eragon+2006, crush+2001, king+kong+lives+1986, warriors+of+heaven+and+earth+2003, dragon+ball+z+the+tree+of+might+1990, lifted+2006, 529 ms"
"2022-02-08T19:21:56.499274,148511,recommendation request 17645-team17.isri.cmu.edu:8082, status 200, result: dead+of+winter+1987, ed+1996, james+and+the+giant+peach+1996, think+like+a+man+too+2014, p.s.+2004, a+goofy+movie+1995, cookie+1989, cabin+boy+1994, casper+1995, splash+1984, harry+and+tonto+1974, the+verdict+1982, jurassic+park+1993, junebug+2005, shes+having+a+baby+1988, m.+butterfly+1993, millions+2005, tough+guys+1986, hook+1991, my+one+and+only+2009, 481 ms"
"2022-02-08T19:21:56.662410,92016,recommendation request 17645-team17.isri.cmu.edu:8082, status 200, result: arranged+2007, robot+stories+2003, the+snowman+1982, walle+2008, the+other+side+of+the+mountain+1975, incognito+1997, fuck+2005, dick+tracy+1990, paul+2011, johnny+english+2003, pitch+black+2000, one+man+band+2005, the+letter+1940, phoenix+1998, the+yakuza+1974, stonewall+1995, gravity+2013, the+truman+show+1998, junebug+2005, the+game+1997, 644 ms"
"2022-02-08T19:21:56.671350,94330,recommendation request 17645-team17.isri.cmu.edu:8082, status 200, result: dark+city+1950, intersection+1994, dreamgirls+2006, the+snowman+1982, loving+you+1957, big+hero+6+2014, the+other+side+of+the+mountain+1975, father+of+the+bride+1991, bellflower+2011, splash+1984, the+letter+1940, gone+in+sixty+seconds+2000, running+scared+1986, changing+lanes+2002, juice+1992, mobsters+1991, island+2011, three+fugitives+1989, a+place+in+the+sun+1951, 7+seconds+2005, 653 ms"
"2022-02-08T19:21:56.705693,256172,recommendation request 17645-team17.isri.cmu.edu:8082, status 200, result: curdled+1996, nothing+but+trouble+1991, about+last+night...+1986, capricorn+one+1977, doc+hollywood+1991, sling+blade+1996, national+lampoons+van+wilder+2002, vision+quest+1985, father+of+the+bride+1991, a+little+princess+1995, splash+1984, the+witches+of+eastwick+1987, the+mighty+1998, the+hitch-hiker+1953, look+whos+talking+too+1990, mobsters+1991, the+incredible+hulk+2008, side+out+1990, airport+1975+1974, every+which+way+but+loose+1978, 625 ms"
"2022-02-08T19:21:56.746168,215425,recommendation request 17645-team17.isri.cmu.edu:8082, status 200, result: robot+stories+2003, notting+hill+1999, p.s.+2004, carnosaur+2+1995, the+other+side+of+the+mountain+1975, maze+2000, strait-jacket+1964, brimstone++treacle+1982, pretty+baby+1978, cabin+boy+1994, the+brothers+2001, my+beautiful+laundrette+1985, junebug+2005, shes+having+a+baby+1988, crush+2001, help+1965, last+night+1998, x+the+unknown+1956, the+fan+1981, my+one+and+only+2009, 692 ms"
"2022-02-08T19:21:56.777797,125546,recommendation request 17645-team17.isri.cmu.edu:8082, status 200, result: the+cat+in+the+hat+2003, rollerball+1975, robot+stories+2003, sleepers+1996, ed+1996, family+plot+1976, star+wars+episode+iii+-+revenge+of+the+sith+2005, p.s.+2004, frenzy+1972, the+other+side+of+the+mountain+1975, northfork+2003, father+of+the+bride+1991, cabin+boy+1994, fulltime+killer+2001, in+too+deep+1999, planet+of+the+apes+2001, opportunity+knocks+1990, how+the+grinch+stole+christmas+2000, hackers+1995, running+scared+1986, 698 ms"
"2022-02-08T19:21:56.779625,55536,recommendation request 17645-team17.isri.cmu.edu:8082, status 200, result: remember+me+2010, rollerball+1975, the+five+senses+1999, the+dresser+1983, 8+seconds+1994, the+proprietor+1996, blue+crush+2002, p.s.+2004, maze+2000, the+addams+family+1991, cabin+boy+1994, the+brothers+mcmullen+1995, albatross+2011, opportunity+knocks+1990, the+truman+show+1998, warriors+of+heaven+and+earth+2003, crush+2001, six+weeks+1982, azumi+2003, juno+2007, 660 ms"
"2022-02-08T19:21:57.405559,18962,recommendation request 17645-team17.isri.cmu.edu:8082, status 200, result: im+no+angel+1933, with+honors+1994, black+sheep+1996, rapid+fire+1992, the+watch+2012, the+bonfire+of+the+vanities+1990, brain+donors+1992, chain+reaction+1996, cousins+1989, white+christmas+1954, duck+soup+1933, chronicle+2012, citizens+band+1977, planet+of+the+apes+1968, moving+1988, shopping+1994, planet+of+the+apes+2001, animal+crackers+1930, clockwatchers+1997, conquest+of+the+planet+of+the+apes+1972, 299 ms"
"2022-02-08T19:21:57.405360,9866,recommendation request 17645-team17.isri.cmu.edu:8082, status 200, result: cry+freedom+1987, the+cobbler+2014, rancho+deluxe+1975, barbarosa+1982, paul+2011, moving+1988, lightning+jack+1994, the+island+1980, the+yakuza+1974, gravity+2013, the+longest+yard+1974, beyond+the+sea+2004, junebug+2005, bottle+rocket+1996, the+game+1997, from+here+to+eternity+1953, ali+2001, millions+2005, my+one+and+only+2009, rumble+fish+1983, 367 ms"
"2022-02-08T19:21:57.913491,304987,recommendation request 17645-team17.isri.cmu.edu:8082, status 0, result: java.net.ConnectException: connection timed out: 17645-team17.isri.cmu.edu/128.2.205.118:8082, 802 ms"
"2022-02-08T19:21:58.379688,102800,recommendation request 17645-team17.isri.cmu.edu:8082, status 200, result: 8+seconds+1994, the+proprietor+1996, how+i+won+the+war+1967, the+other+side+of+the+mountain+1975, code+of+silence+1985, lifeboat+1944, forrest+gump+1994, birdy+1984, ice+castles+1978, love+story+1970, phoenix+1998, harem+1985, platoon+1986, shes+having+a+baby+1988, in+harms+way+1965, look+whos+talking+too+1990, the+hot+spot+1990, conan+the+barbarian+1982, from+here+to+eternity+1953, quartet+1981, 326 ms"
"2022-02-08T19:21:58.442229,28037,recommendation request 17645-team17.isri.cmu.edu:8082, status 200, result: about+last+night...+1986, raging+bull+1980, p.s.+2004, maze+2000, a+family+thing+1996, gods+not+dead+2014, bean+1997, gumby+the+movie+1995, the+brood+1979, 9+2005, albatross+2011, shivers+1975, a+patch+of+blue+1965, crush+2001, romeo+and+juliet+1936, side+out+1990, lifted+2006, h.m.+pulham_+esq.+1941, dinoshark+2010, down+in+the+delta+1998, 319 ms"
"2022-02-08T19:21:58.444822,178588,recommendation request 17645-team17.isri.cmu.edu:8082, status 200, result: curdled+1996, criminal+law+1988, the+five+senses+1999, raging+bull+1980, family+plot+1976, rain+man+1988, true+crime+1996, around+the+bend+2004, the+other+side+of+the+mountain+1975, the+dance+of+reality+2013, a+family+thing+1996, written+on+the+wind+1956, dead+reckoning+1947, malice+1993, company+man+2000, conan+the+barbarian+1982, dungeons++dragons+2000, indestructible+man+1956, they+made+me+a+criminal+1939, silverado+1985, 365 ms"
"2022-02-08T19:21:58.464449,214042,recommendation request 17645-team17.isri.cmu.edu:8082, status 200, result: cry+freedom+1987, the+new+age+1994, about+last+night...+1986, a+goofy+movie+1995, frenzy+1972, p.s.+2004, true+crime+1996, the+other+side+of+the+mountain+1975, maze+2000, gumby+the+movie+1995, lionheart+1990, wake+of+death+2004, malice+1993, white+palace+1990, an+education+2009, junebug+2005, crush+2001, side+out+1990, my+one+and+only+2009, jennifer+eight+1992, 369 ms"
"2022-02-08T19:21:59.441724,65374,recommendation request 17645-team17.isri.cmu.edu:8082, status 200, result: witness+for+the+prosecution+1957, the+boy+who+could+fly+1986, cookie+1989, maze+2000, cheaper+by+the+dozen+2+2005, the+beverly+hillbillies+1993, beyond+2010, phoenix+1998, another+earth+2011, the+passion+of+anna+1969, crush+2001, side+out+1990, millions+2005, the+idolmaker+1980, romeo+is+bleeding+1993, little+murders+1971, the+celebration+1998, unfaithfully+yours+1984, happily+ever+after+2004, l.i.e.+2001, 372 ms"
"2022-02-08T19:21:59.521556,267195,recommendation request 17645-team17.isri.cmu.edu:8082, status 200, result: drop+zone+1994, rollerball+1975, nothing+but+trouble+1991, oh_+god+1977, election+2+2006, p.s.+2004, lethal+weapon+3+1992, incognito+1997, spy+kids+3-d+game+over+2003, moving+1988, phoenix+1998, happy+together+1997, changing+lanes+2002, oh_+god+book+ii+1980, the+art+of+war+2000, fallen+angels+1995, romeo+is+bleeding+1993, hot+to+trot+1988, gremlins+1984, fantastic+four+2005, 397 ms"
"2022-02-08T19:21:59.606681,252502,recommendation request 17645-team17.isri.cmu.edu:8082, status 200, result: the+dresser+1983, p.s.+2004, maze+2000, the+brothers+mcmullen+1995, paul+2011, cabin+boy+1994, the+lawless+heart+2002, albatross+2011, the+brothers+2001, junebug+2005, crush+2001, conan+the+barbarian+1982, from+here+to+eternity+1953, ali+2001, six+weeks+1982, help+1965, juno+2007, my+one+and+only+2009, untitled+2009, down+in+the+delta+1998, 462 ms"
"2022-02-08T19:21:59.611552,48030,recommendation request 17645-team17.isri.cmu.edu:8082, status 200, result: leave+it+to+beaver+1997, back+to+the+future+part+iii+1990, ed+1996, major+league+ii+1994, mackennas+gold+1969, moving+1988, the+wizard+1989, heartbeeps+1981, breakout+1975, before+sunrise+1995, so+fine+1981, murphys+romance+1985, return+to+the+blue+lagoon+1991, ali+2001, hot+to+trot+1988, bulletproof+1996, holiday+1938, beyond+the+poseidon+adventure+1979, back+to+the+future+part+ii+1989, the+blue+lagoon+1980, 459 ms"
"2022-02-08T19:22:00.424509,97723,recommendation request 17645-team17.isri.cmu.edu:8082, status 200, result: neighbors+1981, malena+2000, the+stuff+1985, il+divo+2008, medea+1969, hearts+in+atlantis+2001, punchline+1988, dont+move+2004, detention+2011, enough+2002, that+was+then...+this+is+now+1985, the+last+minute+2001, lamerica+1994, 28+days+2000, i+never+promised+you+a+rose+garden+1977, blow+out+1981, diamond+men+2000, two+friends+2002, island+2011, the+fury+1978, 317 ms"
"2022-02-08T19:22:00.493220,54292,recommendation request 17645-team17.isri.cmu.edu:8082, status 200, result: the+cat+in+the+hat+2003, eyewitness+1981, my+man+godfrey+1957, ed+1996, family+plot+1976, frenzy+1972, the+other+side+of+the+mountain+1975, barbarosa+1982, the+andromeda+strain+1971, inception+2010, pitch+black+2000, psycho+1998, opportunity+knocks+1990, how+the+grinch+stole+christmas+2000, still+bill+2010, an+education+2009, look+whos+talking+too+1990, mighty+aphrodite+1995, side+out+1990, bliss+1997, 359 ms"
"2022-02-08T19:22:00.500478,123113,recommendation request 17645-team17.isri.cmu.edu:8082, status 200, result: gleaming+the+cube+1989, remember+me+2010, the+proprietor+1996, the+brother+from+another+planet+1984, snow+dogs+2002, freaky+friday+1976, harry+and+walter+go+to+new+york+1976, the+company+men+2010, grand+canyon+1991, the+verdict+1982, masterminds+1997, harem+1985, a+patch+of+blue+1965, albatross+2011, marooned+1969, ali+2001, romeo+and+juliet+1936, remember+the+night+1940, hopscotch+1980, h.m.+pulham_+esq.+1941, 358 ms"
"2022-02-08T19:22:00.497279,203222,recommendation request 17645-team17.isri.cmu.edu:8082, status 200, result: replicant+2001, rollerball+1975, about+last+night...+1986, punchline+1988, city+slickers+1991, p.s.+2004, red+dawn+1984, barbarosa+1982, maze+2000, bad+girls+1994, planet+of+the+apes+2001, the+brothers+2001, beyond+the+sea+2004, shes+having+a+baby+1988, geronimo+an+american+legend+1993, crush+2001, side+out+1990, the+fury+1978, untitled+2009, dinoshark+2010, 368 ms"
"2022-02-08T19:22:01.210868,121294,recommendation request 17645-team17.isri.cmu.edu:8082, status 200, result: down+periscope+1996, rhinestone+1984, mickeys+once+upon+a+christmas+1999, the+curse+of+the+were-rabbit+2005, open+season+3+2010, sprung+1997, a+matter+of+loaf+and+death+2008, bbs+kids+1992, never+again+2002, one+hundred+and+one+dalmatians+1961, chicken+run+2000, punks+2000, a+close+shave+1995, desk+set+1957, out+to+sea+1997, is+it+fall+yet+2000, up+2009, get+over+it+2001, unfaithfully+yours+1948, lucas+1986, 136 ms"
"2022-02-08T19:22:01.455335,159793,recommendation request 17645-team17.isri.cmu.edu:8082, status 200, result: cry+freedom+1987, top+secret+1984, frenzy+1972, the+addams+family+1991, a+family+thing+1996, detective+story+1951, a+little+princess+1995, swing+time+1936, harry+and+tonto+1974, the+yakuza+1974, the+client+1994, gravity+2013, junebug+2005, millions+2005, carefree+1938, my+one+and+only+2009, jennifer+eight+1992, they+made+me+a+criminal+1939, patton+1970, melvin+and+howard+1980, 325 ms"
"2022-02-08T19:22:01.455269,258972,recommendation request 17645-team17.isri.cmu.edu:8082, status 200, result: drop+zone+1994, arranged+2007, the+wood+1999, intersection+1994, the+lucky+ones+2008, p.s.+2004, a+goofy+movie+1995, the+other+side+of+the+mountain+1975, maze+2000, code+of+silence+1985, freaky+friday+1976, the+letter+1940, phoenix+1998, four+brothers+2005, the+brothers+2001, junebug+2005, an+education+2009, the+hot+spot+1990, crush+2001, a+place+in+the+sun+1951, 369 ms"
"2022-02-08T19:22:01.455353,200817,recommendation request 17645-team17.isri.cmu.edu:8082, status 200, result: out+of+sight+1998, eyewitness+1981, the+five+senses+1999, robot+stories+2003, the+million+dollar+hotel+2000, the+gauntlet+1977, ed+1996, nothing+to+lose+1994, the+other+side+of+the+mountain+1975, a+family+thing+1996, lenfer+1994, mousehunt+1997, planet+of+the+apes+2001, unaccompanied+minors+2006, ernest+in+the+army+1998, scary+movie+5+2013, last+night+1998, today+you+die+2005, rushmore+1998, the+allnighter+1987, 367 ms"
"2022-02-08T19:22:02.411335,252613,recommendation request 17645-team17.isri.cmu.edu:8082, status 200, result: dead+of+winter+1987, cry+freedom+1987, bill+cosby+himself+1983, jesus+christ+superstar+1973, the+dresser+1983, intersection+1994, stick+it+2006, the+snowman+1982, louis+c.k.+oh+my+god+2013, p.s.+2004, father+of+the+bride+1991, nims+island+2008, flash+of+genius+2008, spy+kids+3-d+game+over+2003, albatross+2011, the+truman+show+1998, serial+1980, conan+the+barbarian+1982, six+weeks+1982, hook+1991, 374 ms"
"2022-02-08T19:22:02.436248,170297,recommendation request 17645-team17.isri.cmu.edu:8082, status 200, result: abandon+2002, dial+m+for+murder+1954, double+jeopardy+1999, primal+fear+1996, courage+under+fire+1996, the+last+minute+2001, boiling+point+1993, red+dawn+2012, shopping+1994, the+yakuza+1974, gravity+2013, the+losers+2010, the+manchurian+candidate+2004, harsh+times+2005, zodiac+2007, island+2011, against+all+odds+1984, in+hell+2003, the+temp+1993, above+the+law+1988, 322 ms"
"2022-02-08T19:22:02.463060,21302,recommendation request 17645-team17.isri.cmu.edu:8082, status 200, result: cry+freedom+1987, bill+cosby+himself+1983, 8+seconds+1994, frenzy+1972, p.s.+2004, the+other+side+of+the+mountain+1975, vision+quest+1985, freaky+friday+1976, birdy+1984, a+little+princess+1995, the+witches+of+eastwick+1987, the+truman+show+1998, from+beyond+1986, shes+having+a+baby+1988, yours_+mine+and+ours+1968, the+women+2008, beyond+therapy+1987, dinoshark+2010, jennifer+eight+1992, ratatouille+2007, 362 ms"
"2022-02-08T19:22:02.472613,127532,recommendation request 17645-team17.isri.cmu.edu:8082, status 200, result: mr.+3000+2004, the+lost+world+jurassic+park+1997, back+to+the+future+part+iii+1990, the+wood+1999, brother+bear+2003, frozen+2013, the+lucky+ones+2008, the+other+sister+1999, the+last+starfighter+1984, a+goofy+movie+1995, small+soldiers+1998, tarzan+1999, e.t.+the+extra-terrestrial+1982, indian+summer+1993, aladdin+1992, back+to+the+future+1985, iceman+1984, balto+1995, clockwatchers+1997, junebug+2005, 361 ms"
"2022-02-08T19:22:03.440639,9079,recommendation request 17645-team17.isri.cmu.edu:8082, status 200, result: north+by+northwest+1959, rollerball+1975, nothing+but+trouble+1991, the+conspiracy+2012, the+next+three+days+2010, true+crime+1996, warriors+2002, lethal+weapon+3+1992, incognito+1997, moving+1988, hot+tub+time+machine+2010, even+the+rain+2010, holy+motors+2012, the+yakuza+1974, planet+of+the+apes+2001, gravity+2013, bottle+rocket+1996, the+game+1997, mobsters+1991, ali+2001, 343 ms"
"2022-02-08T19:22:03.445389,139655,recommendation request 17645-team17.isri.cmu.edu:8082, status 200, result: rollerball+1975, melody+time+1948, lockout+2012, the+conspiracy+2012, childs+play+3+1991, ironweed+1987, red+dawn+1984, hollow+man+2000, rambo+first+blood+part+ii+1985, the+aristocats+1970, in+the+line+of+fire+1993, nims+island+2008, dick+tracy+1990, splash+1984, psycho+1998, haywire+2011, apocalypto+2006, the+old+dark+house+1932, dead+reckoning+1947, the+saint+1997, 365 ms"
"2022-02-08T19:22:03.508278,164944,recommendation request 17645-team17.isri.cmu.edu:8082, status 200, result: drop+zone+1994, robot+stories+2003, sleepers+1996, capricorn+one+1977, p.s.+2004, mystery_+alaska+1999, without+a+paddle+2004, northfork+2003, pride+2014, chronicle+2012, gumby+the+movie+1995, the+beverly+hillbillies+1993, the+flight+of+dragons+1982, paparazzi+2004, wake+of+death+2004, planet+of+the+apes+2001, the+client+1994, desk+set+1957, out+to+sea+1997, changing+lanes+2002, 393 ms"
"2022-02-08T19:22:03.518293,45414,recommendation request 17645-team17.isri.cmu.edu:8082, status 200, result: eyewitness+1981, curdled+1996, raging+bull+1980, the+conspiracy+2012, childs+play+3+1991, family+plot+1976, p.s.+2004, rambo+first+blood+part+ii+1985, nims+island+2008, fulltime+killer+2001, psycho+1998, masterminds+1997, sanjuro+1962, money+train+1995, jaws+3-d+1983, planet+of+the+apes+2001, the+matrix+revolutions+2003, the+serpent+and+the+rainbow+1988, the+brave+one+2007, hook+1991, 397 ms"
"2022-02-08T19:22:04.373200,225880,recommendation request 17645-team17.isri.cmu.edu:8082, status 200, result: eyewitness+1981, drop+zone+1994, angels+with+dirty+faces+1938, murder+by+numbers+2002, star+trek+insurrection+1998, star+trek+iii+the+search+for+spock+1984, r.i.p.d.+2013, striptease+1996, derailed+2002, the+letter+1940, lets+do+it+again+1975, the+saint+1997, changing+lanes+2002, sonny+2002, the+roaring+twenties+1939, hopscotch+1980, today+you+die+2005, they+drive+by+night+1940, atl+2006, live+free+or+die+hard+2007, 302 ms"
"2022-02-08T19:22:04.552513,278035,recommendation request 17645-team17.isri.cmu.edu:8082, status 200, result: drop+zone+1994, switchback+1997, bill+cosby+himself+1983, major+league+ii+1994, barbarosa+1982, without+a+paddle+2004, in+the+line+of+fire+1993, cabin+boy+1994, the+beverly+hillbillies+1993, moving+1988, dead+reckoning+1947, wake+of+death+2004, malice+1993, opportunity+knocks+1990, desk+set+1957, changing+lanes+2002, the+truman+show+1998, beyond+therapy+1987, hopscotch+1980, absolute+power+1997, 356 ms"
"2022-02-08T19:22:04.555853,39771,recommendation request 17645-team17.isri.cmu.edu:8082, status 200, result: dead+of+winter+1987, dark+city+1950, the+gauntlet+1977, 8+seconds+1994, the+snowman+1982, true+crime+1996, solomon+kane+2009, fuck+2005, phoenix+1998, the+ambassador+2011, the+yakuza+1974, albatross+2011, the+comancheros+1961, the+juror+1996, conan+the+barbarian+1982, phil+spector+2013, burnt+offerings+1976, the+thin+man+goes+home+1945, down+in+the+delta+1998, never+let+me+go+2010, 447 ms"
"2022-02-08T19:22:04.566090,172504,recommendation request 17645-team17.isri.cmu.edu:8082, status 200, result: bad+teacher+2011, tootsie+1982, neighbors+1981, forbidden+zone+1980, mary+poppins+1964, punchline+1988, p.s.+2004, sleeping+beauty+1959, just+go+with+it+2011, cinderella+1950, dick+1999, gidget+1959, return+of+the+ghostbusters+2007, gumby+the+movie+1995, a+league+of+their+own+1992, 28+days+2000, multiplicity+1996, death+becomes+her+1992, vincent+1982, pinocchio+1940, 479 ms"
"2022-02-08T19:22:05.423881,62691,recommendation request 17645-team17.isri.cmu.edu:8082, status 200, result: drop+zone+1994, mickeys+once+upon+a+christmas+1999, cry+freedom+1987, ed+1996, last+holiday+2006, p.s.+2004, frenzy+1972, son+of+the+mask+2005, sleeping+beauty+1959, without+a+paddle+2004, dick+tracy+1990, forrest+gump+1994, gumby+the+movie+1995, casper+1995, big+trouble+2002, phoenix+1998, the+wizard+1989, topper+1937, jurassic+park+1993, serial+1980, 387 ms"
"2022-02-08T19:22:05.549097,101006,recommendation request 17645-team17.isri.cmu.edu:8082, status 200, result: the+perfect+score+2004, drop+zone+1994, coldblooded+1995, six+pack+1982, mary+poppins+1964, notting+hill+1999, p.s.+2004, red+dawn+1984, courage+under+fire+1996, the+addams+family+1991, maze+2000, a+family+thing+1996, freaky+friday+1976, in+the+line+of+fire+1993, dumb+and+dumber+to+2014, harry+and+tonto+1974, dead+reckoning+1947, the+saint+1997, the+brothers+2001, my+beautiful+laundrette+1985, 498 ms"
"2022-02-08T19:22:05.569113,235477,recommendation request 17645-team17.isri.cmu.edu:8082, status 200, result: drop+zone+1994, barbershop+2002, melody+time+1948, dark+city+1950, intersection+1994, p.s.+2004, courage+under+fire+1996, the+aristocats+1970, a+time+to+kill+1996, fuck+2005, another+thin+man+1939, moving+1988, guilty+as+sin+1993, saludos+amigos+1942, the+yakuza+1974, the+saint+1997, changing+lanes+2002, free+willy+3+the+rescue+1997, island+2011, outrage+2009, 513 ms"
"2022-02-08T19:22:05.612202,181559,recommendation request 17645-team17.isri.cmu.edu:8082, status 200, result: curdled+1996, rollerball+1975, man+of+the+year+2006, the+gauntlet+1977, rancho+deluxe+1975, p.s.+2004, barbarosa+1982, nims+island+2008, casper+1995, moving+1988, critters+1986, steel+1997, lightning+jack+1994, the+hidden+1987, the+wizard+1989, the+yakuza+1974, 2010+moby+dick+2010, junebug+2005, the+hitch-hiker+1953, eragon+2006, 542 ms"
"2022-02-08T19:22:05.609814,19863,recommendation request 17645-team17.isri.cmu.edu:8082, status 200, result: arranged+2007, mary+poppins+1964, dark+city+1950, p.s.+2004, true+crime+1996, maze+2000, the+aristocats+1970, in+the+line+of+fire+1993, where+the+heart+is+2000, the+yakuza+1974, the+brothers+2001, happy+together+1997, the+mighty+1998, serial+1980, waiting+to+exhale+1995, crush+2001, ever+after+a+cinderella+story+1998, 10th++wolf+2006, 7+seconds+2005, dinoshark+2010, 524 ms"
"2022-02-08T19:22:06.400043,124183,recommendation request 17645-team17.isri.cmu.edu:8082, status 200, result: whisper+of+the+heart+1995, rollerball+1975, the+longest+day+1962, ed+1996, star+wars+episode+iii+-+revenge+of+the+sith+2005, a+time+to+kill+1996, lifeboat+1944, grand+illusion+1937, casper+1995, planet+of+the+apes+2001, shes+having+a+baby+1988, in+harms+way+1965, the+brave+one+2007, hook+1991, high+sierra+1941, spirited+away+2001, they+made+me+a+criminal+1939, back+to+the+future+part+ii+1989, divergent+2014, leap+of+faith+1992, 307 ms"
"2022-02-08T19:22:06.509664,111564,recommendation request 17645-team17.isri.cmu.edu:8082, status 200, result: gleaming+the+cube+1989, the+dresser+1983, p.s.+2004, nims+island+2008, cabin+boy+1994, grand+canyon+1991, the+verdict+1982, murder_+my+sweet+1944, the+yakuza+1974, albatross+2011, sanjuro+1962, gravity+2013, junebug+2005, the+game+1997, island+2011, from+here+to+eternity+1953, ali+2001, conan+the+barbarian+1982, six+weeks+1982, of+human+bondage+1934, 412 ms"
"2022-02-08T19:22:06.512842,196392,recommendation request 17645-team17.isri.cmu.edu:8082, status 200, result: rollerball+1975, top+secret+1984, the+wood+1999, lockout+2012, the+lucky+ones+2008, the+other+side+of+the+mountain+1975, the+addams+family+1991, light+it+up+1999, frankenstein+meets+the+wolf+man+1943, a+little+princess+1995, ice+castles+1978, haywire+2011, the+verdict+1982, planet+of+the+apes+2001, junebug+2005, shes+having+a+baby+1988, juice+1992, from+here+to+eternity+1953, ali+2001, the+fan+1981, 387 ms"
"2022-02-08T19:22:06.532165,99152,recommendation request 17645-team17.isri.cmu.edu:8082, status 200, result: drop+zone+1994, rollerball+1975, about+last+night...+1986, sleepers+1996, star+wars+episode+iii+-+revenge+of+the+sith+2005, maze+2000, without+a+paddle+2004, in+the+line+of+fire+1993, father+of+the+bride+1991, cabin+boy+1994, the+beverly+hillbillies+1993, dead+reckoning+1947, wake+of+death+2004, malice+1993, the+client+1994, planet+of+the+apes+2001, desk+set+1957, out+to+sea+1997, changing+lanes+2002, crush+2001, 378 ms"
"2022-02-08T19:22:07.726876,44731,recommendation request 17645-team17.isri.cmu.edu:8082, status 200, result: arranged+2007, ed+1996, the+errand+boy+1961, coming+to+america+1988, p.s.+2004, american+psycho+2000, the+other+side+of+the+mountain+1975, a+time+to+kill+1996, a+family+thing+1996, cabin+boy+1994, ice+castles+1978, casper+1995, the+yakuza+1974, the+client+1994, unaccompanied+minors+2006, ernest+in+the+army+1998, from+here+to+eternity+1953, ali+2001, hook+1991, the+loves+of+carmen+1948, 504 ms"
"2022-02-08T19:22:07.749920,237828,recommendation request 17645-team17.isri.cmu.edu:8082, status 200, result: the+family+man+2000, into+eternity+2010, donovans+reef+1963, dial+m+for+murder+1954, aquamarine+2006, in+the+mouth+of+madness+1994, last+holiday+2006, waking+up+in+reno+2002, p.s.+2004, frenzy+1972, true+crime+1996, never+again+2002, fuck+2005, nims+island+2008, the+brothers+mcmullen+1995, dogma+1999, shopping+1994, anything+else+2003, modulations+1998, dive+2010, 492 ms"
"2022-02-08T19:22:07.759297,119525,recommendation request 17645-team17.isri.cmu.edu:8082, status 200, result: criminal+law+1988, rollerball+1975, bikini+beach+1964, intersection+1994, dreamgirls+2006, loving+you+1957, courage+under+fire+1996, the+other+side+of+the+mountain+1975, show+boat+1951, gods+not+dead+2014, bellflower+2011, the+godfather+part+iii+1990, bachelor+in+paradise+1961, phoenix+1998, planet+of+the+apes+2001, on+the+town+1949, juice+1992, island+2011, a+place+in+the+sun+1951, singin+in+the+rain+1952, 524 ms"
"2022-02-08T19:22:07.760279,260491,recommendation request 17645-team17.isri.cmu.edu:8082, status 200, result: rollerball+1975, the+last+of+the+mohicans+1992, ed+1996, the+longest+day+1962, star+wars+episode+iii+-+revenge+of+the+sith+2005, red+dawn+1984, 633+squadron+1964, lethal+weapon+3+1992, vision+quest+1985, a+little+princess+1995, dick+tracy+1990, paul+2011, casper+1995, johnny+english+2003, the+witches+of+eastwick+1987, planet+of+the+apes+2001, jurassic+park+1993, the+living+daylights+1987, hook+1991, above+the+law+1988, 496 ms"
"2022-02-08T19:22:07.828796,226474,recommendation request 17645-team17.isri.cmu.edu:8082, status 200, result: rollerball+1975, melody+time+1948, six+pack+1982, ed+1996, notting+hill+1999, p.s.+2004, the+other+side+of+the+mountain+1975, maze+2000, the+aristocats+1970, nims+island+2008, casper+1995, saludos+amigos+1942, planet+of+the+apes+2001, the+client+1994, the+brothers+2001, my+beautiful+laundrette+1985, jurassic+park+1993, island+2011, crush+2001, hook+1991, 558 ms"
"2022-02-08T19:22:07.838096,302663,recommendation request 17645-team17.isri.cmu.edu:8082, status 200, result: top+secret+1984, intersection+1994, dances+with+wolves+1990, loving+you+1957, crossroads+2002, pauly+shore+is+dead+2003, spirit+stallion+of+the+cimarron+2002, flashdance+1983, gumby+the+movie+1995, my+fair+lady+1964, shes+having+a+baby+1988, king+kong+lives+1986, dragon+ball+z+the+tree+of+might+1990, lifted+2006, the+fury+1978, a+place+in+the+sun+1951, pumpkinhead+1988, dinoshark+2010, the+idolmaker+1980, chicken+little+2005, 548 ms"
"2022-02-08T19:22:08.453676,202350,recommendation request 17645-team17.isri.cmu.edu:8082, status 200, result: rollerball+1975, arranged+2007, red+dawn+1984, p.s.+2004, maze+2000, incognito+1997, moving+1988, the+letter+1940, phoenix+1998, the+island+1980, planet+of+the+apes+2001, the+brothers+2001, free+willy+3+the+rescue+1997, mobsters+1991, the+living+daylights+1987, crush+2001, above+the+law+1988, dark+passage+1947, untitled+2009, chicken+little+2005, 404 ms"
"2022-02-08T19:22:08.465924,72188,recommendation request 17645-team17.isri.cmu.edu:8082, status 200, result: rollerball+1975, six+pack+1982, 8+seconds+1994, star+wars+episode+iii+-+revenge+of+the+sith+2005, p.s.+2004, walle+2008, a+family+thing+1996, a+little+princess+1995, harry+and+tonto+1974, one+man+band+2005, masterminds+1997, the+blue+max+1966, planet+of+the+apes+2001, a+patch+of+blue+1965, beneath+the+planet+of+the+apes+1970, desk+set+1957, out+to+sea+1997, conan+the+barbarian+1982, romeo+and+juliet+1936, lifted+2006, 423 ms"
"2022-02-08T19:22:09.269726,136890,recommendation request 17645-team17.isri.cmu.edu:8082, status 200, result: the+family+1987, nothing+but+trouble+1991, who+am+i+1998, the+big+blue+1988, ice+castles+1978, full+moon+in+blue+water+1988, blue+car+2002, back+to+the+future+1985, to+grandmothers+house+we+go+1992, picnic+1955, little+giants+1994, the+wizard+1989, away+from+her+2006, sinbad+legend+of+the+seven+seas+2003, from+here+to+eternity+1953, return+to+the+blue+lagoon+1991, ali+2001, up+2009, hook+1991, the+loves+of+carmen+1948, 212 ms"
"2022-02-08T19:22:09.333044,301386,recommendation request 17645-team17.isri.cmu.edu:8082, status 200, result: cry+freedom+1987, the+house+of+yes+1997, the+longest+day+1962, p.s.+2004, dont+move+2004, sling+blade+1996, maze+2000, lifeboat+1944, grand+illusion+1937, harry+and+tonto+1974, iris+2001, the+verdict+1982, the+brothers+2001, the+mighty+1998, an+education+2009, junebug+2005, bottle+rocket+1996, in+harms+way+1965, crush+2001, desk+set+1957, 324 ms"
"2022-02-08T19:22:09.405138,150968,recommendation request 17645-team17.isri.cmu.edu:8082, status 200, result: the+five+senses+1999, mickeys+once+upon+a+christmas+1999, the+last+of+the+mohicans+1992, raging+bull+1980, the+proprietor+1996, the+house+of+yes+1997, the+other+side+of+the+mountain+1975, 633+squadron+1964, casper+1995, chicken+run+2000, in+too+deep+1999, the+mighty+1998, jurassic+park+1993, junebug+2005, island+2011, hook+1991, my+one+and+only+2009, breakfast+on+pluto+2005, spasmo+1974, patton+1970, 326 ms"
"2022-02-08T19:22:09.458363,37207,recommendation request 17645-team17.isri.cmu.edu:8082, status 200, result: eyewitness+1981, the+gauntlet+1977, my+name+is+khan+2010, p.s.+2004, true+crime+1996, the+other+side+of+the+mountain+1975, maze+2000, in+the+line+of+fire+1993, the+brothers+mcmullen+1995, chronicle+2012, ice+castles+1978, the+letter+1940, planet+of+the+apes+2001, the+brothers+2001, an+education+2009, junebug+2005, island+2011, from+here+to+eternity+1953, crush+2001, millions+2005, 411 ms"
"2022-02-08T19:22:09.490616,152830,recommendation request 17645-team17.isri.cmu.edu:8082, status 200, result: rollerball+1975, dark+city+1950, sling+blade+1996, p.s.+2004, maze+2000, forrest+gump+1994, harry+and+tonto+1974, iris+2001, phoenix+1998, the+verdict+1982, wake+of+death+2004, planet+of+the+apes+2001, the+mighty+1998, the+matrix+revolutions+2003, desk+set+1957, out+to+sea+1997, junebug+2005, island+2011, proof+2005, crush+2001, 409 ms"
"2022-02-08T19:22:10.440425,283079,recommendation request 17645-team17.isri.cmu.edu:8082, status 200, result: rollerball+1975, about+last+night...+1986, melody+time+1948, star+wars+episode+iii+-+revenge+of+the+sith+2005, desert+blue+1999, p.s.+2004, maze+2000, the+aristocats+1970, asylum+1972, vision+quest+1985, nims+island+2008, dick+tracy+1990, paul+2011, johnny+english+2003, your+friends++neighbors+1998, a+little+princess+1995, the+brothers+mcmullen+1995, the+witches+of+eastwick+1987, saludos+amigos+1942, planet+of+the+apes+2001, 363 ms"
"2022-02-08T19:22:10.184839,99187,recommendation request 17645-team17.isri.cmu.edu:8082, status 200, result: rocky+ii+1979, raging+bull+1980, finding+nemo+2003, presto+2008, that+was+then...+this+is+now+1985, east+of+eden+1955, interiors+1978, toy+story+of+terror+2013, being+there+1979, toy+story+that+time+forgot+2014, is+it+fall+yet+2000, fearless+1993, rocky+iii+1982, up+2009, burne+2008, dugs+special+mission+2009, ratatouille+2007, a+bugs+life+1998, atl+2006, cars+2006, 175 ms"
"2022-02-08T19:22:10.440676,78697,recommendation request 17645-team17.isri.cmu.edu:8082, status 200, result: remember+me+2010, suburban+commando+1991, return+of+the+fly+1959, the+conspiracy+2012, p.s.+2004, carnosaur+2+1995, altered+2006, barbarosa+1982, father+of+the+bride+1991, cabin+boy+1994, a+little+princess+1995, c.h.o.m.p.s.+1979, albatross+2011, big+bad+mama+1974, the+mighty+1998, beyond+the+sea+2004, the+women+2008, the+fury+1978, remember+the+night+1940, dinoshark+2010, 397 ms"
"2022-02-08T19:22:10.526068,252716,recommendation request 17645-team17.isri.cmu.edu:8082, status 200, result: shampoo+1975, cry+freedom+1987, suburban+commando+1991, barbershop+2002, six+pack+1982, frenzy+1972, a+family+thing+1996, twentieth+century+1934, another+thin+man+1939, moving+1988, harry+and+tonto+1974, c.h.o.m.p.s.+1979, analyze+that+2002, were+back+a+dinosaurs+story+1993, junebug+2005, juice+1992, mobsters+1991, murphys+romance+1985, the+owl+and+the+pussycat+1970, my+one+and+only+2009, 419 ms"
"2022-02-08T19:22:10.539056,295202,recommendation request 17645-team17.isri.cmu.edu:8082, status 200, result: wreck-it+ralph+2012, robot+stories+2003, p.s.+2004, a+goofy+movie+1995, cookie+1989, walle+2008, the+aristocats+1970, fuck+2005, northfork+2003, bellflower+2011, freaky+friday+1976, the+ambassador+2011, another+earth+2011, cars+2+2011, the+truman+show+1998, last+night+1998, remember+the+night+1940, made+of+honor+2008, dugs+special+mission+2009, rumble+fish+1983, 421 ms"
"2022-02-08T19:22:11.403603,67069,recommendation request 17645-team17.isri.cmu.edu:8082, status 200, result: rollerball+1975, the+conspiracy+2012, book+of+shadows+blair+witch+2+2000, p.s.+2004, death+note+2006, maze+2000, the+world+unseen+2007, birdy+1984, the+island+1980, albatross+2011, the+brothers+2001, topper+1937, in+this+world+2002, jurassic+park+1993, the+house+on+sorority+row+1983, kull+the+conqueror+1997, for+keeps+1988, crush+2001, conan+the+barbarian+1982, island+2011, 372 ms"
"2022-02-08T19:22:11.636685,89859,recommendation request 17645-team17.isri.cmu.edu:8082, status 200, result: eyewitness+1981, drop+zone+1994, arranged+2007, coldblooded+1995, the+conspiracy+2012, the+andromeda+strain+1971, incognito+1997, vision+quest+1985, a+little+princess+1995, gumby+the+movie+1995, dumb+and+dumber+to+2014, the+witches+of+eastwick+1987, the+letter+1940, phoenix+1998, the+saint+1997, modesty+blaise+1966, the+serpent+and+the+rainbow+1988, changing+lanes+2002, hopscotch+1980, dark+passage+1947, 594 ms"
"2022-02-08T19:22:11.637347,36798,recommendation request 17645-team17.isri.cmu.edu:8082, status 200, result: taps+1981, gotcha+1985, wisegirls+2002, p.s.+2004, the+librarian+the+curse+of+the+judas+chalice+2008, that+was+then...+this+is+now+1985, the+pompatus+of+love+1996, love+and+other+catastrophes+1996, emma+2009, prince+of+persia+the+sands+of+time+2010, a+pyromaniacs+love+story+1995, munich+2005, in+too+deep+1999, bad+girls+1994, love+story+1970, the+verdict+1982, dont+say+a+word+2001, moving+1988, the+witches+of+eastwick+1987, away+from+her+2006, 598 ms"
"2022-02-08T19:22:11.665696,207845,recommendation request 17645-team17.isri.cmu.edu:8082, status 200, result: about+last+night...+1986, the+bounty+1984, viva+zapata+1952, the+last+of+the+mohicans+1992, p.s.+2004, missing+1982, 633+squadron+1964, maze+2000, gods+not+dead+2014, the+brothers+mcmullen+1995, harem+1985, the+brothers+2001, crush+2001, island+2011, side+out+1990, above+the+law+1988, eight+men+out+1988, juno+2007, appaloosa+2008, taking+chance+2009, 618 ms"
"2022-02-08T19:22:11.669809,76283,recommendation request 17645-team17.isri.cmu.edu:8082, status 200, result: cry+freedom+1987, the+avengers+1998, ed+1996, frenzy+1972, walle+2008, mackennas+gold+1969, incognito+1997, dick+tracy+1990, inception+2010, casper+1995, one+man+band+2005, analyze+that+2002, the+matrix+revolutions+2003, jurassic+park+1993, the+matrix+1999, the+brave+one+2007, conan+the+barbarian+1982, return+to+the+blue+lagoon+1991, lifted+2006, ali+2001, 616 ms"
"2022-02-08T19:22:11.667528,28083,recommendation request 17645-team17.isri.cmu.edu:8082, status 200, result: eyewitness+1981, rollerball+1975, switchback+1997, ed+1996, 42nd+street+1933, on+moonlight+bay+1951, chronicle+2012, casper+1995, critters+1986, moving+1988, the+island+1980, the+hidden+1987, were+back+a+dinosaurs+story+1993, jurassic+park+1993, kull+the+conqueror+1997, hook+1991, the+man+who+knew+too+much+1956, dinoshark+2010, back+to+the+future+part+ii+1989, a+grand+day+out+1990, 631 ms"
"2022-02-08T19:22:12.402748,268268,recommendation request 17645-team17.isri.cmu.edu:8082, status 200, result: sleepers+1996, picture+perfect+1997, ed+1996, red+dawn+1984, once+bitten+1985, a+family+thing+1996, birdy+1984, bean+1997, moving+1988, the+letter+1940, phoenix+1998, harem+1985, the+yakuza+1974, the+client+1994, the+wizard+1989, for+keeps+1988, serial+1980, desk+set+1957, free+willy+3+the+rescue+1997, yours_+mine+and+ours+1968, 300 ms"
"2022-02-08T19:22:12.452299,36746,recommendation request 17645-team17.isri.cmu.edu:8082, status 200, result: american+virgin+2000, the+perfect+score+2004, rollerball+1975, bon+cop+bad+cop+2006, star+wars+episode+iii+-+revenge+of+the+sith+2005, american+ninja+1985, the+other+side+of+the+mountain+1975, macgruber+2010, lethal+weapon+3+1992, footloose+1984, inception+2010, harem+1985, 9+2005, wake+of+death+2004, the+matrix+1999, made+of+honor+2008, eating+raoul+1982, ruby++quentin+2003, an+american+werewolf+in+paris+1997, cyborg+1989, 282 ms"
"2022-02-08T19:22:12.345527,125191,recommendation request 17645-team17.isri.cmu.edu:8082, status 200, result: born+american+1986, black+beauty+1994, helen+of+troy+1956, arizona+dream+1993, the+bounty+1984, bridget+joness+diary+2001, kissing+a+fool+1998, airport+77+1977, spartacus+1960, that+was+then...+this+is+now+1985, never+again+2002, i+do+2006, the+taste+of+others+2000, birdy+1984, the+island+1980, heartbeeps+1981, my+wife+is+an+actress+2001, above+the+law+1988, eight+men+out+1988, made+of+honor+2008, 264 ms"
"2022-02-08T19:22:12.405926,80241,recommendation request 17645-team17.isri.cmu.edu:8082, status 200, result: rumble+in+the+bronx+1995, rollerball+1975, dark+city+1950, in+the+mouth+of+madness+1994, heart+condition+1990, who+am+i+1998, kissing+a+fool+1998, star+wars+episode+iii+-+revenge+of+the+sith+2005, serpico+1973, never+again+2002, star+trek+insurrection+1998, detective+story+1951, fast++furious+6+2013, r.i.p.d.+2013, ever+since+the+world+ended+2001, masterminds+1997, silver+city+2004, s1m0ne+2002, planet+of+the+apes+2001, the+fast+and+the+furious+2001, 293 ms"
"2022-02-08T19:22:13.479636,195142,recommendation request 17645-team17.isri.cmu.edu:8082, status 200, result: taps+1981, the+last+of+the+mohicans+1992, the+proprietor+1996, that+was+then...+this+is+now+1985, 633+squadron+1964, edward+scissorhands+1990, the+verdict+1982, heidi+1937, to+catch+a+thief+1955, a+patch+of+blue+1965, collateral+2004, grand+hotel+1932, sonny+2002, sleeping+with+the+enemy+1991, gordy+1995, because+of+winn-dixie+2005, romeo+and+juliet+1936, the+unknown+1927, h.m.+pulham_+esq.+1941, gone+with+the+wind+1939, 389 ms"
"2022-02-08T19:22:13.522401,166893,recommendation request 17645-team17.isri.cmu.edu:8082, status 200, result: d-tox+2002, wisegirls+2002, the+escapist+2008, rapid+fire+1992, invasion+u.s.a.+1985, paintball+2009, covert+action+1978, rollercoaster+1977, the+amateur+1981, chain+of+command+2000, ransom+1975, airport+1970, kickboxer+1989, in+hell+2003, made+2001, the+crazies+1973, hummingbird+2013, body+count+1998, mirage+1995, the+box+2007, 422 ms"
"2022-02-08T19:22:13.541745,70864,recommendation request 17645-team17.isri.cmu.edu:8082, status 200, result: the+nest+2002, eyewitness+1981, cry+freedom+1987, what+doesnt+kill+you+2008, switchback+1997, curdled+1996, pandorum+2009, dreamgirls+2006, crossroads+2002, parker+2013, johnny+english+2003, the+next+karate+kid+1994, the+letter+1940, the+island+1980, rosemarys+baby+1968, albatross+2011, people+like+us+2012, rush+hour+3+2007, the+hitch-hiker+1953, mobsters+1991, 466 ms"
"2022-02-08T19:22:13.548835,34964,recommendation request 17645-team17.isri.cmu.edu:8082, status 200, result: rollerball+1975, the+longest+day+1962, lockout+2012, p.s.+2004, a+goofy+movie+1995, sling+blade+1996, frenzy+1972, true+crime+1996, freaky+friday+1976, nims+island+2008, lifeboat+1944, grand+illusion+1937, haywire+2011, masterminds+1997, dead+reckoning+1947, patriot+games+1992, planet+of+the+apes+2001, the+mighty+1998, in+harms+way+1965, hook+1991, 474 ms"
"2022-02-08T19:22:13.684057,169249,recommendation request 17645-team17.isri.cmu.edu:8082, status 200, result: drop+zone+1994, rollerball+1975, nothing+but+trouble+1991, dark+city+1950, the+conspiracy+2012, star+wars+episode+iii+-+revenge+of+the+sith+2005, p.s.+2004, identity+2003, the+other+side+of+the+mountain+1975, incognito+1997, nims+island+2008, the+last+legion+2007, the+island+1980, four+brothers+2005, planet+of+the+apes+2001, kull+the+conqueror+1997, murphys+romance+1985, body+double+1984, hook+1991, hopscotch+1980, 585 ms"
"2022-02-08T19:22:13.680539,150067,recommendation request 17645-team17.isri.cmu.edu:8082, status 200, result: cry+freedom+1987, rollerball+1975, lockout+2012, star+wars+episode+iii+-+revenge+of+the+sith+2005, carnosaur+2+1995, barbarosa+1982, the+wash+2001, casper+1995, haywire+2011, the+blue+max+1966, planet+of+the+apes+2001, working+girl+1988, beneath+the+planet+of+the+apes+1970, jurassic+park+1993, hook+1991, dinoshark+2010, escape+from+the+planet+of+the+apes+1971, the+desert+rats+1953, back+to+the+future+part+ii+1989, beyond+the+poseidon+adventure+1979, 577 ms"
"2022-02-08T19:22:13.685566,129463,recommendation request 17645-team17.isri.cmu.edu:8082, status 200, result: drop+zone+1994, rollerball+1975, sleepers+1996, star+wars+episode+iii+-+revenge+of+the+sith+2005, frenzy+1972, light+it+up+1999, without+a+paddle+2004, a+shock+to+the+system+1990, phoenix+1998, wake+of+death+2004, planet+of+the+apes+2001, the+client+1994, marooned+1969, desk+set+1957, out+to+sea+1997, changing+lanes+2002, ali+2001, hopscotch+1980, high+sierra+1941, jennifer+eight+1992, 585 ms"
"2022-02-08T19:22:14.409476,222898,recommendation request 17645-team17.isri.cmu.edu:8082, status 200, result: the+family+man+2000, rocky+ii+1979, greedy+1994, six+pack+1982, my+man+godfrey+1957, the+family+stone+2005, ed+1996, raging+bull+1980, guest+house+paradiso+1999, p.s.+2004, once+around+1991, loser+2000, that+was+then...+this+is+now+1985, east+of+eden+1955, edward+scissorhands+1990, down+to+you+2000, interiors+1978, death+becomes+her+1992, being+there+1979, anastasia+1956, 342 ms"
"2022-02-08T19:22:14.435568,119153,recommendation request 17645-team17.isri.cmu.edu:8082, status 200, result: nothing+but+trouble+1991, the+house+of+yes+1997, the+snowman+1982, cazuza+time+doesnt+stop+2004, frenzy+1972, true+crime+1996, nothing+to+lose+1994, light+it+up+1999, once+bitten+1985, behind+the+sun+2001, ice+castles+1978, moving+1988, the+mighty+1998, from+here+to+eternity+1953, from+the+hip+1987, dinoshark+2010, spasmo+1974, they+made+me+a+criminal+1939, every+which+way+but+loose+1978, the+house+of+sand+2005, 373 ms"
"2022-02-08T19:22:14.421054,39618,recommendation request 17645-team17.isri.cmu.edu:8082, status 200, result: welcome+to+dongmakgol+2005, the+house+of+yes+1997, missing+1982, how+i+won+the+war+1967, that+was+then...+this+is+now+1985, k-9+1989, the+last+minute+2001, lifeboat+1944, the+company+men+2010, men+of+honor+2000, albatross+2011, patriot+games+1992, bulworth+1998, the+mighty+1998, restoration+1995, diamond+men+2000, juice+1992, island+2011, the+crossing+guard+1995, little+voice+1998, 362 ms"
"2022-02-08T19:22:14.495110,179064,recommendation request 17645-team17.isri.cmu.edu:8082, status 200, result: rollerball+1975, melody+time+1948, ed+1996, star+wars+episode+iii+-+revenge+of+the+sith+2005, a+goofy+movie+1995, the+bridge+at+remagen+1969, the+aristocats+1970, code+of+silence+1985, casper+1995, gumby+the+movie+1995, phoenix+1998, saludos+amigos+1942, planet+of+the+apes+2001, jurassic+park+1993, time+bandits+1981, island+2011, conan+the+barbarian+1982, the+hot+spot+1990, hook+1991, dungeons++dragons+2000, 432 ms"
"2022-02-08T19:22:14.500852,43998,recommendation request 17645-team17.isri.cmu.edu:8082, status 200, result: nothing+but+trouble+1991, rollerball+1975, my+man+godfrey+1957, ed+1996, the+last+of+the+mohicans+1992, guest+house+paradiso+1999, big+hero+6+2014, 633+squadron+1964, light+it+up+1999, incognito+1997, lifeboat+1944, spy+kids+3-d+game+over+2003, moving+1988, the+blue+max+1966, the+truman+show+1998, class+1983, the+art+of+war+2000, easy+money+1983, hot+to+trot+1988, patton+1970, 424 ms"
"2022-02-08T19:22:15.404188,12399,recommendation request 17645-team17.isri.cmu.edu:8082, status 200, result: american+virgin+2000, the+five+senses+1999, mickeys+once+upon+a+christmas+1999, the+last+of+the+mohicans+1992, 8+seconds+1994, the+proprietor+1996, maze+2000, the+aristocats+1970, 101+dalmatians+ii+patchs+london+adventure+2003, dead+reckoning+1947, still+bill+2010, rude+boy+1980, crush+2001, eye+of+the+beholder+1999, the+nuns+story+1959, ever+after+a+cinderella+story+1998, an+american+carol+2008, agnes+browne+1999, exodus+1960, captain+horatio+hornblower+r.n.+1951, 283 ms"
"2022-02-08T19:22:15.448428,281107,recommendation request 17645-team17.isri.cmu.edu:8082, status 200, result: the+dresser+1983, punch-drunk+love+2002, maze+2000, the+pompatus+of+love+1996, birdy+1984, moving+1988, harem+1985, albatross+2011, opportunity+knocks+1990, crush+2001, island+2011, the+women+2008, six+weeks+1982, the+fury+1978, eight+men+out+1988, dinoshark+2010, down+in+the+delta+1998, the+allnighter+1987, dopamine+2003, boy+a+2007, 328 ms"
"2022-02-08T19:22:15.465768,83956,recommendation request 17645-team17.isri.cmu.edu:8082, status 200, result: rollerball+1975, lockout+2012, star+wars+episode+iii+-+revenge+of+the+sith+2005, doc+hollywood+1991, vision+quest+1985, a+little+princess+1995, haywire+2011, moving+1988, the+witches+of+eastwick+1987, the+yakuza+1974, planet+of+the+apes+2001, shes+having+a+baby+1988, bottle+rocket+1996, the+incredible+hulk+2008, ali+2001, 10th++wolf+2006, the+survivors+1983, beyond+the+poseidon+adventure+1979, back+to+the+future+part+ii+1989, divergent+2014, 355 ms"
"2022-02-08T19:22:16.386600,305805,recommendation request 17645-team17.isri.cmu.edu:8082, status 200, result: robot+stories+2003, six+pack+1982, royal+deceit+1994, p.s.+2004, frenzy+1972, the+wash+2001, a+family+thing+1996, northfork+2003, bellflower+2011, lifeboat+1944, bad+girls+1994, harry+and+tonto+1974, the+verdict+1982, the+island+1980, the+wizard+1989, the+reader+2008, the+matrix+revolutions+2003, beyond+the+sea+2004, island+2011, the+brave+one+2007, 331 ms"
"2022-02-08T19:22:16.402618,258359,recommendation request 17645-team17.isri.cmu.edu:8082, status 200, result: shirin+in+love+2014, top+secret+1984, coyote+ugly+2000, six+pack+1982, enough+2002, the+rich+mans+wife+1996, light+it+up+1999, maze+2000, a+family+thing+1996, love+and+other+catastrophes+1996, northfork+2003, emma+2009, grand+illusion+1937, burlesque+2010, heidi+1937, harry+and+tonto+1974, guilty+as+sin+1993, harem+1985, bulworth+1998, a+farewell+to+arms+1932, 329 ms"
"2022-02-08T19:22:16.491832,211299,recommendation request 17645-team17.isri.cmu.edu:8082, status 200, result: the+nest+2002, a+nightmare+on+elm+street+part+2+freddys+revenge+1985, what+doesnt+kill+you+2008, red+dawn+1984, lethal+weapon+3+1992, parker+2013, detective+story+1951, dick+tracy+1990, johnny+english+2003, critters+1986, the+matrix+revolutions+2003, winnie+the+pooh+2011, shes+having+a+baby+1988, rush+hour+3+2007, island+2011, from+here+to+eternity+1953, the+brave+one+2007, jennifer+eight+1992, ratatouille+2007, spasmo+1974, 426 ms"
"2022-02-08T19:22:16.491977,113188,recommendation request 17645-team17.isri.cmu.edu:8082, status 200, result: whisper+of+the+heart+1995, ella+enchanted+2004, robot+stories+2003, dark+city+1950, intersection+1994, last+holiday+2006, frenzy+1972, missing+1982, p.s.+2004, mystery_+alaska+1999, a+goofy+movie+1995, the+other+side+of+the+mountain+1975, freaky+friday+1976, one+eight+seven+1997, guilty+as+sin+1993, junebug+2005, juice+1992, island+2011, mr.+jealousy+1997, last+night+1998, 395 ms"
"2022-02-08T19:22:17.496358,277795,recommendation request 17645-team17.isri.cmu.edu:8082, status 200, result: eyewitness+1981, white+men+cant+jump+1992, switchback+1997, rollerball+1975, barbershop+2002, dark+city+1950, the+last+of+the+mohicans+1992, the+longest+day+1962, intersection+1994, p.s.+2004, 633+squadron+1964, a+time+to+kill+1996, nims+island+2008, the+beverly+hillbillies+1993, another+thin+man+1939, the+island+1980, the+water+horse+2007, the+yakuza+1974, the+client+1994, planet+of+the+apes+2001, 391 ms"
"2022-02-08T19:22:17.516009,49876,recommendation request 17645-team17.isri.cmu.edu:8082, status 200, result: barbershop+2002, robot+stories+2003, cookie+1989, the+other+side+of+the+mountain+1975, in+the+line+of+fire+1993, father+of+the+bride+1991, cabin+boy+1994, detective+story+1951, another+thin+man+1939, the+letter+1940, dead+reckoning+1947, malice+1993, the+matrix+revolutions+2003, conan+the+barbarian+1982, the+brave+one+2007, last+night+1998, bingo+1991, absolute+power+1997, jennifer+eight+1992, private+lives+1931, 405 ms"
"2022-02-08T19:22:17.606304,37087,recommendation request 17645-team17.isri.cmu.edu:8082, status 200, result: forbidden+zone+1980, the+last+of+the+mohicans+1992, street+fighter+the+legend+of+chun-li+2009, frenzy+1972, p.s.+2004, how+i+won+the+war+1967, a+goofy+movie+1995, snow+dogs+2002, in+the+line+of+fire+1993, father+of+the+bride+1991, one+eight+seven+1997, planet+of+the+apes+2001, cars+2+2011, serial+1980, juice+1992, the+matrix+1999, an+american+carol+2008, the+art+of+war+2000, jennifer+eight+1992, ratatouille+2007, 455 ms"
"2022-02-08T19:22:17.608992,211101,recommendation request 17645-team17.isri.cmu.edu:8082, status 200, result: helen+of+troy+1956, nothing+like+the+holidays+2008, back+to+the+future+part+iii+1990, the+last+of+the+mohicans+1992, major+league+ii+1994, frenzy+1972, crossroads+2002, the+country+bears+2002, snow+dogs+2002, big+hero+6+2014, the+andromeda+strain+1971, one+hundred+and+one+dalmatians+1961, e.t.+the+extra-terrestrial+1982, forrest+gump+1994, psycho+1998, moving+1988, love+story+1970, an+american+tail+fievel+goes+west+1991, were+back+a+dinosaurs+story+1993, so+fine+1981, 427 ms"
"2022-02-08T19:22:17.608480,175422,recommendation request 17645-team17.isri.cmu.edu:8082, status 200, result: out+of+sight+1998, eyewitness+1981, rollerball+1975, raging+bull+1980, bustin+loose+1981, family+plot+1976, rambo+first+blood+part+ii+1985, a+family+thing+1996, bad+girls+1994, the+next+karate+kid+1994, planet+of+the+apes+2001, albatross+2011, working+girl+1988, smokey+and+the+bandit+part+3+1983, today+you+die+2005, down+in+the+delta+1998, lassie+2005, bulletproof+1996, silverado+1985, the+survivors+1983, 471 ms"
"2022-02-08T19:22:18.529312,75539,recommendation request 17645-team17.isri.cmu.edu:8082, status 200, result: life+is+beautiful+1997, the+five+senses+1999, rollerball+1975, dreamgirls+2006, intersection+1994, last+holiday+2006, loving+you+1957, nothing+to+lose+1994, bellflower+2011, die+weisse+rose+1982, phoenix+1998, signs+of+life+1968, money+train+1995, planet+of+the+apes+2001, the+matrix+revolutions+2003, junebug+2005, island+2011, the+brave+one+2007, remember+the+night+1940, from+the+hip+1987, 431 ms"
"2022-02-08T19:22:18.569324,237141,recommendation request 17645-team17.isri.cmu.edu:8082, status 200, result: rollerball+1975, top+secret+1984, robot+stories+2003, the+bounty+1984, 8+seconds+1994, p.s.+2004, mystery_+alaska+1999, nothing+to+lose+1994, the+addams+family+1991, the+other+side+of+the+mountain+1975, northfork+2003, a+little+princess+1995, pride+2014, masterminds+1997, lionheart+1990, wake+of+death+2004, planet+of+the+apes+2001, armed+and+dangerous+1986, desk+set+1957, out+to+sea+1997, 463 ms"
"2022-02-08T19:22:18.583493,248225,recommendation request 17645-team17.isri.cmu.edu:8082, status 200, result: the+cat+in+the+hat+2003, drop+zone+1994, rollerball+1975, top+secret+1984, my+man+godfrey+1957, ed+1996, 8+seconds+1994, family+plot+1976, star+wars+episode+iii+-+revenge+of+the+sith+2005, the+other+side+of+the+mountain+1975, the+addams+family+1991, snow+dogs+2002, without+a+paddle+2004, in+the+line+of+fire+1993, a+little+princess+1995, father+of+the+bride+1991, cabin+boy+1994, ice+castles+1978, freaky+friday+1976, dead+reckoning+1947, 483 ms"
"2022-02-08T19:22:18.640107,168705,recommendation request 17645-team17.isri.cmu.edu:8082, status 200, result: rollerball+1975, star+wars+episode+iii+-+revenge+of+the+sith+2005, p.s.+2004, maze+2000, dont+tell+her+its+me+1990, planet+of+the+apes+2001, the+brothers+2001, patriot+games+1992, a+man+and+a+woman+1966, the+comancheros+1961, juice+1992, crush+2001, the+incredible+hulk+2008, island+2011, north+1994, side+out+1990, the+women+2008, burnt+offerings+1976, breakdown+1997, absolute+power+1997, 537 ms"
"2022-02-08T19:22:18.669458,34801,recommendation request 17645-team17.isri.cmu.edu:8082, status 200, result: black+beauty+1994, sullivans+travels+1941, the+parent+trap+1998, mickeys+once+upon+a+christmas+1999, a+goofy+movie+1995, snow+dogs+2002, the+way+2010, freaky+friday+1976, a+little+princess+1995, dick+tracy+1990, detective+story+1951, cabin+boy+1994, chicken+run+2000, junebug+2005, help+1965, remember+the+night+1940, my+one+and+only+2009, jennifer+eight+1992, gung+ho+1986, the+incredibles+2004, 543 ms"
"2022-02-08T19:22:19.504098,81394,recommendation request 17645-team17.isri.cmu.edu:8082, status 200, result: eyewitness+1981, happy+accidents+2000, rollerball+1975, frenzy+1972, the+andromeda+strain+1971, northfork+2003, psycho+1998, planet+of+the+apes+2001, gravity+2013, another+earth+2011, island+2011, the+fury+1978, x+the+unknown+1956, dinoshark+2010, dugs+special+mission+2009, the+arrival+1996, ratatouille+2007, spasmo+1974, they+made+me+a+criminal+1939, the+faculty+1998, 463 ms"
"2022-02-08T19:22:19.659070,186659,recommendation request 17645-team17.isri.cmu.edu:8082, status 200, result: drop+zone+1994, rollerball+1975, rio+bravo+1959, homefront+2013, viva+zapata+1952, p.s.+2004, code+of+silence+1985, freaky+friday+1976, northfork+2003, phoenix+1998, the+mechanic+1972, out+to+sea+1997, hogfather+2006, island+2011, the+hot+spot+1990, 7+seconds+2005, appaloosa+2008, spasmo+1974, patton+1970, pale+rider+1985, 585 ms"
"2022-02-08T19:22:19.693618,249987,recommendation request 17645-team17.isri.cmu.edu:8082, status 200, result: bill+cosby+himself+1983, the+snowman+1982, p.s.+2004, the+warriors+way+2010, crossroads+2002, the+country+bears+2002, snow+dogs+2002, big+hero+6+2014, maze+2000, forrest+gump+1994, iris+2001, the+island+1980, ghoulies+ii+1987, dead+presidents+1995, the+brothers+2001, the+truman+show+1998, crush+2001, conan+the+barbarian+1982, king+kong+lives+1986, north+1994, 630 ms"
"2022-02-08T19:22:19.791886,57587,recommendation request 17645-team17.isri.cmu.edu:8082, status 200, result: life+is+beautiful+1997, the+glimmer+man+1996, cry+freedom+1987, the+five+senses+1999, about+last+night...+1986, mary+poppins+1964, 8+seconds+1994, p.s.+2004, son+of+the+mask+2005, under+siege+1992, deep+rising+1998, maze+2000, the+addams+family+1991, a+time+to+kill+1996, frankenstein+meets+the+wolf+man+1943, freaky+friday+1976, birdy+1984, harem+1985, topper+1937, a+man+and+a+woman+1966, 723 ms"
"2022-02-08T19:22:19.794323,198644,recommendation request 17645-team17.isri.cmu.edu:8082, status 200, result: life+is+beautiful+1997, the+five+senses+1999, rollerball+1975, raging+bull+1980, 8+seconds+1994, last+holiday+2006, rain+man+1988, p.s.+2004, frenzy+1972, a+family+thing+1996, nims+island+2008, the+brothers+mcmullen+1995, spy+kids+3-d+game+over+2003, junebug+2005, shes+having+a+baby+1988, juice+1992, mobsters+1991, have+rocket_+will+travel+1959, the+three+stooges+in+orbit+1962, hook+1991, 729 ms"
"2022-02-08T19:22:19.835379,43900,recommendation request 17645-team17.isri.cmu.edu:8082, status 200, result: the+cat+in+the+hat+2003, the+five+senses+1999, top+secret+1984, punchline+1988, paths+of+glory+1957, ed+1996, 8+seconds+1994, p.s.+2004, z+1969, birdy+1984, casper+1995, the+human+condition+ii+road+to+eternity+1959, babe+pig+in+the+city+1998, albatross+2011, how+the+grinch+stole+christmas+2000, rat+2001, days+of+glory+1944, six+weeks+1982, remember+the+night+1940, from+the+hip+1987, 755 ms"
"2022-02-08T19:22:19.816831,75870,recommendation request 17645-team17.isri.cmu.edu:8082, status 200, result: rollerball+1975, robot+stories+2003, ed+1996, 28+weeks+later+2007, the+conspiracy+2012, p.s.+2004, loving+you+1957, altered+2006, nims+island+2008, the+virgin+suicides+1999, casper+1995, the+yakuza+1974, planet+of+the+apes+2001, gravity+2013, for+keeps+1988, jurassic+park+1993, junebug+2005, the+game+1997, millions+2005, last+night+1998, 727 ms"
"2022-02-08T19:22:20.379439,18372,recommendation request 17645-team17.isri.cmu.edu:8082, status 200, result: down+periscope+1996, rhinestone+1984, white+men+cant+jump+1992, bill+cosby+himself+1983, the+sting+1973, never+again+2002, the+beverly+hillbillies+1993, putzel+2012, holiday+inn+1942, bulworth+1998, clockwatchers+1997, beyond+therapy+1987, one+hundred+men+and+a+girl+1937, breakfast+on+pluto+2005, the+yes+men+2003, waynes+world+2+1993, little+murders+1971, melvin+and+howard+1980, supervixens+1975, unfaithfully+yours+1984, 343 ms"
"2022-02-08T19:22:20.444812,237479,recommendation request 17645-team17.isri.cmu.edu:8082, status 200, result: american+virgin+2000, rio+bravo+1959, punchline+1988, the+conspiracy+2012, childs+play+3+1991, return+of+the+fly+1959, p.s.+2004, missing+1982, carnosaur+2+1995, mystery_+alaska+1999, maze+2000, casper+1995, psycho+1998, one+eight+seven+1997, guilty+as+sin+1993, jaws+3-d+1983, jurassic+park+1993, the+serpent+and+the+rainbow+1988, shes+having+a+baby+1988, junebug+2005, 404 ms"
"2022-02-08T19:22:20.448254,128386,recommendation request 17645-team17.isri.cmu.edu:8082, status 200, result: drop+zone+1994, forbidden+zone+1980, oh_+god+1977, ed+1996, p.s.+2004, cookie+1989, nims+island+2008, dick+tracy+1990, paul+2011, casper+1995, johnny+english+2003, moving+1988, the+witches+of+eastwick+1987, four+brothers+2005, working+girl+1988, jurassic+park+1993, mighty+aphrodite+1995, hook+1991, an+american+carol+2008, little+murders+1971, 352 ms"
"2022-02-08T19:22:20.447053,158849,recommendation request 17645-team17.isri.cmu.edu:8082, status 200, result: mickeys+once+upon+a+christmas+1999, the+avengers+1998, bridget+joness+diary+2001, 8+seconds+1994, p.s.+2004, the+other+side+of+the+mountain+1975, maze+2000, vision+quest+1985, nims+island+2008, a+little+princess+1995, gumby+the+movie+1995, moving+1988, the+witches+of+eastwick+1987, national+lampoons+vacation+1983, the+island+1980, albatross+2011, the+wizard+1989, an+education+2009, island+2011, crush+2001, 416 ms"
"2022-02-08T19:22:21.474240,17618,recommendation request 17645-team17.isri.cmu.edu:8082, status 200, result: american+virgin+2000, melody+time+1948, agnes+of+god+1985, ed+1996, the+snowman+1982, the+amazing+spider-man+2012, cazuza+time+doesnt+stop+2004, nothing+to+lose+1994, sleeping+beauty+1959, behind+the+sun+2001, a+family+thing+1996, nims+island+2008, prince+of+persia+the+sands+of+time+2010, casper+1995, psycho+1998, saludos+amigos+1942, jurassic+park+1993, bingo+1991, spasmo+1974, shrek+the+third+2007, 367 ms"
"2022-02-08T19:22:21.484018,3639,recommendation request 17645-team17.isri.cmu.edu:8082, status 200, result: american+virgin+2000, shampoo+1975, cry+freedom+1987, and+now...+ladies+and+gentlemen...+2002, the+gauntlet+1977, ed+1996, the+next+three+days+2010, true+crime+1996, breakfast+of+champions+1999, the+other+side+of+the+mountain+1975, twentieth+century+1934, casper+1995, c.h.o.m.p.s.+1979, harem+1985, the+yakuza+1974, jurassic+park+1993, white+palace+1990, murphys+romance+1985, the+owl+and+the+pussycat+1970, hook+1991, 383 ms"
"2022-02-08T19:22:21.543686,275230,recommendation request 17645-team17.isri.cmu.edu:8082, status 200, result: shampoo+1975, cry+freedom+1987, edmond+2005, arranged+2007, jesus+christ+superstar+1973, stick+it+2006, punchline+1988, my+man+godfrey+1957, ed+1996, guest+house+paradiso+1999, p.s.+2004, maze+2000, light+it+up+1999, incognito+1997, a+family+thing+1996, flash+of+genius+2008, harry+and+tonto+1974, the+letter+1940, one+eight+seven+1997, phoenix+1998, 442 ms"
"2022-02-08T19:22:21.546501,153385,recommendation request 17645-team17.isri.cmu.edu:8082, status 200, result: rollerball+1975, intersection+1994, star+wars+episode+iii+-+revenge+of+the+sith+2005, loving+you+1957, walle+2008, big+hero+6+2014, detective+story+1951, masterminds+1997, planet+of+the+apes+2001, working+girl+1988, cars+2+2011, serial+1980, a+place+in+the+sun+1951, 7+seconds+2005, bingo+1991, jennifer+eight+1992, underdog+2007, cars+2006, no+mercy+1986, unfaithfully+yours+1984, 416 ms"
"2022-02-08T19:22:22.376592,220478,recommendation request 17645-team17.isri.cmu.edu:8082, status 200, result: dark+city+1950, intersection+1994, double+jeopardy+1999, frozen+2013, the+curious+case+of+benjamin+button+2008, p.s.+2004, fantasia+2000+1999, the+last+minute+2001, death+takes+a+holiday+1934, cinderella+1950, affinity+2008, aladdin+1992, uncertainty+2009, to+catch+a+thief+1955, the+other+man+2008, the+princess+and+the+frog+2009, winnie+the+pooh+2011, paperman+2012, island+2011, jade+1995, 299 ms"
"2022-02-08T19:22:22.447705,203335,recommendation request 17645-team17.isri.cmu.edu:8082, status 200, result: greedy+1994, edtv+1999, because+i+said+so+2007, my+man+godfrey+1957, ed+1996, bring+it+on+again+2004, once+around+1991, life+1999, accepted+2006, death+becomes+her+1992, baseketball+1998, bowfinger+1999, real+life+1979, american+reunion+2012, cb4+1993, the+jerk+1979, twins+1988, one+hundred+men+and+a+girl+1937, thats+life+1986, the+dream+team+1989, 316 ms"
"2022-02-08T19:22:22.447472,182183,recommendation request 17645-team17.isri.cmu.edu:8082, status 200, result: the+family+man+2000, love+jones+1997, aquamarine+2006, the+longest+day+1962, paths+of+glory+1957, p.s.+2004, how+i+won+the+war+1967, that+was+then...+this+is+now+1985, never+again+2002, normal+life+1996, the+bridge+1959, nims+island+2008, birdy+1984, lifeboat+1944, grand+illusion+1937, bat*21+1988, clockwatchers+1997, junebug+2005, in+harms+way+1965, from+here+to+eternity+1953, 322 ms"
"2022-02-08T19:22:22.462984,8209,recommendation request 17645-team17.isri.cmu.edu:8082, status 200, result: nothing+but+trouble+1991, bridget+joness+diary+2001, oh_+god+1977, ed+1996, missing+1982, p.s.+2004, mystery_+alaska+1999, barbarosa+1982, bellflower+2011, casper+1995, moving+1988, national+lampoons+loaded+weapon+1+1993, national+lampoons+vacation+1983, one+eight+seven+1997, guilty+as+sin+1993, island+2011, leprechaun+2+1994, oh_+god+book+ii+1980, made+of+honor+2008, eating+raoul+1982, 393 ms"
"2022-02-08T19:22:22.492326,119064,recommendation request 17645-team17.isri.cmu.edu:8082, status 200, result: eyewitness+1981, rollerball+1975, sleepers+1996, courage+under+fire+1996, light+it+up+1999, in+the+line+of+fire+1993, detective+story+1951, the+verdict+1982, dead+reckoning+1947, malice+1993, the+client+1994, planet+of+the+apes+2001, conan+the+barbarian+1982, the+fury+1978, high+sierra+1941, absolute+power+1997, jennifer+eight+1992, spasmo+1974, dungeons++dragons+2000, they+made+me+a+criminal+1939, 384 ms"
"2022-02-08T19:22:22.536331,308403,recommendation request 17645-team17.isri.cmu.edu:8082, status 200, result: north+by+northwest+1959, p.s.+2004, cookie+1989, frenzy+1972, show+boat+1951, maze+2000, snow+dogs+2002, the+andromeda+strain+1971, freaky+friday+1976, psycho+1998, hot+tub+time+machine+2010, the+letter+1940, bachelor+in+paradise+1961, love+crazy+1941, a+patch+of+blue+1965, the+brothers+2001, on+the+town+1949, junebug+2005, crush+2001, romeo+and+juliet+1936, 394 ms"
"2022-02-08T19:22:22.529553,70378,recommendation request 17645-team17.isri.cmu.edu:8082, status 200, result: welcome+to+dongmakgol+2005, intersection+1994, loving+you+1957, how+i+won+the+war+1967, crossroads+2002, flashdance+1983, footloose+1984, lifeboat+1944, the+lookout+2007, love+story+1970, phoenix+1998, ghoulies+ii+1987, holiday+inn+1942, bulworth+1998, the+hot+spot+1990, i+sell+the+dead+2008, go+2001, i+was+a+male+war+bride+1949, the+king+of+comedy+1982, bloodstone+subspecies+ii+1993, 363 ms"
"2022-02-08T19:22:23.349728,178191,recommendation request 17645-team17.isri.cmu.edu:8082, status 200, result: curdled+1996, cry+freedom+1987, a+goofy+movie+1995, p.s.+2004, rambo+first+blood+part+ii+1985, maze+2000, vision+quest+1985, freaky+friday+1976, a+little+princess+1995, the+witches+of+eastwick+1987, guilty+as+sin+1993, patriot+games+1992, the+brothers+2001, winnie+the+pooh+2011, the+hitch-hiker+1953, juice+1992, crush+2001, mobsters+1991, breakdown+1997, the+emperors+new+groove+2000, 220 ms"
"2022-02-08T19:22:23.366007,138833,recommendation request 17645-team17.isri.cmu.edu:8082, status 200, result: the+perfect+score+2004, curdled+1996, drop+zone+1994, bon+cop+bad+cop+2006, eyewitness+1981, amityville+ii+the+possession+1982, p.s.+2004, true+crime+1996, altered+2006, lethal+weapon+3+1992, without+a+paddle+2004, dick+tracy+1990, haywire+2011, one+eight+seven+1997, phoenix+1998, wake+of+death+2004, ghoulies+ii+1987, changing+lanes+2002, the+juror+1996, saw+vi+2009, 252 ms"
"2022-02-08T19:22:24.783854,255171,recommendation request 17645-team17.isri.cmu.edu:8082, status 200, result: white+men+cant+jump+1992, dark+city+1950, intersection+1994, p.s.+2004, the+other+side+of+the+mountain+1975, the+beverly+hillbillies+1993, dead+reckoning+1947, the+yakuza+1974, an+education+2009, mobsters+1991, island+2011, 10th++wolf+2006, dark+passage+1947, today+you+die+2005, the+yes+men+2003, bulletproof+1996, little+murders+1971, get+real+1998, unfaithfully+yours+1984, beyond+the+poseidon+adventure+1979, 444 ms"
"2022-02-08T19:22:25.399864,293776,recommendation request 17645-team17.isri.cmu.edu:8082, status 200, result: the+perfect+score+2004, cry+freedom+1987, six+pack+1982, lockout+2012, red+dawn+1984, p.s.+2004, frenzy+1972, deep+rising+1998, a+time+to+kill+1996, a+family+thing+1996, freaky+friday+1976, haywire+2011, harry+and+tonto+1974, guilty+as+sin+1993, the+yakuza+1974, the+longest+yard+1974, winnie+the+pooh+2011, the+living+daylights+1987, above+the+law+1988, dinoshark+2010, 372 ms"
"2022-02-08T19:22:25.382225,248416,recommendation request 17645-team17.isri.cmu.edu:8082, status 200, result: 8+seconds+1994, a+goofy+movie+1995, i+like+it+like+that+1994, the+other+side+of+the+mountain+1975, code+of+silence+1985, once+bitten+1985, freaky+friday+1976, love+story+1970, iris+2001, phoenix+1998, an+education+2009, the+hot+spot+1990, the+incredible+hulk+2008, m.+butterfly+1993, quartet+1981, blood+and+sand+1989, the+emperors+new+groove+2000, ratatouille+2007, chicken+little+2005, shrek+the+third+2007, 357 ms"
"2022-02-08T19:22:25.423029,197994,recommendation request 17645-team17.isri.cmu.edu:8082, status 200, result: drop+zone+1994, nothing+but+trouble+1991, oh_+god+1977, p.s.+2004, red+dawn+1984, crossroads+2002, maze+2000, the+aristocats+1970, without+a+paddle+2004, nims+island+2008, four+brothers+2005, the+saint+1997, patriot+games+1992, changing+lanes+2002, crush+2001, hook+1991, the+fan+1981, dugs+special+mission+2009, bingo+1991, ratatouille+2007, 387 ms"
"2022-02-08T19:22:26.387586,48574,recommendation request 17645-team17.isri.cmu.edu:8082, status 200, result: suburban+commando+1991, my+man+godfrey+1957, ed+1996, p.s.+2004, the+promise+2005, the+other+side+of+the+mountain+1975, nims+island+2008, paul+2011, critters+1986, c.h.o.m.p.s.+1979, knights+of+badassdom+2013, this+property+is+condemned+1966, fabled+2002, painted+fire+2002, an+education+2009, junebug+2005, king+and+the+clown+2005, from+dusk+till+dawn+1996, remember+the+night+1940, hook+1991, 319 ms"
"2022-02-08T19:22:26.414495,15998,recommendation request 17645-team17.isri.cmu.edu:8082, status 200, result: switchback+1997, p.s.+2004, son+of+the+mask+2005, courage+under+fire+1996, vision+quest+1985, a+little+princess+1995, forrest+gump+1994, love+story+1970, the+witches+of+eastwick+1987, guilty+as+sin+1993, patriot+games+1992, topper+1937, winnie+the+pooh+2011, shes+having+a+baby+1988, juice+1992, island+2011, the+women+2008, breakdown+1997, the+man+who+knew+too+much+1956, ratatouille+2007, 349 ms"
"2022-02-08T19:22:27.466967,30980,recommendation request 17645-team17.isri.cmu.edu:8082, status 200, result: dead+of+winter+1987, cry+freedom+1987, the+five+senses+1999, what+doesnt+kill+you+2008, the+dresser+1983, punchline+1988, raging+bull+1980, rain+man+1988, cookie+1989, frenzy+1972, a+time+to+kill+1996, a+family+thing+1996, sanjuro+1962, albatross+2011, junebug+2005, from+here+to+eternity+1953, ali+2001, the+incredible+hulk+2008, six+weeks+1982, my+one+and+only+2009, 464 ms"
"2022-02-08T19:22:27.492932,183494,recommendation request 17645-team17.isri.cmu.edu:8082, status 200, result: the+glimmer+man+1996, punchline+1988, city+slickers+1991, a+goofy+movie+1995, under+siege+1992, barbarosa+1982, a+time+to+kill+1996, vision+quest+1985, freaky+friday+1976, a+little+princess+1995, forrest+gump+1994, bad+girls+1994, love+story+1970, the+witches+of+eastwick+1987, dead+reckoning+1947, guilty+as+sin+1993, winnie+the+pooh+2011, on+deadly+ground+1994, bottle+rocket+1996, shes+having+a+baby+1988, 471 ms"
"2022-02-08T19:22:27.511811,241260,recommendation request 17645-team17.isri.cmu.edu:8082, status 200, result: cry+freedom+1987, point+of+no+return+1993, unhook+the+stars+1996, murder+by+numbers+2002, canned+dreams+2012, desert+blue+1999, missing+1982, 3+women+1977, the+watch+2012, that+was+then...+this+is+now+1985, chain+reaction+1996, mary_+queen+of+scots+1971, the+dancemaker+1998, a+little+princess+1995, chronicle+2012, dirty+dancing+1987, antonio+gaud+1984, assisted+living+2005, the+letter+1940, shopping+1994, 443 ms"
"2022-02-08T19:22:27.507460,105053,recommendation request 17645-team17.isri.cmu.edu:8082, status 200, result: cry+freedom+1987, mickeys+once+upon+a+christmas+1999, lockout+2012, notting+hill+1999, p.s.+2004, rambo+first+blood+part+ii+1985, maze+2000, vision+quest+1985, in+the+line+of+fire+1993, a+little+princess+1995, gumby+the+movie+1995, haywire+2011, the+beverly+hillbillies+1993, the+witches+of+eastwick+1987, dead+reckoning+1947, the+brothers+2001, my+beautiful+laundrette+1985, shes+having+a+baby+1988, crush+2001, 10th++wolf+2006, 438 ms"
"2022-02-08T19:22:27.513911,109174,recommendation request 17645-team17.isri.cmu.edu:8082, status 200, result: drop+zone+1994, bill+cosby+himself+1983, the+five+senses+1999, 8+seconds+1994, the+other+side+of+the+mountain+1975, father+of+the+bride+1991, cabin+boy+1994, detective+story+1951, four+brothers+2005, the+yakuza+1974, gravity+2013, a+man+and+a+woman+1966, running+scared+1986, changing+lanes+2002, the+game+1997, beyond+therapy+1987, jennifer+eight+1992, bulletproof+1996, patton+1970, fire+down+below+1997, 460 ms"
"2022-02-08T19:22:28.434623,110680,recommendation request 17645-team17.isri.cmu.edu:8082, status 200, result: shampoo+1975, mickeys+once+upon+a+christmas+1999, arranged+2007, the+westerner+1940, rollerball+1975, loving+you+1957, barbarosa+1982, the+other+side+of+the+mountain+1975, tap+1989, gumby+the+movie+1995, big+trouble+2002, random+hearts+1999, moving+1988, blood_+guts_+bullets+and+octane+1998, masterminds+1997, the+brood+1979, 9+2005, planet+of+the+apes+2001, shivers+1975, for+keeps+1988, 342 ms"
"2022-02-08T19:22:29.396956,29864,recommendation request 17645-team17.isri.cmu.edu:8082, status 200, result: the+last+of+the+mohicans+1992, the+longest+day+1962, now_+voyager+1942, dont+move+2004, jab+we+met+2007, p.s.+2004, strayed+2003, that+was+then...+this+is+now+1985, 633+squadron+1964, maze+2000, never+again+2002, birdy+1984, emma+2009, green+card+1990, the+letter+1940, harem+1985, the+brothers+2001, lady+chatterley+2006, only+you+1994, away+from+her+2006, 313 ms"
"2022-02-08T19:22:29.444599,37425,recommendation request 17645-team17.isri.cmu.edu:8082, status 200, result: rollerball+1975, the+bounty+1984, paths+of+glory+1957, star+wars+episode+iii+-+revenge+of+the+sith+2005, missing+1982, how+i+won+the+war+1967, mystery_+alaska+1999, a+time+to+kill+1996, flashdance+1983, birdy+1984, forrest+gump+1994, one+eight+seven+1997, guilty+as+sin+1993, planet+of+the+apes+2001, sanjuro+1962, the+sword+of+doom+1966, shes+having+a+baby+1988, island+2011, the+brave+one+2007, days+of+glory+1944, 400 ms"
"2022-02-08T19:22:29.423515,302413,recommendation request 17645-team17.isri.cmu.edu:8082, status 200, result: life+is+beautiful+1997, rollerball+1975, the+golden+voyage+of+sinbad+1973, star+wars+episode+iii+-+revenge+of+the+sith+2005, dont+move+2004, a+time+to+kill+1996, detective+story+1951, bachelor+in+paradise+1961, love+crazy+1941, the+island+1980, harem+1985, the+yakuza+1974, the+client+1994, beneath+the+planet+of+the+apes+1970, on+the+town+1949, kull+the+conqueror+1997, island+2011, conan+the+barbarian+1982, heartbreakers+2001, above+the+law+1988, 333 ms"
"2022-02-08T19:22:30.461044,122137,recommendation request 17645-team17.isri.cmu.edu:8082, status 200, result: the+family+man+2000, cry+freedom+1987, leave+it+to+beaver+1997, hearts+in+atlantis+2001, the+snowman+1982, that+was+then...+this+is+now+1985, barbarosa+1982, big+hero+6+2014, snow+dogs+2002, the+country+bears+2002, dick+tracy+1990, gumby+the+movie+1995, ever+since+the+world+ended+2001, 9+2005, nothing+to+lose+1997, gravity+2013, atlas+shrugged+part+i+2011, double+take+2001, metro+1997, they+made+me+a+criminal+1939, 403 ms"
"2022-02-08T19:22:30.299185,127052,recommendation request 17645-team17.isri.cmu.edu:8082, status 200, result: shampoo+1975, the+cat+in+the+hat+2003, cry+freedom+1987, about+last+night...+1986, the+westerner+1940, top+secret+1984, the+last+of+the+mohicans+1992, ed+1996, 8+seconds+1994, p.s.+2004, red+dawn+1984, frenzy+1972, barbarosa+1982, maze+2000, forrest+gump+1994, tap+1989, random+hearts+1999, love+story+1970, one+eight+seven+1997, for+keeps+1988, 232 ms"
"2022-02-08T19:22:31.422837,14756,recommendation request 17645-team17.isri.cmu.edu:8082, status 200, result: eyewitness+1981, die+hard+1988, gotcha+1985, finding+nemo+2003, rapid+fire+1992, presto+2008, the+abyss+1989, toy+story+of+terror+2013, the+truth+about+charlie+2002, titanic+1997, modesty+blaise+1966, toy+story+that+time+forgot+2014, is+it+fall+yet+2000, up+2009, burne+2008, hopscotch+1980, dugs+special+mission+2009, ratatouille+2007, a+bugs+life+1998, cars+2006, 340 ms"
"2022-02-08T19:22:31.459638,29773,recommendation request 17645-team17.isri.cmu.edu:8082, status 200, result: drop+zone+1994, rollerball+1975, melody+time+1948, lockout+2012, picture+perfect+1997, ed+1996, the+proprietor+1996, the+brother+from+another+planet+1984, crossroads+2002, the+country+bears+2002, snow+dogs+2002, big+hero+6+2014, the+aristocats+1970, johnny+english+2003, casper+1995, haywire+2011, the+saint+1997, saludos+amigos+1942, planet+of+the+apes+2001, marooned+1969, 388 ms"
"2022-02-08T19:22:31.513897,109787,recommendation request 17645-team17.isri.cmu.edu:8082, status 200, result: the+gauntlet+1977, the+brother+from+another+planet+1984, p.s.+2004, maze+2000, edward+scissorhands+1990, a+time+to+kill+1996, the+verdict+1982, the+matrix+revolutions+2003, sherlock+holmes+in+washington+1943, crush+2001, the+brave+one+2007, above+the+law+1988, dark+passage+1947, airport+1975+1974, the+survivors+1983, pickup+on+south+street+1953, edge+of+tomorrow+2014, seven+alone+1974, mumford+1999, the+robe+1953, 444 ms"
"2022-02-08T19:22:31.518125,133896,recommendation request 17645-team17.isri.cmu.edu:8082, status 200, result: man+of+the+year+2006, frenzy+1972, jungle+fever+1991, a+christmas+carol+2009, a+family+thing+1996, freaky+friday+1976, junebug+2005, have+rocket_+will+travel+1959, bridesmaids+2011, my+one+and+only+2009, they+made+me+a+criminal+1939, holiday+1938, rock+n+roll+high+school+1979, the+gnome-mobile+1967, fun+in+acapulco+1963, seven+alone+1974, l.i.e.+2001, bedknobs+and+broomsticks+1971, blackbeards+ghost+1968, 40+days+and+40+nights+2002, 431 ms"
"2022-02-08T19:22:31.522418,228164,recommendation request 17645-team17.isri.cmu.edu:8082, status 200, result: the+glimmer+man+1996, drop+zone+1994, rollerball+1975, the+westerner+1940, dark+city+1950, the+snowman+1982, the+warriors+way+2010, under+siege+1992, barbarosa+1982, a+time+to+kill+1996, tap+1989, critters+1986, apocalypto+2006, silver+city+2004, private+parts+1972, the+poughkeepsie+tapes+2007, the+saint+1997, gone+in+sixty+seconds+2000, planet+of+the+apes+2001, on+deadly+ground+1994, 418 ms"
"2022-02-08T19:22:32.433829,285813,recommendation request 17645-team17.isri.cmu.edu:8082, status 200, result: north+by+northwest+1959, cry+freedom+1987, about+last+night...+1986, dark+city+1950, intersection+1994, p.s.+2004, light+it+up+1999, pitch+black+2000, the+verdict+1982, the+island+1980, the+yakuza+1974, junebug+2005, mobsters+1991, blind+fury+1989, island+2011, side+out+1990, my+one+and+only+2009, today+you+die+2005, they+made+me+a+criminal+1939, bulletproof+1996, 416 ms"
"2022-02-08T19:22:32.450903,169469,recommendation request 17645-team17.isri.cmu.edu:8082, status 200, result: cry+freedom+1987, the+spanish+apartment+2002, jesus+christ+superstar+1973, the+dresser+1983, p.s.+2004, maze+2000, analyze+this+1999, freaky+friday+1976, moving+1988, albatross+2011, jaws+3-d+1983, the+brothers+2001, another+earth+2011, beyond+the+sea+2004, desk+set+1957, out+to+sea+1997, crush+2001, the+living+daylights+1987, the+eagle+has+landed+1976, six+weeks+1982, 375 ms"
"2022-02-08T19:22:32.442840,171719,recommendation request 17645-team17.isri.cmu.edu:8082, status 200, result: shampoo+1975, drop+zone+1994, coldblooded+1995, i+like+it+like+that+1994, the+other+side+of+the+mountain+1975, maze+2000, fuck+2005, father+of+the+bride+1991, birdy+1984, splash+1984, dumb+and+dumber+to+2014, love+story+1970, the+letter+1940, harem+1985, the+saint+1997, changing+lanes+2002, crush+2001, three+fugitives+1989, blood+and+sand+1989, eight+men+out+1988, 425 ms"
"2022-02-08T19:22:33.362008,98275,recommendation request 17645-team17.isri.cmu.edu:8082, status 200, result: the+perfect+score+2004, cry+freedom+1987, bon+cop+bad+cop+2006, suburban+commando+1991, road+to+morocco+1942, red+dawn+1984, barbarosa+1982, snow+dogs+2002, caveman+1981, freaky+friday+1976, dick+tracy+1990, spy+kids+3-d+game+over+2003, bad+girls+1994, apocalypto+2006, the+island+1980, the+yakuza+1974, island+2011, the+living+daylights+1987, above+the+law+1988, rumble+fish+1983, 345 ms"
"2022-02-08T19:22:33.432827,81722,recommendation request 17645-team17.isri.cmu.edu:8082, status 200, result: the+family+man+2000, greedy+1994, serenity+2005, rollerball+1975, back+to+the+future+part+iii+1990, heart+and+souls+1993, book+of+shadows+blair+witch+2+2000, below+2002, the+lost+world+1925, p.s.+2004, the+last+starfighter+1984, once+around+1991, never+again+2002, brimstone++treacle+1982, small+soldiers+1998, asylum+1972, e.t.+the+extra-terrestrial+1982, chances+are+1989, the+pumaman+1980, scream+4+2011, 405 ms"
"2022-02-08T19:22:33.365985,260155,recommendation request 17645-team17.isri.cmu.edu:8082, status 200, result: the+family+man+2000, addams+family+reunion+1998, clue+1985, the+cat+in+the+hat+2003, mystery+date+1991, mary+poppins+1964, ed+1996, ghost+dad+1990, the+color+purple+1985, bbs+kids+1992, harry+and+the+hendersons+1987, the+addams+family+1991, the+kid+2000, vision+quest+1985, big+top+pee-wee+1988, a+little+princess+1995, e.t.+the+extra-terrestrial+1982, freaky+friday+1976, the+little+rascals+1994, stuart+saves+his+family+1995, 351 ms"
"2022-02-08T19:22:33.433215,213036,recommendation request 17645-team17.isri.cmu.edu:8082, status 200, result: eyewitness+1981, barbershop+2002, major+league+ii+1994, forrest+gump+1994, another+thin+man+1939, moving+1988, love+story+1970, the+yakuza+1974, winnie+the+pooh+2011, modesty+blaise+1966, changing+lanes+2002, shes+having+a+baby+1988, mobsters+1991, hopscotch+1980, dark+passage+1947, ratatouille+2007, hot+to+trot+1988, they+made+me+a+criminal+1939, patton+1970, babes+in+toyland+1934, 419 ms"
"2022-02-08T19:22:34.479103,10069,recommendation request 17645-team17.isri.cmu.edu:8082, status 200, result: loving+you+1957, the+other+side+of+the+mountain+1975, sleeping+beauty+1959, spirit+stallion+of+the+cimarron+2002, light+it+up+1999, vision+quest+1985, northfork+2003, gumby+the+movie+1995, the+flight+of+dragons+1982, the+brood+1979, guilty+as+sin+1993, 9+2005, shivers+1975, island+2011, trigun+badlands+rumble+2010, lifted+2006, a+taxing+woman+1987, dinoshark+2010, ratatouille+2007, spasmo+1974, 409 ms"
"2022-02-08T19:22:34.483729,178469,recommendation request 17645-team17.isri.cmu.edu:8082, status 200, result: about+last+night...+1986, the+longest+day+1962, p.s.+2004, missing+1982, the+official+story+1985, sling+blade+1996, maze+2000, birdy+1984, lifeboat+1944, grand+illusion+1937, moving+1988, the+brothers+2001, the+mighty+1998, junebug+2005, shes+having+a+baby+1988, in+harms+way+1965, look+whos+talking+too+1990, crush+2001, m.+butterfly+1993, side+out+1990, 417 ms"
"2022-02-08T19:22:35.375393,213798,recommendation request 17645-team17.isri.cmu.edu:8082, status 200, result: barbershop+2002, the+dresser+1983, ed+1996, sling+blade+1996, cookie+1989, lethal+weapon+3+1992, detective+story+1951, frozen+2007, the+godfather+part+iii+1990, dick+tracy+1990, casper+1995, another+thin+man+1939, private+parts+1972, albatross+2011, the+mighty+1998, jurassic+park+1993, island+2011, proof+2005, six+weeks+1982, tough+guys+1986, 357 ms"
"2022-02-08T19:22:35.542006,308358,recommendation request 17645-team17.isri.cmu.edu:8082, status 200, result: eyewitness+1981, drop+zone+1994, switchback+1997, mary+poppins+1964, the+last+of+the+mohicans+1992, the+other+side+of+the+mountain+1975, the+addams+family+1991, edward+scissorhands+1990, rambo+first+blood+part+ii+1985, vision+quest+1985, freaky+friday+1976, a+little+princess+1995, the+verdict+1982, the+witches+of+eastwick+1987, the+saint+1997, modesty+blaise+1966, changing+lanes+2002, a+knights+tale+2001, hopscotch+1980, the+man+who+knew+too+much+1956, 466 ms"
"2022-02-08T19:22:35.653467,82920,recommendation request 17645-team17.isri.cmu.edu:8082, status 200, result: the+perfect+score+2004, cry+freedom+1987, rollerball+1975, man+of+the+year+2006, bon+cop+bad+cop+2006, a+goofy+movie+1995, snow+dogs+2002, lethal+weapon+3+1992, the+island+1980, bully+2011, planet+of+the+apes+2001, cars+2+2011, junebug+2005, warriors+of+heaven+and+earth+2003, island+2011, conan+the+barbarian+1982, the+matrix+1999, bridesmaids+2011, my+one+and+only+2009, rumble+fish+1983, 523 ms"
"2022-02-08T19:22:35.656858,249175,recommendation request 17645-team17.isri.cmu.edu:8082, status 200, result: n+1998, drop+zone+1994, the+bounty+1984, intersection+1994, the+promise+2005, 633+squadron+1964, detective+story+1951, the+lost+weekend+1945, the+virgin+suicides+1999, phoenix+1998, the+saint+1997, albatross+2011, changing+lanes+2002, bottle+rocket+1996, the+hot+spot+1990, from+here+to+eternity+1953, island+2011, ali+2001, breakdown+1997, dark+passage+1947, 581 ms"
"2022-02-08T19:22:35.653422,284450,recommendation request 17645-team17.isri.cmu.edu:8082, status 200, result: eyewitness+1981, shirin+in+love+2014, mata+hari+1931, off+limits+1988, black+sheep+1996, love+and+other+catastrophes+1996, nims+island+2008, 3+godfathers+1948, burlesque+2010, derailed+2002, harem+1985, the+asphalt+jungle+1950, predator+2+1990, santa+claus+conquers+the+martians+1964, time+after+time+1979, power+98+1996, hook+1991, quigley+down+under+1990, cinderella+man+2005, today+you+die+2005, 523 ms"
"2022-02-08T19:22:35.653486,179270,recommendation request 17645-team17.isri.cmu.edu:8082, status 200, result: dead+of+winter+1987, barbershop+2002, viva+zapata+1952, the+red+shoes+1948, frenzy+1972, p.s.+2004, maze+2000, lifeboat+1944, another+thin+man+1939, dead+reckoning+1947, the+brothers+2001, juice+1992, crush+2001, from+here+to+eternity+1953, millions+2005, appaloosa+2008, untitled+2009, the+thin+man+goes+home+1945, a+canterbury+tale+1944, they+made+me+a+criminal+1939, 569 ms"
"2022-02-08T19:22:36.517981,7949,recommendation request 17645-team17.isri.cmu.edu:8082, status 200, result: eyewitness+1981, the+five+senses+1999, about+last+night...+1986, raging+bull+1980, p.s.+2004, courage+under+fire+1996, barbarosa+1982, maze+2000, lethal+weapon+3+1992, macgruber+2010, the+wash+2001, a+family+thing+1996, lifeboat+1944, dick+tracy+1990, bachelor+in+paradise+1961, love+crazy+1941, a+patch+of+blue+1965, albatross+2011, on+the+town+1949, surfer_+dude+2008, 476 ms"
"2022-02-08T19:22:36.540853,302007,recommendation request 17645-team17.isri.cmu.edu:8082, status 200, result: eyewitness+1981, the+andromeda+strain+1971, a+family+thing+1996, freaky+friday+1976, chronicle+2012, the+flying+saucer+1950, the+rage+carrie+2+1999, another+thin+man+1939, a+patch+of+blue+1965, albatross+2011, bottle+rocket+1996, crush+2001, island+2011, phil+spector+2013, romeo+and+juliet+1936, h.m.+pulham_+esq.+1941, atonement+2007, down+in+the+delta+1998, the+yearling+1946, the+survivors+1983, 485 ms"
"2022-02-08T19:22:36.561625,54607,recommendation request 17645-team17.isri.cmu.edu:8082, status 200, result: the+new+age+1994, the+westerner+1940, 8+seconds+1994, p.s.+2004, barbarosa+1982, light+it+up+1999, maze+2000, dont+tell+her+its+me+1990, tap+1989, the+verdict+1982, the+brothers+2001, junebug+2005, the+juror+1996, crush+2001, the+women+2008, my+one+and+only+2009, boys+and+girls+2000, untitled+2009, date+movie+2006, the+soldier+1982, 523 ms"
"2022-02-08T19:22:36.592939,260253,recommendation request 17645-team17.isri.cmu.edu:8082, status 200, result: rollerball+1975, the+bounty+1984, last+holiday+2006, true+crime+1996, the+matrix+revolutions+2003, shes+having+a+baby+1988, bottle+rocket+1996, the+juror+1996, conan+the+barbarian+1982, the+brave+one+2007, made+of+honor+2008, ruby++quentin+2003, lassie+2005, dungeons++dragons+2000, the+survivors+1983, edge+of+tomorrow+2014, happily+ever+after+2004, flying+tigers+1942, boy+a+2007, seven+alone+1974, 535 ms"
"2022-02-08T19:22:36.590639,278346,recommendation request 17645-team17.isri.cmu.edu:8082, status 200, result: cry+freedom+1987, ed+1996, walle+2008, the+other+side+of+the+mountain+1975, deep+rising+1998, lethal+weapon+3+1992, pitch+black+2000, casper+1995, one+man+band+2005, opportunity+knocks+1990, jurassic+park+1993, white+palace+1990, the+matrix+1999, conan+the+barbarian+1982, lifted+2006, hook+1991, dinoshark+2010, dugs+special+mission+2009, ratatouille+2007, dungeons++dragons+2000, 509 ms"
"2022-02-08T19:22:37.401202,306495,recommendation request 17645-team17.isri.cmu.edu:8082, status 200, result: shampoo+1975, von+ryans+express+1965, the+family+1987, the+longest+day+1962, nine+lives+2005, dont+move+2004, flags+of+our+fathers+2006, king+of+hearts+1966, five+times+two+2004, the+bridge+1959, lifeboat+1944, cromwell+1970, grand+illusion+1937, random+hearts+1999, fat+man+and+little+boy+1989, flirting+1991, away+from+her+2006, in+harms+way+1965, downhill+racer+1969, texasville+1990, 305 ms"
"2022-02-08T19:22:37.434896,251041,recommendation request 17645-team17.isri.cmu.edu:8082, status 200, result: curdled+1996, the+five+senses+1999, 8+seconds+1994, the+proprietor+1996, book+of+shadows+blair+witch+2+2000, family+plot+1976, two+hands+1999, brimstone++treacle+1982, detective+story+1951, the+company+men+2010, taxi+2004, money+train+1995, albatross+2011, junebug+2005, the+hitch-hiker+1953, juice+1992, from+here+to+eternity+1953, ali+2001, scary+movie+5+2013, eight+men+out+1988, 347 ms"
"2022-02-08T19:22:37.640554,7439,recommendation request 17645-team17.isri.cmu.edu:8082, status 200, result: about+last+night...+1986, rancho+deluxe+1975, doc+hollywood+1991, frenzy+1972, missing+1982, sling+blade+1996, barbarosa+1982, the+wash+2001, father+of+the+bride+1991, moving+1988, one+eight+seven+1997, guilty+as+sin+1993, silver+city+2004, lightning+jack+1994, the+mighty+1998, junebug+2005, serial+1980, the+late+shift+1996, juice+1992, island+2011, 547 ms"
"2022-02-08T19:22:37.723939,151104,recommendation request 17645-team17.isri.cmu.edu:8082, status 200, result: arranged+2007, sleepers+1996, robot+stories+2003, the+westerner+1940, red+dawn+1984, true+crime+1996, barbarosa+1982, lethal+weapon+3+1992, in+the+line+of+fire+1993, the+virgin+suicides+1999, tap+1989, gumby+the+movie+1995, dead+reckoning+1947, phoenix+1998, the+yakuza+1974, the+client+1994, for+keeps+1988, the+matrix+1999, the+living+daylights+1987, last+night+1998, 630 ms"
"2022-02-08T19:22:37.766099,203611,recommendation request 17645-team17.isri.cmu.edu:8082, status 200, result: cry+freedom+1987, 8+seconds+1994, p.s.+2004, missing+1982, the+official+story+1985, frenzy+1972, maze+2000, birdy+1984, dont+say+a+word+2001, junebug+2005, juice+1992, crush+2001, island+2011, mobsters+1991, the+women+2008, spasmo+1974, melvin+and+howard+1980, the+allnighter+1987, dopamine+2003, bring+it+on+again+2004, 645 ms"
"2022-02-08T19:22:37.748639,239162,recommendation request 17645-team17.isri.cmu.edu:8082, status 200, result: bill+cosby+himself+1983, my+man+godfrey+1957, ed+1996, the+last+of+the+mohicans+1992, the+conspiracy+2012, childs+play+3+1991, the+golden+voyage+of+sinbad+1973, guest+house+paradiso+1999, cookie+1989, the+longest+day+1962, 633+squadron+1964, lethal+weapon+3+1992, premium+rush+2012, dick+tracy+1990, casper+1995, psycho+1998, apocalypto+2006, the+island+1980, jaws+3-d+1983, jurassic+park+1993, 654 ms"
"2022-02-08T19:22:37.769577,234445,recommendation request 17645-team17.isri.cmu.edu:8082, status 200, result: shampoo+1975, melody+time+1948, my+man+godfrey+1957, ed+1996, punchline+1988, guest+house+paradiso+1999, cookie+1989, courage+under+fire+1996, light+it+up+1999, the+aristocats+1970, z+1969, the+verdict+1982, saludos+amigos+1942, fabled+2002, eves+bayou+1997, junebug+2005, texasville+1990, help+1965, evil+under+the+sun+1982, his+girl+friday+1940, 648 ms"
"2022-02-08T19:22:38.371782,128744,recommendation request 17645-team17.isri.cmu.edu:8082, status 200, result: down+periscope+1996, rhinestone+1984, top+secret+1984, arizona+dream+1993, in+the+mouth+of+madness+1994, 8+seconds+1994, black+sheep+1996, vampires+kiss+1988, freddys+dead+the+final+nightmare+1991, i+do+2006, the+taste+of+others+2000, the+final+destination+2009, mothers+day+1980, the+man+with+one+red+shoe+1985, the+boogens+1981, my+wife+is+an+actress+2001, made+of+honor+2008, ruby++quentin+2003, shes+the+one+1996, happily+ever+after+2004, 304 ms"
"2022-02-08T19:22:38.628855,232044,recommendation request 17645-team17.isri.cmu.edu:8082, status 200, result: eyewitness+1981, crossroads+2002, the+country+bears+2002, snow+dogs+2002, analyze+this+1999, big+hero+6+2014, brimstone++treacle+1982, cabin+boy+1994, moving+1988, c.h.o.m.p.s.+1979, the+great+escape+1963, wake+of+death+2004, planet+of+the+apes+2001, xxx+2002, scarface+1932, hook+1991, above+the+law+1988, hopscotch+1980, bingo+1991, today+you+die+2005, 594 ms"
"2022-02-08T19:22:38.640130,120168,recommendation request 17645-team17.isri.cmu.edu:8082, status 200, result: down+periscope+1996, rhinestone+1984, the+parent+trap+1961, back+to+the+future+part+iii+1990, my+man+godfrey+1957, ed+1996, something+wild+1986, cookie+1989, barbarosa+1982, never+again+2002, a+family+thing+1996, first+blood+1982, pitch+black+2000, casper+1995, the+secret+of+my+success+1987, bulworth+1998, heartbeeps+1981, the+ugly+dachshund+1966, the+jerk+1979, the+santa+clause+1994, 598 ms"
"2022-02-08T19:22:38.170547,260659,recommendation request 17645-team17.isri.cmu.edu:8082, status 200, result: rollerball+1975, the+avengers+1998, missing+1982, mystery_+alaska+1999, deep+rising+1998, lethal+weapon+3+1992, incognito+1997, inception+2010, beyond+2010, one+eight+seven+1997, guilty+as+sin+1993, phoenix+1998, analyze+that+2002, dead+presidents+1995, planet+of+the+apes+2001, the+matrix+revolutions+2003, juice+1992, island+2011, the+brave+one+2007, the+matrix+1999, 143 ms"
"2022-02-08T19:22:38.623456,39111,recommendation request 17645-team17.isri.cmu.edu:8082, status 200, result: sullivans+travels+1941, the+cat+in+the+hat+2003, ed+1996, 8+seconds+1994, last+holiday+2006, p.s.+2004, without+a+paddle+2004, northfork+2003, inception+2010, casper+1995, babe+pig+in+the+city+1998, masterminds+1997, how+the+grinch+stole+christmas+2000, rat+2001, juice+1992, hogfather+2006, hopscotch+1980, the+art+of+war+2000, bingo+1991, never+let+me+go+2010, 590 ms"
"2022-02-08T19:22:38.630227,67717,recommendation request 17645-team17.isri.cmu.edu:8082, status 400, result: movie 1 not found, 597 ms"
"2022-02-08T19:22:39.391609,108498,recommendation request 17645-team17.isri.cmu.edu:8082, status 200, result: about+last+night...+1986, top+secret+1984, dial+m+for+murder+1954, that+was+then...+this+is+now+1985, maze+2000, the+addams+family+1991, duets+2000, as+good+as+it+gets+1997, emma+2009, a+little+princess+1995, heidi+1937, the+yakuza+1974, only+you+1994, the+losers+2010, dedication+2007, gordy+1995, crush+2001, side+out+1990, they+made+me+a+criminal+1939, fire+down+below+1997, 294 ms"
"2022-02-08T19:22:39.386322,48011,recommendation request 17645-team17.isri.cmu.edu:8082, status 200, result: curdled+1996, cry+freedom+1987, a+goofy+movie+1995, vision+quest+1985, freaky+friday+1976, a+little+princess+1995, the+witches+of+eastwick+1987, guilty+as+sin+1993, patriot+games+1992, shes+having+a+baby+1988, the+hitch-hiker+1953, juice+1992, mobsters+1991, the+incredible+hulk+2008, breakdown+1997, the+emperors+new+groove+2000, ratatouille+2007, shrek+the+third+2007, fire+down+below+1997, beyond+the+poseidon+adventure+1979, 295 ms"
"2022-02-08T19:22:39.438566,269059,recommendation request 17645-team17.isri.cmu.edu:8082, status 200, result: cry+freedom+1987, angels+with+dirty+faces+1938, barbershop+2002, rambo+first+blood+part+ii+1985, that+was+then...+this+is+now+1985, r.i.p.d.+2013, another+thin+man+1939, lets+do+it+again+1975, a+beautiful+mind+2001, breakout+1975, today+you+die+2005, babes+in+toyland+1934, no+mercy+1986, fire+down+below+1997, lock+up+1989, l.i.e.+2001, firestorm+1998, the+january+man+1989, frostnixon+2008, deepstar+six+1989, 339 ms"
"2022-02-08T19:22:39.497827,166148,recommendation request 17645-team17.isri.cmu.edu:8082, status 200, result: bill+cosby+himself+1983, the+conspiracy+2012, p.s.+2004, identity+2003, asylum+1972, beneath+the+planet+of+the+apes+1970, jurassic+park+1993, body+double+1984, crush+2001, scary+movie+5+2013, beyond+therapy+1987, above+the+law+1988, carefree+1938, atonement+2007, escape+from+the+planet+of+the+apes+1971, eyes+of+laura+mars+1978, spasmo+1974, patton+1970, homicidal+1961, who+is+cletis+tout+2001, 400 ms"
"2022-02-08T19:22:39.525842,175819,recommendation request 17645-team17.isri.cmu.edu:8082, status 200, result: cry+freedom+1987, rollerball+1975, sleepers+1996, raging+bull+1980, the+errand+boy+1961, p.s.+2004, frenzy+1972, maze+2000, a+family+thing+1996, cabin+boy+1994, fulltime+killer+2001, in+too+deep+1999, moving+1988, planet+of+the+apes+2001, the+client+1994, hackers+1995, gravity+2013, free+willy+3+the+rescue+1997, crush+2001, eight+men+out+1988, 416 ms"
"2022-02-08T19:22:40.416966,43545,recommendation request 17645-team17.isri.cmu.edu:8082, status 200, result: drop+zone+1994, the+parent+trap+1998, rollerball+1975, suburban+commando+1991, the+punisher+1989, crossroads+2002, hollow+man+2000, the+other+side+of+the+mountain+1975, the+country+bears+2002, snow+dogs+2002, big+hero+6+2014, without+a+paddle+2004, light+it+up+1999, ice+castles+1978, the+beverly+hillbillies+1993, paintball+2009, wake+of+death+2004, marooned+1969, running+scared+1986, desk+set+1957, 365 ms"
"2022-02-08T19:22:40.431148,198885,recommendation request 17645-team17.isri.cmu.edu:8082, status 200, result: black+beauty+1994, rollerball+1975, dark+city+1950, star+wars+episode+iii+-+revenge+of+the+sith+2005, red+dawn+1984, kiss+the+girls+1997, lethal+weapon+3+1992, detective+story+1951, a+little+princess+1995, die+weisse+rose+1982, big+trouble+2002, signs+of+life+1968, jurassic+park+1993, the+living+daylights+1987, the+nuns+story+1959, dugs+special+mission+2009, jennifer+eight+1992, ratatouille+2007, bulletproof+1996, cars+2006, 331 ms"
"2022-02-08T19:22:40.377508,286074,recommendation request 17645-team17.isri.cmu.edu:8082, status 200, result: eyewitness+1981, werewolves+on+wheels+1971, the+last+of+the+mohicans+1992, street+fighter+the+legend+of+chun-li+2009, derailed+2002, multiplicity+1996, star+wars+1977, shopping+1994, planet+of+the+apes+2001, predator+2+1990, hotel+transylvania+2012, shrek+the+halls+2007, petes+dragon+1977, today+you+die+2005, ratatouille+2007, the+mechanik+2005, chicken+little+2005, little+monsters+1989, shrek+the+third+2007, snakes+on+a+plane+2006, 312 ms"
"2022-02-08T19:22:40.417011,171955,recommendation request 17645-team17.isri.cmu.edu:8082, status 200, result: the+perfect+score+2004, rollerball+1975, bon+cop+bad+cop+2006, mary+poppins+1964, el+topo+1970, p.s.+2004, maze+2000, gumby+the+movie+1995, the+alamo+1960, masterminds+1997, planet+of+the+apes+2001, the+brothers+2001, the+longest+yard+1974, 2010+moby+dick+2010, changing+lanes+2002, crush+2001, above+the+law+1988, 7+seconds+2005, untitled+2009, starship+troopers+1997, 330 ms"
"2022-02-08T19:22:41.405554,170659,recommendation request 17645-team17.isri.cmu.edu:8082, status 200, result: el+dorado+1966, loners+2000, soulless+2012, playing+the+victim+2006, the+firemens+ball+1967, dark+blue+world+2001, goin+south+1978, hud+1963, whiteboyz+1999, fancy+pants+1950, bad+company+1972, true+colors+1991, daisies+1966, son+of+paleface+1952, the+housekeeper+2002, the+paleface+1948, the+fighter+2010, piter+fm+2006, show+boat+1936, once+upon+a+time+in+the+west+1968, 305 ms"
"2022-02-08T19:22:41.407044,24654,recommendation request 17645-team17.isri.cmu.edu:8082, status 200, result: shampoo+1975, nothing+but+trouble+1991, man+of+the+year+2006, barbershop+2002, punchline+1988, ed+1996, doc+hollywood+1991, p.s.+2004, frenzy+1972, walle+2008, national+lampoons+van+wilder+2002, maze+2000, casper+1995, another+thin+man+1939, one+man+band+2005, national+lampoons+vacation+1983, the+yakuza+1974, the+client+1994, crush+2001, the+incredible+hulk+2008, 301 ms"
"2022-02-08T19:22:41.341642,253844,recommendation request 17645-team17.isri.cmu.edu:8082, status 200, result: mickeys+once+upon+a+christmas+1999, red+dawn+1984, the+next+three+days+2010, gumby+the+movie+1995, the+beverly+hillbillies+1993, moving+1988, phoenix+1998, free+willy+3+the+rescue+1997, bingo+1991, ratatouille+2007, dungeons++dragons+2000, little+murders+1971, snakes+on+a+plane+2006, hot+to+trot+1988, underdog+2007, the+soldier+1982, a+christmas+carol+1984, unfaithfully+yours+1984, tangled+ever+after+2012, race+the+sun+1996, 306 ms"
"2022-02-08T19:22:41.405737,23691,recommendation request 17645-team17.isri.cmu.edu:8082, status 200, result: curdled+1996, rollerball+1975, nothing+but+trouble+1991, oh_+god+1977, family+plot+1976, the+conspiracy+2012, scorpio+1973, inception+2010, the+beverly+hillbillies+1993, psycho+1998, company+man+2000, another+earth+2011, beyond+the+sea+2004, desk+set+1957, murphys+romance+1985, have+rocket_+will+travel+1959, ali+2001, the+three+stooges+in+orbit+1962, above+the+law+1988, dinoshark+2010, 342 ms"
"2022-02-08T19:22:42.434236,152984,recommendation request 17645-team17.isri.cmu.edu:8082, status 200, result: the+cat+in+the+hat+2003, the+avengers+1998, about+last+night...+1986, the+last+of+the+mohicans+1992, ed+1996, walle+2008, maze+2000, incognito+1997, a+time+to+kill+1996, freaky+friday+1976, footloose+1984, apocalypto+2006, analyze+that+2002, gone+in+sixty+seconds+2000, the+yakuza+1974, my+fair+lady+1964, cars+2+2011, the+client+1994, veronica+guerin+2003, crush+2001, 327 ms"
"2022-02-08T19:22:42.494999,195071,recommendation request 17645-team17.isri.cmu.edu:8082, status 200, result: drop+zone+1994, rollerball+1975, top+secret+1984, the+proprietor+1996, the+conspiracy+2012, the+other+side+of+the+mountain+1975, the+addams+family+1991, without+a+paddle+2004, detective+story+1951, a+little+princess+1995, lifeboat+1944, ice+castles+1978, phoenix+1998, wake+of+death+2004, planet+of+the+apes+2001, macabre+1958, changing+lanes+2002, mobsters+1991, from+here+to+eternity+1953, ali+2001, 451 ms"
"2022-02-08T19:22:42.495420,80185,recommendation request 17645-team17.isri.cmu.edu:8082, status 200, result: cry+freedom+1987, 633+squadron+1964, hidden+agenda+1990, brimstone++treacle+1982, light+it+up+1999, lifeboat+1944, die+weisse+rose+1982, signs+of+life+1968, rocky+vi+1986, white+palace+1990, junebug+2005, island+2011, sunday+bloody+sunday+1971, the+nuns+story+1959, ariel+1988, texasville+1990, his+girl+friday+1940, a+royal+affair+2012, my+one+and+only+2009, absolute+power+1997, 439 ms"
"2022-02-08T19:22:43.432720,69532,recommendation request 17645-team17.isri.cmu.edu:8082, status 200, result: criminal+law+1988, melody+time+1948, p.s.+2004, the+promise+2005, the+other+side+of+the+mountain+1975, the+aristocats+1970, a+family+thing+1996, harry+and+tonto+1974, phoenix+1998, saludos+amigos+1942, junebug+2005, juice+1992, cherrybomb+2009, conan+the+barbarian+1982, yours_+mine+and+ours+1968, the+women+2008, north+1994, my+one+and+only+2009, dungeons++dragons+2000, holiday+1938, 350 ms"
"2022-02-08T19:22:43.385620,20108,recommendation request 17645-team17.isri.cmu.edu:8082, status 200, result: curdled+1996, six+pack+1982, the+house+of+yes+1997, punchline+1988, city+slickers+1991, sling+blade+1996, the+other+side+of+the+mountain+1975, barbarosa+1982, a+family+thing+1996, fuck+2005, vision+quest+1985, a+little+princess+1995, bad+girls+1994, gumby+the+movie+1995, harry+and+tonto+1974, the+witches+of+eastwick+1987, the+brood+1979, the+yakuza+1974, 9+2005, shivers+1975, 348 ms"
"2022-02-08T19:22:43.471205,253595,recommendation request 17645-team17.isri.cmu.edu:8082, status 200, result: eyewitness+1981, drop+zone+1994, coldblooded+1995, mary+poppins+1964, red+dawn+1984, the+addams+family+1991, a+family+thing+1996, freaky+friday+1976, dumb+and+dumber+to+2014, the+letter+1940, the+saint+1997, the+mighty+1998, changing+lanes+2002, yours_+mine+and+ours+1968, the+living+daylights+1987, the+incredible+hulk+2008, above+the+law+1988, hopscotch+1980, today+you+die+2005, hall+pass+2011, 359 ms"
"2022-02-08T19:22:43.471150,76074,recommendation request 17645-team17.isri.cmu.edu:8082, status 200, result: shampoo+1975, the+parent+trap+1998, arranged+2007, man+of+the+year+2006, punchline+1988, royal+deceit+1994, p.s.+2004, loving+you+1957, changeling+2008, the+other+side+of+the+mountain+1975, maze+2000, snow+dogs+2002, freaky+friday+1976, inception+2010, the+social+network+2010, dead+reckoning+1947, an+education+2009, serial+1980, crush+2001, bridesmaids+2011, 381 ms"
"2022-02-08T19:22:44.419056,181925,recommendation request 17645-team17.isri.cmu.edu:8082, status 200, result: cry+freedom+1987, rollerball+1975, barbershop+2002, p.s.+2004, missing+1982, sling+blade+1996, mystery_+alaska+1999, the+other+side+of+the+mountain+1975, maze+2000, father+of+the+bride+1991, cabin+boy+1994, another+thin+man+1939, one+eight+seven+1997, the+island+1980, guilty+as+sin+1993, the+brothers+2001, the+mighty+1998, jurassic+park+1993, junebug+2005, kull+the+conqueror+1997, 370 ms"
"2022-02-08T19:22:45.527715,69956,recommendation request 17645-team17.isri.cmu.edu:8082, status 200, result: rio+bravo+1959, the+longest+day+1962, prison+1988, p.s.+2004, the+other+side+of+the+mountain+1975, maze+2000, light+it+up+1999, nims+island+2008, dead+ringers+1988, lifeboat+1944, grand+illusion+1937, in+too+deep+1999, moving+1988, dead+reckoning+1947, phoenix+1998, an+education+2009, the+truman+show+1998, choose+2011, in+harms+way+1965, crush+2001, 428 ms"
"2022-02-08T19:22:45.560193,97689,recommendation request 17645-team17.isri.cmu.edu:8082, status 200, result: amlie+2001, taps+1981, i+wake+up+screaming+1941, rollerball+1975, the+island+at+the+top+of+the+world+1974, nine+lives+2005, captain+america+the+first+avenger+2011, notting+hill+1999, p.s.+2004, enough+2002, warriors+2002, light+it+up+1999, the+other+side+of+the+mountain+1975, that+was+then...+this+is+now+1985, the+mother+2003, maze+2000, emma+2009, forrest+gump+1994, burlesque+2010, the+verdict+1982, 463 ms"
"2022-02-08T19:22:45.607082,247261,recommendation request 17645-team17.isri.cmu.edu:8082, status 200, result: the+glimmer+man+1996, eyewitness+1981, coldblooded+1995, six+pack+1982, notting+hill+1999, p.s.+2004, under+siege+1992, deep+rising+1998, maze+2000, light+it+up+1999, a+time+to+kill+1996, a+family+thing+1996, dont+tell+her+its+me+1990, vision+quest+1985, a+little+princess+1995, dumb+and+dumber+to+2014, harry+and+tonto+1974, the+witches+of+eastwick+1987, the+brothers+2001, marooned+1969, 515 ms"
"2022-02-08T19:22:45.668508,19136,recommendation request 17645-team17.isri.cmu.edu:8082, status 200, result: north+by+northwest+1959, dead+of+winter+1987, drop+zone+1994, about+last+night...+1986, the+conspiracy+2012, without+a+paddle+2004, premium+rush+2012, the+fog+2005, wake+of+death+2004, macabre+1958, jurassic+park+1993, changing+lanes+2002, rush+hour+3+2007, look+whos+talking+too+1990, side+out+1990, above+the+law+1988, hopscotch+1980, spasmo+1974, the+professional+1981, the+allnighter+1987, 501 ms"
"2022-02-08T19:22:45.669053,70643,recommendation request 17645-team17.isri.cmu.edu:8082, status 200, result: eyewitness+1981, the+last+of+the+mohicans+1992, red+dawn+1984, frenzy+1972, true+crime+1996, light+it+up+1999, vision+quest+1985, a+little+princess+1995, the+verdict+1982, the+witches+of+eastwick+1987, patriot+games+1992, a+man+and+a+woman+1966, for+keeps+1988, winnie+the+pooh+2011, juice+1992, the+living+daylights+1987, from+here+to+eternity+1953, side+out+1990, breakdown+1997, above+the+law+1988, 485 ms"
"2022-02-08T19:22:45.708049,133376,recommendation request 17645-team17.isri.cmu.edu:8082, status 200, result: cry+freedom+1987, man+of+the+year+2006, the+longest+day+1962, frenzy+1972, lifeboat+1944, birdy+1984, grand+illusion+1937, heimat+a+chronicle+of+germany+1984, a+shock+to+the+system+1990, the+great+escape+1963, the+island+1980, harem+1985, in+harms+way+1965, mobsters+1991, conan+the+barbarian+1982, island+2011, the+juror+1996, ali+2001, eight+men+out+1988, rumble+fish+1983, 523 ms"
"2022-02-08T19:22:46.450128,173930,recommendation request 17645-team17.isri.cmu.edu:8082, status 200, result: down+periscope+1996, rhinestone+1984, the+dresser+1983, lucky+them+2013, enough+2002, that+was+then...+this+is+now+1985, light+it+up+1999, the+beverly+hillbillies+1993, bulworth+1998, opportunity+knocks+1990, albatross+2011, the+boys+are+back+2009, m.+butterfly+1993, fail+safe+2000, six+weeks+1982, the+king+of+comedy+1982, big+fat+liar+2002, down+in+the+delta+1998, little+murders+1971, atl+2006, 333 ms"
"2022-02-08T19:22:46.473666,127469,recommendation request 17645-team17.isri.cmu.edu:8082, status 200, result: eyewitness+1981, rollerball+1975, sleepers+1996, rio+bravo+1959, star+wars+episode+iii+-+revenge+of+the+sith+2005, sling+blade+1996, lethal+weapon+3+1992, father+of+the+bride+1991, the+brothers+mcmullen+1995, cabin+boy+1994, dick+tracy+1990, fulltime+killer+2001, in+too+deep+1999, planet+of+the+apes+2001, the+client+1994, hackers+1995, the+mighty+1998, junebug+2005, mighty+aphrodite+1995, juno+2007, 461 ms"
"2022-02-08T19:22:46.408739,133667,recommendation request 17645-team17.isri.cmu.edu:8082, status 200, result: black+beauty+1994, curdled+1996, six+pack+1982, 8+seconds+1994, the+errand+boy+1961, son+of+the+mask+2005, under+siege+1992, light+it+up+1999, a+christmas+carol+2009, northfork+2003, father+of+the+bride+1991, nims+island+2008, running+free+1999, splash+1984, guilty+as+sin+1993, a+man+and+a+woman+1966, time+bandits+1981, free+willy+3+the+rescue+1997, the+hitch-hiker+1953, mobsters+1991, 360 ms"
"2022-02-08T19:22:46.469836,244958,recommendation request 17645-team17.isri.cmu.edu:8082, status 200, result: rollerball+1975, arranged+2007, my+man+godfrey+1957, ed+1996, lockout+2012, vision+quest+1985, a+little+princess+1995, haywire+2011, moving+1988, the+witches+of+eastwick+1987, phoenix+1998, planet+of+the+apes+2001, patriot+games+1992, changing+lanes+2002, shes+having+a+baby+1988, free+willy+3+the+rescue+1997, juice+1992, breakdown+1997, the+dream+team+1989, hot+to+trot+1988, 439 ms"
"2022-02-08T19:22:46.505511,31922,recommendation request 17645-team17.isri.cmu.edu:8082, status 200, result: curdled+1996, the+new+age+1994, coldblooded+1995, frenzy+1972, true+crime+1996, a+time+to+kill+1996, father+of+the+bride+1991, splash+1984, dumb+and+dumber+to+2014, the+letter+1940, dead+reckoning+1947, the+yakuza+1974, the+client+1994, the+hitch-hiker+1953, mobsters+1991, three+fugitives+1989, 7+seconds+2005, 10th++wolf+2006, spasmo+1974, hall+pass+2011, 437 ms"
"2022-02-08T19:22:47.332328,306856,recommendation request 17645-team17.isri.cmu.edu:8082, status 200, result: black+beauty+1994, drop+zone+1994, rollerball+1975, street+fighter+the+legend+of+chun-li+2009, p.s.+2004, without+a+paddle+2004, nims+island+2008, a+little+princess+1995, the+last+legion+2007, the+island+1980, the+saint+1997, wake+of+death+2004, planet+of+the+apes+2001, kull+the+conqueror+1997, changing+lanes+2002, the+incredible+hulk+2008, the+nuns+story+1959, hook+1991, hopscotch+1980, conan+the+destroyer+1984, 300 ms"
"2022-02-08T19:22:47.404401,44498,recommendation request 17645-team17.isri.cmu.edu:8082, status 200, result: curdled+1996, leave+it+to+beaver+1997, back+to+the+future+part+iii+1990, the+flintstones+in+viva+rock+vegas+2000, ed+1996, novocaine+2001, henry+ii_+portrait+of+a+serial+killer+1996, the+conspiracy+2012, harry+and+the+hendersons+1987, that+was+then...+this+is+now+1985, the+incredible+shrinking+woman+1981, the+hound+of+the+baskervilles+1978, e.t.+the+extra-terrestrial+1982, casper+1995, far+and+away+1992, old+yeller+1957, thankskilling+2009, the+burbs+1989, balto+1995, rapa+nui+1994, 324 ms"
"2022-02-08T19:22:48.443381,181181,recommendation request 17645-team17.isri.cmu.edu:8082, status 200, result: black+beauty+1994, the+gauntlet+1977, p.s.+2004, the+sky+crawlers+2008, the+other+side+of+the+mountain+1975, 633+squadron+1964, maze+2000, a+time+to+kill+1996, lifeboat+1944, z+1969, grand+illusion+1937, heavens+gate+1980, masterminds+1997, the+island+1980, money+train+1995, gone+in+sixty+seconds+2000, planet+of+the+apes+2001, 9+2005, the+brothers+2001, an+education+2009, 316 ms"
"2022-02-08T19:22:48.553550,262295,recommendation request 17645-team17.isri.cmu.edu:8082, status 200, result: shampoo+1975, dark+city+1950, rancho+deluxe+1975, cookie+1989, the+other+side+of+the+mountain+1975, all+the+mornings+of+the+world+1991, barbarosa+1982, footloose+1984, dont+say+a+word+2001, random+hearts+1999, love+story+1970, lightning+jack+1994, the+island+1980, the+wizard+1989, full+speed+1996, raising+victor+vargas+2002, the+late+shift+1996, texasville+1990, blood+and+sand+1989, rumble+fish+1983, 473 ms"
"2022-02-08T19:22:48.553468,49182,recommendation request 17645-team17.isri.cmu.edu:8082, status 200, result: the+cat+in+the+hat+2003, rollerball+1975, robot+stories+2003, my+man+godfrey+1957, ed+1996, family+plot+1976, star+wars+episode+iii+-+revenge+of+the+sith+2005, p.s.+2004, the+other+side+of+the+mountain+1975, northfork+2003, ice+castles+1978, casper+1995, moving+1988, planet+of+the+apes+2001, opportunity+knocks+1990, how+the+grinch+stole+christmas+2000, jurassic+park+1993, free+willy+3+the+rescue+1997, yours_+mine+and+ours+1968, from+here+to+eternity+1953, 475 ms"
"2022-02-08T19:22:49.308171,138544,recommendation request 17645-team17.isri.cmu.edu:8082, status 200, result: black+beauty+1994, cry+freedom+1987, rancho+deluxe+1975, p.s.+2004, sling+blade+1996, barbarosa+1982, maze+2000, gods+not+dead+2014, nims+island+2008, cabin+boy+1994, a+little+princess+1995, iris+2001, lightning+jack+1994, the+island+1980, the+brothers+2001, the+mighty+1998, an+education+2009, the+late+shift+1996, crush+2001, the+juror+1996, 286 ms"
"2022-02-08T19:22:49.347062,84476,recommendation request 17645-team17.isri.cmu.edu:8082, status 200, result: fantastic+voyage+1966, rollerball+1975, damnation+alley+1977, divergent+2014, the+empire+strikes+back+1980, firestorm+1998, speed+1994, the+poseidon+adventure+1972, river+of+no+return+1954, dune+1984, the+pumaman+1980, the+abyss+1989, planet+of+the+apes+1968, star+wars+1977, planet+of+the+apes+2001, independence+day+1996, star+wars+episode+i+-+the+phantom+menace+1999, dinotopia+2002, alien+1992, the+return+of+the+musketeers+1989, 324 ms"
"2022-02-08T19:22:50.376073,169543,recommendation request 17645-team17.isri.cmu.edu:8082, status 200, result: six+pack+1982, ed+1996, the+andromeda+strain+1971, a+family+thing+1996, the+flying+saucer+1950, casper+1995, the+rage+carrie+2+1999, harry+and+tonto+1974, the+blue+max+1966, planet+of+the+apes+2001, beneath+the+planet+of+the+apes+1970, the+matrix+revolutions+2003, jurassic+park+1993, junebug+2005, shes+having+a+baby+1988, the+brave+one+2007, hook+1991, made+of+honor+2008, my+one+and+only+2009, ruby++quentin+2003, 257 ms"
"2022-02-08T19:22:50.376540,289591,recommendation request 17645-team17.isri.cmu.edu:8082, status 200, result: shampoo+1975, about+last+night...+1986, intersection+1994, election+2+2006, boarding+gate+2007, the+proprietor+1996, 8+seconds+1994, ip+man+2+2010, p.s.+2004, the+other+side+of+the+mountain+1975, maze+2000, birdy+1984, tap+1989, moving+1988, love+story+1970, random+hearts+1999, for+keeps+1988, junebug+2005, raising+victor+vargas+2002, crush+2001, 277 ms"
"2022-02-08T19:22:51.476265,200705,recommendation request 17645-team17.isri.cmu.edu:8082, status 200, result: barbershop+2002, the+million+dollar+hotel+2000, the+longest+day+1962, the+gauntlet+1977, paths+of+glory+1957, p.s.+2004, how+i+won+the+war+1967, maze+2000, detective+story+1951, birdy+1984, z+1969, lifeboat+1944, grand+illusion+1937, the+brothers+mcmullen+1995, another+thin+man+1939, the+letter+1940, the+brothers+2001, in+harms+way+1965, mobsters+1991, crush+2001, 395 ms"
"2022-02-08T19:22:51.488840,53643,recommendation request 17645-team17.isri.cmu.edu:8082, status 200, result: eyewitness+1981, whisper+of+the+heart+1995, six+pack+1982, the+dresser+1983, barbarosa+1982, 633+squadron+1964, a+family+thing+1996, lifeboat+1944, z+1969, grand+illusion+1937, forrest+gump+1994, heavens+gate+1980, harry+and+tonto+1974, love+story+1970, moving+1988, sanjuro+1962, albatross+2011, battle+for+terra+2007, shes+having+a+baby+1988, the+truman+show+1998, 419 ms"
"2022-02-08T19:22:51.540357,196666,recommendation request 17645-team17.isri.cmu.edu:8082, status 200, result: robot+stories+2003, the+million+dollar+hotel+2000, the+gauntlet+1977, james+and+the+giant+peach+1996, the+conspiracy+2012, last+holiday+2006, a+goofy+movie+1995, pauly+shore+is+dead+2003, the+other+side+of+the+mountain+1975, psycho+1998, the+island+1980, the+wizard+1989, conan+the+barbarian+1982, breakdown+1997, last+night+1998, made+of+honor+2008, rumble+fish+1983, ruby++quentin+2003, hall+pass+2011, dungeons++dragons+2000, 458 ms"
"2022-02-08T19:22:51.538181,222207,recommendation request 17645-team17.isri.cmu.edu:8082, status 200, result: shampoo+1975, cry+freedom+1987, edmond+2005, bossa+nova+2000, punchline+1988, frenzy+1972, true+crime+1996, the+next+three+days+2010, light+it+up+1999, spirit+stallion+of+the+cimarron+2002, the+way+2010, the+woman+2011, dick+tracy+1990, fast++furious+6+2013, nighthawks+1981, apocalypto+2006, phoenix+1998, the+saint+1997, gone+in+sixty+seconds+2000, big+bad+mama+1974, 476 ms"
"2022-02-08T19:22:52.375965,45640,recommendation request 17645-team17.isri.cmu.edu:8082, status 200, result: rollerball+1975, melody+time+1948, the+conspiracy+2012, the+other+side+of+the+mountain+1975, the+country+bears+2002, snow+dogs+2002, the+aristocats+1970, sleeping+beauty+1959, spy+kids+3-d+game+over+2003, blacula+1972, the+letter+1940, harem+1985, saludos+amigos+1942, the+comancheros+1961, conan+the+barbarian+1982, burnt+offerings+1976, the+fan+1981, dungeons++dragons+2000, apartment+zero+1988, underdog+2007, 328 ms"
"2022-02-08T19:22:52.540368,159196,recommendation request 17645-team17.isri.cmu.edu:8082, status 200, result: shampoo+1975, criminal+law+1988, the+longest+day+1962, punchline+1988, cookie+1989, true+crime+1996, courage+under+fire+1996, show+boat+1951, father+of+the+bride+1991, cabin+boy+1994, twentieth+century+1934, made+in+u.s.a+1966, bachelor+in+paradise+1961, phoenix+1998, love+crazy+1941, bad+company+1972, juice+1992, island+2011, the+owl+and+the+pussycat+1970, his+girl+friday+1940, 457 ms"
"2022-02-08T19:22:53.369808,9514,recommendation request 17645-team17.isri.cmu.edu:8082, status 200, result: rollerball+1975, bridget+joness+diary+2001, 8+seconds+1994, the+proprietor+1996, the+conspiracy+2012, childs+play+3+1991, star+wars+episode+iii+-+revenge+of+the+sith+2005, the+watch+2012, courage+under+fire+1996, the+other+side+of+the+mountain+1975, z+1969, dick+tracy+1990, chronicle+2012, psycho+1998, apocalypto+2006, the+saint+1997, planet+of+the+apes+2001, gone+in+sixty+seconds+2000, jaws+3-d+1983, for+keeps+1988, 296 ms"
"2022-02-08T19:22:54.552266,57862,recommendation request 17645-team17.isri.cmu.edu:8082, status 200, result: gleaming+the+cube+1989, cry+freedom+1987, mickeys+once+upon+a+christmas+1999, the+proprietor+1996, return+of+the+fly+1959, frenzy+1972, how+i+won+the+war+1967, carnosaur+2+1995, rambo+first+blood+part+ii+1985, lethal+weapon+3+1992, lifeboat+1944, dick+tracy+1990, spy+kids+3-d+game+over+2003, forrest+gump+1994, chicken+run+2000, grand+canyon+1991, the+verdict+1982, platoon+1986, time+bandits+1981, shes+having+a+baby+1988, 490 ms"
"2022-02-08T19:22:54.548143,21967,recommendation request 17645-team17.isri.cmu.edu:8082, status 200, result: drop+zone+1994, criminal+law+1988, rollerball+1975, the+new+age+1994, 23+1998, cookie+1989, hollow+man+2000, light+it+up+1999, a+time+to+kill+1996, steel+1997, phoenix+1998, guilty+as+sin+1993, money+train+1995, joy+ride+2001, the+yakuza+1974, the+client+1994, island+2011, class+1983, today+you+die+2005, absolute+power+1997, 471 ms"
"2022-02-08T19:22:54.679905,48871,recommendation request 17645-team17.isri.cmu.edu:8082, status 200, result: cry+freedom+1987, rollerball+1975, the+house+of+yes+1997, p.s.+2004, the+other+side+of+the+mountain+1975, maze+2000, vision+quest+1985, a+little+princess+1995, moving+1988, the+verdict+1982, the+witches+of+eastwick+1987, harem+1985, winnie+the+pooh+2011, the+mighty+1998, an+education+2009, free+willy+3+the+rescue+1997, junebug+2005, crush+2001, my+one+and+only+2009, ratatouille+2007, 607 ms"
"2022-02-08T19:22:55.453296,254915,recommendation request 17645-team17.isri.cmu.edu:8082, status 200, result: surf+ninjas+1993, down+periscope+1996, eyewitness+1981, rhinestone+1984, gotcha+1985, back+to+the+future+part+iii+1990, the+snowman+1982, p.s.+2004, big+hero+6+2014, maze+2000, never+again+2002, small+soldiers+1998, how+to+train+your+dragon+2+2014, star+trek+insurrection+1998, emma+2009, e.t.+the+extra-terrestrial+1982, star+trek+iii+the+search+for+spock+1984, the+beverly+hillbillies+1993, star+wars+1977, titanic+1997, 379 ms"
"2022-02-08T19:22:55.453139,23943,recommendation request 17645-team17.isri.cmu.edu:8082, status 200, result: winnie+the+pooh+and+tigger+too+1974, melody+time+1948, halloween+2007, below+2002, the+i+inside+2004, that+was+then...+this+is+now+1985, brimstone++treacle+1982, the+aristocats+1970, one+hundred+and+one+dalmatians+1961, cinderella+1950, fun++fancy+free+1947, scream+4+2011, hoodlum+1997, saludos+amigos+1942, dead++buried+1981, and+then+there+were+none+1945, pinocchio+1940, sonny+2002, candleshoe+1977, so+dear+to+my+heart+1948, 368 ms"
"2022-02-08T19:22:55.582917,145522,recommendation request 17645-team17.isri.cmu.edu:8082, status 200, result: shower+1999, about+last+night...+1986, rollerball+1975, star+wars+episode+iii+-+revenge+of+the+sith+2005, frenzy+1972, true+crime+1996, maze+2000, spirit+stallion+of+the+cimarron+2002, war+of+the+worlds+2+the+next+wave+2008, dick+tracy+1990, paul+2011, johnny+english+2003, painted+fire+2002, beyond+the+sea+2004, crush+2001, side+out+1990, the+fury+1978, shes+out+of+my+league+2010, spasmo+1974, they+made+me+a+criminal+1939, 511 ms"
"2022-02-08T19:22:55.589699,165157,recommendation request 17645-team17.isri.cmu.edu:8082, status 200, result: cry+freedom+1987, what+doesnt+kill+you+2008, the+last+of+the+mohicans+1992, the+longest+day+1962, p.s.+2004, frenzy+1972, maze+2000, code+of+silence+1985, a+time+to+kill+1996, 633+squadron+1964, footloose+1984, father+of+the+bride+1991, splash+1984, phoenix+1998, harem+1985, the+brothers+2001, beyond+the+sea+2004, crush+2001, the+hot+spot+1990, untitled+2009, 513 ms"
"2022-02-08T19:22:55.595081,169840,recommendation request 17645-team17.isri.cmu.edu:8082, status 200, result: the+family+man+2000, bill+cosby+himself+1983, the+boy+who+could+fly+1986, el+topo+1970, p.s.+2004, frenzy+1972, the+other+side+of+the+mountain+1975, never+again+2002, maze+2000, all+the+mornings+of+the+world+1991, les+misrables+1958, artemisia+1997, emma+2009, the+andromeda+strain+1971, that+was+then...+this+is+now+1985, a+little+princess+1995, psycho+1998, the+alamo+1960, putzel+2012, suburbia+1996, 500 ms"
"2022-02-08T19:22:55.599860,193215,recommendation request 17645-team17.isri.cmu.edu:8082, status 200, result: life+is+beautiful+1997, cry+freedom+1987, the+five+senses+1999, intersection+1994, the+house+of+yes+1997, last+holiday+2006, notting+hill+1999, p.s.+2004, loving+you+1957, show+boat+1951, strait-jacket+1964, brimstone++treacle+1982, the+other+side+of+the+mountain+1975, maze+2000, pretty+baby+1978, bachelor+in+paradise+1961, masterminds+1997, love+crazy+1941, the+brothers+2001, my+beautiful+laundrette+1985, 504 ms"
"2022-02-08T19:22:56.437447,223337,recommendation request 17645-team17.isri.cmu.edu:8082, status 200, result: my+friend+flicka+1943, once+upon+a+forest+1993, the+snowman+1982, commandments+1997, once+around+1991, maze+2000, alice+in+wonderland+1933, emma+2009, star+wars+1977, where+the+heart+is+2000, the+object+of+my+affection+1998, return+of+the+jedi+1983, numb+2007, anastasia+1956, bulworth+1998, independence+day+1996, battle+for+terra+2007, waiting+to+exhale+1995, dedication+2007, crush+2001, 361 ms"
"2022-02-08T19:22:56.457017,64257,recommendation request 17645-team17.isri.cmu.edu:8082, status 200, result: barbershop+2002, the+last+of+the+mohicans+1992, the+longest+day+1962, coming+to+america+1988, doc+hollywood+1991, p.s.+2004, point+blank+1967, maze+2000, lethal+weapon+3+1992, 633+squadron+1964, dick+tracy+1990, another+thin+man+1939, moving+1988, crush+2001, island+2011, mascara+1999, spasmo+1974, private+lives+1931, babes+in+toyland+1934, bulletproof+1996, 364 ms"
"2022-02-08T19:22:56.511033,268361,recommendation request 17645-team17.isri.cmu.edu:8082, status 200, result: curdled+1996, drop+zone+1994, rollerball+1975, cry+freedom+1987, without+a+paddle+2004, in+the+line+of+fire+1993, dead+reckoning+1947, guilty+as+sin+1993, wake+of+death+2004, malice+1993, planet+of+the+apes+2001, patriot+games+1992, changing+lanes+2002, shes+having+a+baby+1988, juice+1992, the+hitch-hiker+1953, mobsters+1991, breakdown+1997, hopscotch+1980, absolute+power+1997, 472 ms"
"2022-02-08T19:22:57.361218,245112,recommendation request 17645-team17.isri.cmu.edu:8082, status 200, result: the+outlaw+josey+wales+1976, cry+freedom+1987, the+dresser+1983, rio+bravo+1959, election+2+2006, boarding+gate+2007, the+proprietor+1996, ip+man+2+2010, how+i+won+the+war+1967, a+family+thing+1996, cabin+boy+1994, the+island+1980, company+man+2000, albatross+2011, the+wizard+1989, dead+presidents+1995, patriot+games+1992, juice+1992, from+here+to+eternity+1953, ali+2001, 314 ms"
"2022-02-08T19:22:57.448652,284204,recommendation request 17645-team17.isri.cmu.edu:8082, status 200, result: bill+cosby+himself+1983, the+avengers+1998, about+last+night...+1986, the+other+side+of+the+mountain+1975, maze+2000, father+of+the+bride+1991, cabin+boy+1994, ice+castles+1978, moving+1988, national+lampoons+vacation+1983, opportunity+knocks+1990, desk+set+1957, out+to+sea+1997, the+truman+show+1998, crush+2001, from+here+to+eternity+1953, ali+2001, side+out+1990, beyond+therapy+1987, the+loves+of+carmen+1948, 395 ms"
"2022-02-08T19:22:57.448624,286276,recommendation request 17645-team17.isri.cmu.edu:8082, status 200, result: rollerball+1975, suburban+commando+1991, barbershop+2002, rio+bravo+1959, viva+zapata+1952, ed+1996, the+proprietor+1996, the+brother+from+another+planet+1984, flashdance+1983, spy+kids+3-d+game+over+2003, casper+1995, another+thin+man+1939, c.h.o.m.p.s.+1979, the+devils+1971, marooned+1969, stand+and+deliver+1988, jurassic+park+1993, serial+1980, battle+for+terra+2007, juice+1992, 293 ms"
"2022-02-08T19:22:58.554308,8707,recommendation request 17645-team17.isri.cmu.edu:8082, status 200, result: out+of+sight+1998, cry+freedom+1987, bustin+loose+1981, family+plot+1976, frenzy+1972, detective+story+1951, the+woman+2011, fast++furious+6+2013, johnny+english+2003, nighthawks+1981, the+island+1980, the+matrix+revolutions+2003, juice+1992, island+2011, conan+the+barbarian+1982, smokey+and+the+bandit+part+3+1983, the+brave+one+2007, 7+seconds+2005, jennifer+eight+1992, spasmo+1974, 420 ms"
"2022-02-08T19:22:58.550624,300362,recommendation request 17645-team17.isri.cmu.edu:8082, status 200, result: point+of+no+return+1993, above+suspicion+1995, sleepers+1996, murder+by+numbers+2002, the+gauntlet+1977, edmond+2005, sling+blade+1996, enough+2002, that+was+then...+this+is+now+1985, the+wash+2001, k-9+1989, parker+2013, a+time+to+kill+1996, running+out+of+time+1999, a+little+princess+1995, light+it+up+1999, a+better+tomorrow+ii+1987, the+letter+1940, the+mighty+1998, restoration+1995, 426 ms"
"2022-02-08T19:22:58.596925,196801,recommendation request 17645-team17.isri.cmu.edu:8082, status 200, result: black+beauty+1994, life+is+beautiful+1997, rollerball+1975, the+five+senses+1999, and+now...+ladies+and+gentlemen...+2002, p.s.+2004, show+boat+1951, maze+2000, contempt+1963, vision+quest+1985, birdy+1984, the+man+without+a+face+1993, bachelor+in+paradise+1961, love+crazy+1941, harem+1985, planet+of+the+apes+2001, on+the+town+1949, crush+2001, mighty+aphrodite+1995, above+the+law+1988, 427 ms"
"2022-02-08T19:22:58.603227,181679,recommendation request 17645-team17.isri.cmu.edu:8082, status 200, result: eyewitness+1981, 8+seconds+1994, major+league+ii+1994, once+bitten+1985, a+family+thing+1996, gods+not+dead+2014, bean+1997, moving+1988, the+island+1980, guilty+as+sin+1993, mobsters+1991, m.+butterfly+1993, quartet+1981, hopscotch+1980, today+you+die+2005, hot+to+trot+1988, bulletproof+1996, patton+1970, l.i.e.+2001, daylight+1996, 421 ms"
"2022-02-08T19:22:58.602514,137204,recommendation request 17645-team17.isri.cmu.edu:8082, status 200, result: shampoo+1975, about+last+night...+1986, the+last+of+the+mohicans+1992, punchline+1988, city+slickers+1991, p.s.+2004, loving+you+1957, red+dawn+1984, deep+rising+1998, barbarosa+1982, maze+2000, analyze+this+1999, wildcats+1986, a+little+princess+1995, bad+girls+1994, the+beverly+hillbillies+1993, moving+1988, random+hearts+1999, guilty+as+sin+1993, for+keeps+1988, 413 ms"
"2022-02-08T19:22:59.298223,185124,recommendation request 17645-team17.isri.cmu.edu:8082, status 200, result: wreck-it+ralph+2012, cry+freedom+1987, edmond+2005, the+krays+1990, dark+city+1950, the+gauntlet+1977, missing+1982, a+goofy+movie+1995, mystery_+alaska+1999, changeling+2008, light+it+up+1999, the+other+side+of+the+mountain+1975, the+aristocats+1970, freaky+friday+1976, one+eight+seven+1997, the+island+1980, guilty+as+sin+1993, cars+2+2011, serial+1980, island+2011, 273 ms"
"2022-02-08T19:22:59.535722,160330,recommendation request 17645-team17.isri.cmu.edu:8082, status 200, result: the+book+of+eli+2010, the+incite+mill+2010, charisma+1999, the+eel+1997, confessions+2010, circus+2000, mothra+1961, scarface+1983, the+bank+2001, 47+samurai+1962, the+matrix+reloaded+2003, demolition+man+1993, the+pumaman+1980, red+beard+1965, gilda+1946, killing+zoe+1993, high+and+low+1963, seven+samurai+1954, flash+gordon+1936, the+lower+depths+1957, 478 ms"
"2022-02-08T19:22:59.698381,197289,recommendation request 17645-team17.isri.cmu.edu:8082, status 200, result: melody+time+1948, true+crime+1996, the+other+side+of+the+mountain+1975, in+the+line+of+fire+1993, paintball+2009, iris+2001, saludos+amigos+1942, an+education+2009, shes+having+a+baby+1988, crush+2001, from+here+to+eternity+1953, the+juror+1996, the+nuns+story+1959, millions+2005, mobsters+1991, atonement+2007, patton+1970, melvin+and+howard+1980, get+real+1998, l.i.e.+2001, 607 ms"
"2022-02-08T19:22:59.695697,210965,recommendation request 17645-team17.isri.cmu.edu:8082, status 200, result: cry+freedom+1987, rollerball+1975, nothing+but+trouble+1991, melody+time+1948, top+secret+1984, the+proprietor+1996, the+aristocats+1970, incognito+1997, gods+not+dead+2014, z+1969, lifeboat+1944, saludos+amigos+1942, planet+of+the+apes+2001, company+man+2000, beneath+the+planet+of+the+apes+1970, king+kong+lives+1986, near+dark+1987, remember+the+night+1940, from+the+hip+1987, pumpkinhead+1988, 648 ms"
"2022-02-08T19:22:59.725385,144507,recommendation request 17645-team17.isri.cmu.edu:8082, status 200, result: shampoo+1975, the+cat+in+the+hat+2003, drop+zone+1994, the+glimmer+man+1996, the+dresser+1983, ed+1996, 8+seconds+1994, p.s.+2004, under+siege+1992, the+other+side+of+the+mountain+1975, normal+life+1996, once+bitten+1985, a+time+to+kill+1996, a+little+princess+1995, casper+1995, babe+pig+in+the+city+1998, random+hearts+1999, the+saint+1997, albatross+2011, how+the+grinch+stole+christmas+2000, 673 ms"
"2022-02-08T19:22:59.726899,290812,recommendation request 17645-team17.isri.cmu.edu:8082, status 200, result: rollerball+1975, robot+stories+2003, sleepers+1996, p.s.+2004, crossroads+2002, the+other+side+of+the+mountain+1975, the+country+bears+2002, snow+dogs+2002, big+hero+6+2014, northfork+2003, father+of+the+bride+1991, cabin+boy+1994, planet+of+the+apes+2001, the+client+1994, the+mighty+1998, last+night+1998, high+sierra+1941, today+you+die+2005, they+made+me+a+criminal+1939, bulletproof+1996, 635 ms"
"2022-02-08T19:22:59.747191,285532,recommendation request 17645-team17.isri.cmu.edu:8082, status 200, result: rollerball+1975, top+secret+1984, about+last+night...+1986, my+man+godfrey+1957, ed+1996, star+wars+episode+iii+-+revenge+of+the+sith+2005, the+other+side+of+the+mountain+1975, the+addams+family+1991, maze+2000, detective+story+1951, a+little+princess+1995, ice+castles+1978, planet+of+the+apes+2001, crush+2001, from+here+to+eternity+1953, ali+2001, side+out+1990, the+loves+of+carmen+1948, jennifer+eight+1992, the+dream+team+1989, 697 ms"
"2022-02-08T19:23:00.410974,140251,recommendation request 17645-team17.isri.cmu.edu:8082, status 200, result: wreck-it+ralph+2012, cry+freedom+1987, last+holiday+2006, p.s.+2004, a+goofy+movie+1995, frenzy+1972, maze+2000, lethal+weapon+3+1992, the+aristocats+1970, the+closet+2001, detective+story+1951, inception+2010, pitch+black+2000, the+island+1980, wake+of+death+2004, the+brothers+2001, the+matrix+revolutions+2003, the+longest+yard+1974, junebug+2005, crush+2001, 289 ms"
"2022-02-08T19:23:00.366796,151159,recommendation request 17645-team17.isri.cmu.edu:8082, status 200, result: the+family+man+2000, drop+zone+1994, sleepers+1996, miami+rhapsody+1995, p.s.+2004, spy+hard+1996, mystery_+alaska+1999, analyze+this+1999, wildcats+1986, without+a+paddle+2004, uncommon+valor+1983, pride+2014, green+card+1990, the+sixth+man+1997, moving+1988, wake+of+death+2004, the+client+1994, flight+of+the+intruder+1991, changing+lanes+2002, so+fine+1981, 230 ms"
"2022-02-08T19:23:00.429829,287412,recommendation request 17645-team17.isri.cmu.edu:8082, status 200, result: rollerball+1975, last+holiday+2006, p.s.+2004, shaft+in+africa+1973, maze+2000, freaky+friday+1976, planet+of+the+apes+2001, the+brothers+2001, winnie+the+pooh+2011, crush+2001, have+rocket_+will+travel+1959, the+incredible+hulk+2008, the+three+stooges+in+orbit+1962, untitled+2009, hav+plenty+1997, ratatouille+2007, holiday+1938, the+allnighter+1987, back+to+the+future+part+ii+1989, dopamine+2003, 256 ms"
"2022-02-08T19:23:01.446857,128632,recommendation request 17645-team17.isri.cmu.edu:8082, status 200, result: shampoo+1975, nine+lives+2005, that+was+then...+this+is+now+1985, the+other+side+of+the+mountain+1975, the+mother+2003, far+and+away+1992, old+yeller+1957, random+hearts+1999, rapa+nui+1994, away+from+her+2006, one+day+2011, texasville+1990, earthsea+2004, seven+men+from+now+1956, the+bostonians+1984, st.+elmos+fire+1985, the+prince+of+tides+1991, the+postman+1997, you+light+up+my+life+1977, shenandoah+1965, 351 ms"
"2022-02-08T19:23:02.347714,130419,recommendation request 17645-team17.isri.cmu.edu:8082, status 200, result: rollerball+1975, melody+time+1948, mary+poppins+1964, the+conspiracy+2012, star+wars+episode+iii+-+revenge+of+the+sith+2005, son+of+the+mask+2005, lethal+weapon+3+1992, the+aristocats+1970, gods+not+dead+2014, freaky+friday+1976, dick+tracy+1990, saludos+amigos+1942, planet+of+the+apes+2001, working+girl+1988, macabre+1958, jurassic+park+1993, north+1994, bulletproof+1996, the+program+1993, fire+down+below+1997, 281 ms"
"2022-02-08T19:23:02.328879,207753,recommendation request 17645-team17.isri.cmu.edu:8082, status 200, result: eyewitness+1981, rollerball+1975, the+longest+day+1962, sling+blade+1996, freaky+friday+1976, cabin+boy+1994, a+little+princess+1995, lifeboat+1944, grand+illusion+1937, dick+tracy+1990, planet+of+the+apes+2001, the+mighty+1998, in+harms+way+1965, veronica+guerin+2003, hook+1991, 7+seconds+2005, today+you+die+2005, bingo+1991, they+made+me+a+criminal+1939, no+mercy+1986, 267 ms"
"2022-02-08T19:23:03.429568,107999,recommendation request 17645-team17.isri.cmu.edu:8082, status 200, result: cry+freedom+1987, what+doesnt+kill+you+2008, barbershop+2002, forbidden+zone+1980, oh_+god+1977, sling+blade+1996, p.s.+2004, frenzy+1972, maze+2000, a+time+to+kill+1996, another+thin+man+1939, harry+and+tonto+1974, slap+her...+shes+french+2002, the+yakuza+1974, jabberwocky+1977, the+mighty+1998, on+deadly+ground+1994, junebug+2005, shes+having+a+baby+1988, have+rocket_+will+travel+1959, 380 ms"
"2022-02-08T19:23:03.409407,54805,recommendation request 17645-team17.isri.cmu.edu:8082, status 200, result: cry+freedom+1987, rollerball+1975, about+last+night...+1986, 8+seconds+1994, missing+1982, p.s.+2004, maze+2000, moving+1988, steel+1997, the+island+1980, wake+of+death+2004, the+yakuza+1974, beneath+the+planet+of+the+apes+1970, winnie+the+pooh+2011, sherlock+holmes+in+washington+1943, mobsters+1991, crush+2001, side+out+1990, hopscotch+1980, rumble+fish+1983, 367 ms"
"2022-02-08T19:23:04.442653,15770,recommendation request 17645-team17.isri.cmu.edu:8082, status 200, result: the+perfect+score+2004, eyewitness+1981, nothing+but+trouble+1991, forbidden+zone+1980, oh_+god+1977, ed+1996, p.s.+2004, walle+2008, barbarosa+1982, big+hero+6+2014, lethal+weapon+3+1992, inception+2010, casper+1995, wake+of+death+2004, dead+presidents+1995, cars+2+2011, the+matrix+1999, the+incredible+hulk+2008, hook+1991, hopscotch+1980, 399 ms"
"2022-02-08T19:23:04.447129,8718,recommendation request 17645-team17.isri.cmu.edu:8082, status 200, result: rollerball+1975, oh_+god+1977, p.s.+2004, without+a+paddle+2004, harry+and+walter+go+to+new+york+1976, nims+island+2008, r100+2013, splash+1984, the+letter+1940, the+matrix+revolutions+2003, time+bandits+1981, m.+butterfly+1993, the+brave+one+2007, the+fury+1978, hook+1991, bingo+1991, underdog+2007, edge+of+tomorrow+2014, divergent+2014, batman+1966, 411 ms"
"2022-02-08T19:23:04.488451,89224,recommendation request 17645-team17.isri.cmu.edu:8082, status 200, result: drop+zone+1994, forbidden+zone+1980, ed+1996, p.s.+2004, frenzy+1972, a+slave+of+love+1976, light+it+up+1999, strait-jacket+1964, brimstone++treacle+1982, pretty+baby+1978, casper+1995, the+letter+1940, phoenix+1998, four+brothers+2005, jurassic+park+1993, serial+1980, shes+having+a+baby+1988, cherrybomb+2009, crush+2001, morning+glory+1933, 445 ms"
"2022-02-08T19:23:04.488501,21070,recommendation request 17645-team17.isri.cmu.edu:8082, status 200, result: rollerball+1975, the+snowman+1982, frenzy+1972, solomon+kane+2009, harry+and+tonto+1974, apocalypto+2006, the+island+1980, wake+of+death+2004, gone+in+sixty+seconds+2000, opportunity+knocks+1990, serial+1980, kull+the+conqueror+1997, junebug+2005, veronica+guerin+2003, the+living+daylights+1987, conan+the+barbarian+1982, hopscotch+1980, made+of+honor+2008, my+one+and+only+2009, jennifer+eight+1992, 457 ms"
"2022-02-08T19:23:05.467804,232240,recommendation request 17645-team17.isri.cmu.edu:8082, status 200, result: im+no+angel+1933, blaze+1989, the+major+and+the+minor+1942, the+doctor+1991, horse+feathers+1932, that+was+then...+this+is+now+1985, never+again+2002, midnight+1939, cousins+1989, gods+not+dead+2014, cocktail+1988, indian+summer+1993, kundun+1997, serial+1980, dead+set+2008, the+beautician+and+the+beast+1997, cradle+will+rock+1999, get+over+it+2001, beloved+1998, the+lady+eve+1941, 340 ms"
"2022-02-08T19:23:05.467140,44613,recommendation request 17645-team17.isri.cmu.edu:8082, status 200, result: leave+it+to+beaver+1997, pandorum+2009, ed+1996, the+librarian+the+curse+of+the+judas+chalice+2008, the+aristocats+1970, the+incredible+shrinking+woman+1981, one+hundred+and+one+dalmatians+1961, the+last+minute+2001, the+matrix+reloaded+2003, e.t.+the+extra-terrestrial+1982, prince+of+persia+the+sands+of+time+2010, casper+1995, chicken+run+2000, inception+2010, rosemarys+baby+1968, balto+1995, the+yakuza+1974, the+matrix+revolutions+2003, jurassic+park+1993, shrek+the+halls+2007, 345 ms"
"2022-02-08T19:23:05.471601,39434,recommendation request 17645-team17.isri.cmu.edu:8082, status 200, result: meet+me+in+st.+louis+1944, cry+freedom+1987, leaving+normal+1992, the+proprietor+1996, the+brother+from+another+planet+1984, jungle+fever+1991, bachelor+in+paradise+1961, love+crazy+1941, the+yakuza+1974, marooned+1969, on+the+town+1949, serial+1980, heartbreakers+2001, the+nuns+story+1959, ali+2001, hook+1991, 10th++wolf+2006, bingo+1991, melvin+and+howard+1980, the+survivors+1983, 374 ms"
"2022-02-08T19:23:05.567995,74043,recommendation request 17645-team17.isri.cmu.edu:8082, status 200, result: rollerball+1975, sleepers+1996, barbarosa+1982, a+time+to+kill+1996, man+with+the+screaming+brain+2005, colossus+the+forbin+project+1970, steel+1997, dead+reckoning+1947, planet+of+the+apes+2001, the+brave+one+2007, high+sierra+1941, today+you+die+2005, dinoshark+2010, they+made+me+a+criminal+1939, house+of+frankenstein+1944, indestructible+man+1956, silverado+1985, beyond+the+poseidon+adventure+1979, maximum+risk+1996, divergent+2014, 451 ms"
"2022-02-08T19:23:05.648646,22845,recommendation request 17645-team17.isri.cmu.edu:8082, status 200, result: dead+of+winter+1987, cry+freedom+1987, mickeys+once+upon+a+christmas+1999, true+crime+1996, asylum+1972, chicken+run+2000, the+island+1980, juice+1992, island+2011, mobsters+1991, warriors+of+heaven+and+earth+2003, above+the+law+1988, azumi+2003, rumble+fish+1983, the+thin+man+goes+home+1945, airport+1975+1974, spasmo+1974, they+made+me+a+criminal+1939, the+hidden+fortress+1958, the+soldier+1982, 490 ms"
"2022-02-08T19:23:05.660914,150046,recommendation request 17645-team17.isri.cmu.edu:8082, status 200, result: drop+zone+1994, the+red+shoes+1948, 8+seconds+1994, desert+blue+1999, p.s.+2004, a+slave+of+love+1976, maze+2000, a+little+princess+1995, your+friends++neighbors+1998, four+brothers+2005, the+brothers+2001, lady+chatterley+2006, a+man+and+a+woman+1966, in+this+world+2002, full+speed+1996, junebug+2005, gravity+2013, crush+2001, side+out+1990, untitled+2009, 523 ms"
"2022-02-08T19:23:06.530627,217865,recommendation request 17645-team17.isri.cmu.edu:8082, status 200, result: curdled+1996, happy+accidents+2000, mickeys+once+upon+a+christmas+1999, ed+1996, family+plot+1976, frenzy+1972, light+it+up+1999, without+a+paddle+2004, casper+1995, chicken+run+2000, phoenix+1998, the+yakuza+1974, company+man+2000, the+client+1994, gravity+2013, jurassic+park+1993, the+game+1997, cherrybomb+2009, morning+glory+1933, hook+1991, 416 ms"
"2022-02-08T19:23:06.538844,24721,recommendation request 17645-team17.isri.cmu.edu:8082, status 200, result: american+virgin+2000, six+pack+1982, the+conspiracy+2012, a+goofy+movie+1995, p.s.+2004, a+family+thing+1996, father+of+the+bride+1991, pitch+black+2000, harry+and+tonto+1974, topper+1937, evil+dead+ii+1987, junebug+2005, american+psycho+2+all+american+girl+2002, from+here+to+eternity+1953, ali+2001, proof+2005, my+one+and+only+2009, spasmo+1974, orgy+of+the+dead+1965, holiday+1938, 410 ms"
"2022-02-08T19:23:06.495130,236721,recommendation request 17645-team17.isri.cmu.edu:8082, status 200, result: the+perfect+score+2004, bon+cop+bad+cop+2006, top+secret+1984, the+last+of+the+mohicans+1992, the+snowman+1982, p.s.+2004, son+of+the+mask+2005, big+hero+6+2014, a+time+to+kill+1996, vision+quest+1985, a+little+princess+1995, the+witches+of+eastwick+1987, dead+reckoning+1947, the+yakuza+1974, topper+1937, for+keeps+1988, from+here+to+eternity+1953, the+women+2008, side+out+1990, bingo+1991, 405 ms"
"2022-02-08T19:23:06.536335,114005,recommendation request 17645-team17.isri.cmu.edu:8082, status 200, result: dead+of+winter+1987, mickeys+once+upon+a+christmas+1999, dark+city+1950, the+house+of+yes+1997, the+last+of+the+mohicans+1992, the+longest+day+1962, frenzy+1972, the+langoliers+1995, 633+squadron+1964, lifeboat+1944, z+1969, grand+illusion+1937, chicken+run+2000, heavens+gate+1980, c.h.o.m.p.s.+1979, the+yakuza+1974, the+client+1994, marooned+1969, the+mighty+1998, the+juror+1996, 424 ms"
"2022-02-08T19:23:07.398744,275616,recommendation request 17645-team17.isri.cmu.edu:8082, status 200, result: remember+me+2010, rollerball+1975, the+longest+day+1962, sniper+2+2002, spartacus+1960, barbarosa+1982, lethal+weapon+3+1992, lifeboat+1944, written+on+the+wind+1956, grand+illusion+1937, the+last+legion+2007, pitch+black+2000, the+island+1980, wake+of+death+2004, albatross+2011, junebug+2005, kull+the+conqueror+1997, in+harms+way+1965, the+matrix+1999, remember+the+night+1940, 333 ms"
"2022-02-08T19:23:07.416145,209005,recommendation request 17645-team17.isri.cmu.edu:8082, status 200, result: slaughter+2009, the+conspiracy+2012, detention+2011, that+was+then...+this+is+now+1985, the+last+minute+2001, scream+4+2011, the+rage+carrie+2+1999, 21+2008, striptease+1996, the+stepfather+1987, dead+reckoning+1947, malice+1993, macabre+1958, the+big+heat+1953, sonny+2002, island+2011, eye+of+the+beholder+1999, flowers+in+the+attic+1987, leprechaun+2+1994, eating+raoul+1982, 349 ms"
"2022-02-08T19:23:07.563789,242385,recommendation request 17645-team17.isri.cmu.edu:8082, status 200, result: rollerball+1975, the+dresser+1983, the+house+of+yes+1997, the+proprietor+1996, star+wars+episode+iii+-+revenge+of+the+sith+2005, p.s.+2004, frenzy+1972, true+crime+1996, the+wash+2001, 633+squadron+1964, nims+island+2008, nighthawks+1981, dead+reckoning+1947, malice+1993, albatross+2011, planet+of+the+apes+2001, the+mighty+1998, junebug+2005, from+here+to+eternity+1953, ali+2001, 502 ms"
"2022-02-08T19:23:07.564328,90339,recommendation request 17645-team17.isri.cmu.edu:8082, status 200, result: dead+of+winter+1987, curdled+1996, drop+zone+1994, switchback+1997, dark+city+1950, stick+it+2006, devil+girl+from+mars+1954, return+of+the+fly+1959, family+plot+1976, carnosaur+2+1995, the+other+side+of+the+mountain+1975, a+time+to+kill+1996, detective+story+1951, cabin+boy+1994, the+poughkeepsie+tapes+2007, company+man+2000, the+client+1994, dead+presidents+1995, the+saint+1997, on+deadly+ground+1994, 499 ms"
"2022-02-08T19:23:07.566407,218949,recommendation request 17645-team17.isri.cmu.edu:8082, status 200, result: american+virgin+2000, the+conspiracy+2012, frenzy+1972, vision+quest+1985, a+little+princess+1995, excision+2012, the+witches+of+eastwick+1987, the+yakuza+1974, the+client+1994, for+keeps+1988, island+2011, from+here+to+eternity+1953, millions+2005, side+out+1990, dinoshark+2010, eating+raoul+1982, an+american+werewolf+in+paris+1997, phantoms+1998, they+made+me+a+criminal+1939, melvin+and+howard+1980, 490 ms"
"2022-02-08T19:23:08.477197,240867,recommendation request 17645-team17.isri.cmu.edu:8082, status 200, result: the+new+age+1994, about+last+night...+1986, p.s.+2004, maze+2000, a+family+thing+1996, sex+and+the+city+2008, blackfish+2013, moving+1988, dead+reckoning+1947, where+the+heart+is+2000, malice+1993, the+brothers+2001, still+bill+2010, analyze+that+2002, junebug+2005, waiting+to+exhale+1995, have+rocket_+will+travel+1959, conan+the+barbarian+1982, crush+2001, side+out+1990, 463 ms"
"2022-02-08T19:23:08.519116,270890,recommendation request 17645-team17.isri.cmu.edu:8082, status 200, result: the+last+of+the+mohicans+1992, ed+1996, the+snowman+1982, the+longest+day+1962, missing+1982, the+warriors+way+2010, true+crime+1996, mystery_+alaska+1999, 633+squadron+1964, a+time+to+kill+1996, the+hound+of+the+baskervilles+1978, lifeboat+1944, grand+illusion+1937, casper+1995, one+eight+seven+1997, guilty+as+sin+1993, jurassic+park+1993, in+harms+way+1965, island+2011, conan+the+barbarian+1982, 489 ms"
"2022-02-08T19:23:09.733236,65478,recommendation request 17645-team17.isri.cmu.edu:8082, status 200, result: abandon+2002, deceived+1991, the+program+1993, undertow+2004, the+doctor+1991, enough+2002, the+bank+2001, light+it+up+1999, annapolis+2006, the+event+2003, flightplan+2005, instinct+1999, penthouse+north+2013, last+dance+1996, beloved+1998, kahaani+2012, country+1984, descent+2007, frisk+1996, i+melt+with+you+2011, 630 ms"
"2022-02-08T19:23:09.555079,79508,recommendation request 17645-team17.isri.cmu.edu:8082, status 200, result: gleaming+the+cube+1989, remember+me+2010, cry+freedom+1987, definitely_+maybe+2008, barbarosa+1982, brimstone++treacle+1982, the+other+side+of+the+mountain+1975, cabin+boy+1994, dick+tracy+1990, paul+2011, grand+canyon+1991, the+verdict+1982, the+letter+1940, albatross+2011, m.+butterfly+1993, remember+the+night+1940, 7+seconds+2005, blood+and+sand+1989, down+in+the+delta+1998, the+ring+two+2005, 451 ms"
"2022-02-08T19:23:09.761306,37929,recommendation request 17645-team17.isri.cmu.edu:8082, status 200, result: the+perfect+score+2004, mickeys+once+upon+a+christmas+1999, switchback+1997, red+dawn+1984, frenzy+1972, true+crime+1996, deep+rising+1998, sleeping+beauty+1959, frankenstein+meets+the+wolf+man+1943, northfork+2003, gumby+the+movie+1995, highlander+the+search+for+vengeance+2007, masterminds+1997, the+longest+yard+1974, armed+and+dangerous+1986, juice+1992, the+living+daylights+1987, tank+girl+1995, above+the+law+1988, the+man+who+knew+too+much+1956, 655 ms"
"2022-02-08T19:23:10.389684,23571,recommendation request 17645-team17.isri.cmu.edu:8082, status 200, result: north+by+northwest+1959, curdled+1996, cry+freedom+1987, what+doesnt+kill+you+2008, ed+1996, frenzy+1972, maze+2000, a+time+to+kill+1996, casper+1995, hot+tub+time+machine+2010, where+the+heart+is+2000, jurassic+park+1993, waiting+to+exhale+1995, the+hitch-hiker+1953, mobsters+1991, island+2011, crush+2001, ever+after+a+cinderella+story+1998, the+nuns+story+1959, hook+1991, 316 ms"
"2022-02-08T19:23:10.394431,303798,recommendation request 17645-team17.isri.cmu.edu:8082, status 200, result: curdled+1996, pandorum+2009, robot+stories+2003, intersection+1994, walle+2008, big+hero+6+2014, the+other+side+of+the+mountain+1975, prince+of+persia+the+sands+of+time+2010, inception+2010, wanted+2009, cube+zero+2004, cars+2+2011, junebug+2005, island+2011, from+here+to+eternity+1953, ali+2001, have+rocket_+will+travel+1959, last+night+1998, smokey+and+the+bandit+part+3+1983, my+one+and+only+2009, 322 ms"
"2022-02-08T19:23:11.415996,234913,recommendation request 17645-team17.isri.cmu.edu:8082, status 200, result: replicant+2001, barbershop+2002, the+conspiracy+2012, a+goofy+movie+1995, true+crime+1996, maze+2000, detective+story+1951, another+thin+man+1939, private+parts+1972, macabre+1958, bottle+rocket+1996, island+2011, the+juror+1996, ali+2001, crush+2001, bridesmaids+2011, from+the+hip+1987, jennifer+eight+1992, airport+1975+1974, spasmo+1974, 355 ms"
"2022-02-08T19:23:11.537675,184152,recommendation request 17645-team17.isri.cmu.edu:8082, status 200, result: eyewitness+1981, cry+freedom+1987, about+last+night...+1986, sleepers+1996, sling+blade+1996, courage+under+fire+1996, the+other+side+of+the+mountain+1975, maze+2000, fulltime+killer+2001, in+too+deep+1999, dead+reckoning+1947, harem+1985, hackers+1995, the+mighty+1998, for+keeps+1988, the+truman+show+1998, junebug+2005, crush+2001, side+out+1990, remember+the+night+1940, 466 ms"
"2022-02-08T19:23:11.604890,155408,recommendation request 17645-team17.isri.cmu.edu:8082, status 200, result: bridget+joness+diary+2001, 8+seconds+1994, red+dawn+1984, the+next+three+days+2010, asylum+1972, phoenix+1998, the+truman+show+1998, junebug+2005, serial+1980, eragon+2006, the+living+daylights+1987, sunday+bloody+sunday+1971, island+2011, the+nuns+story+1959, above+the+law+1988, my+one+and+only+2009, spasmo+1974, patton+1970, underdog+2007, american+splendor+2003, 525 ms"
"2022-02-08T19:23:11.604140,25474,recommendation request 17645-team17.isri.cmu.edu:8082, status 400, result: movie 1 not found, 525 ms"
"2022-02-08T19:23:11.669085,64697,recommendation request 17645-team17.isri.cmu.edu:8082, status 200, result: the+perfect+score+2004, drop+zone+1994, criminal+law+1988, intersection+1994, how+i+won+the+war+1967, analyze+this+1999, lifeboat+1944, pitch+black+2000, moving+1988, harry+and+tonto+1974, phoenix+1998, paparazzi+2004, the+longest+yard+1974, junebug+2005, changing+lanes+2002, juice+1992, the+women+2008, my+one+and+only+2009, breakfast+on+pluto+2005, terminator+2+judgment+day+1991, 577 ms"
"2022-02-08T19:23:11.682491,125098,recommendation request 17645-team17.isri.cmu.edu:8082, status 200, result: suburban+commando+1991, lockout+2012, family+plot+1976, the+golden+voyage+of+sinbad+1973, a+goofy+movie+1995, snow+dogs+2002, a+family+thing+1996, casper+1995, haywire+2011, the+great+outdoors+1988, masterminds+1997, the+island+1980, cars+2+2011, kull+the+conqueror+1997, conan+the+barbarian+1982, hopscotch+1980, bingo+1991, ratatouille+2007, bulletproof+1996, the+sin+of+harold+diddlebock+1947, 605 ms"
"2022-02-08T19:23:12.369929,213842,recommendation request 17645-team17.isri.cmu.edu:8082, status 200, result: wreck-it+ralph+2012, barbershop+2002, the+golden+voyage+of+sinbad+1973, cookie+1989, a+goofy+movie+1995, pauly+shore+is+dead+2003, lamerica+1994, the+aristocats+1970, another+thin+man+1939, the+island+1980, auntie+mame+1958, two+friends+2002, have+rocket_+will+travel+1959, the+incredible+hulk+2008, from+here+to+eternity+1953, ali+2001, help+1965, carefree+1938, hall+pass+2011, little+murders+1971, 361 ms"
"2022-02-08T19:23:12.458008,193289,recommendation request 17645-team17.isri.cmu.edu:8082, status 200, result: shampoo+1975, punchline+1988, 28+weeks+later+2007, the+conspiracy+2012, street+fighter+the+legend+of+chun-li+2009, p.s.+2004, the+high+and+the+mighty+1954, altered+2006, maze+2000, poseidon+2006, phoenix+1998, dead+reckoning+1947, planet+of+the+apes+2001, albatross+2011, dead+presidents+1995, junebug+2005, crush+2001, some+days+are+better+than+others+2011, side+out+1990, his+girl+friday+1940, 436 ms"
"2022-02-08T19:23:12.367269,140030,recommendation request 17645-team17.isri.cmu.edu:8082, status 200, result: black+beauty+1994, barbershop+2002, punchline+1988, the+proprietor+1996, city+slickers+1991, doc+hollywood+1991, fathers+little+dividend+1951, barbarosa+1982, the+other+side+of+the+mountain+1975, light+it+up+1999, casper+1995, bad+girls+1994, another+thin+man+1939, excision+2012, moving+1988, an+education+2009, geronimo+an+american+legend+1993, above+the+law+1988, dinoshark+2010, return+to+me+2000, 355 ms"
"2022-02-08T19:23:12.410954,189947,recommendation request 17645-team17.isri.cmu.edu:8082, status 200, result: eyewitness+1981, drop+zone+1994, barbershop+2002, the+gauntlet+1977, ed+1996, a+time+to+kill+1996, in+the+line+of+fire+1993, casper+1995, another+thin+man+1939, c.h.o.m.p.s.+1979, dead+reckoning+1947, the+saint+1997, patriot+games+1992, the+matrix+revolutions+2003, jurassic+park+1993, modesty+blaise+1966, changing+lanes+2002, juice+1992, proof+2005, the+brave+one+2007, 366 ms"
"2022-02-08T19:23:13.444691,162998,recommendation request 17645-team17.isri.cmu.edu:8082, status 200, result: mary+poppins+1964, desert+blue+1999, p.s.+2004, courage+under+fire+1996, maze+2000, vision+quest+1985, frankenstein+meets+the+wolf+man+1943, a+little+princess+1995, bean+1997, gumby+the+movie+1995, your+friends++neighbors+1998, the+witches+of+eastwick+1987, the+letter+1940, the+brothers+2001, junebug+2005, shes+having+a+baby+1988, crush+2001, island+2011, have+rocket_+will+travel+1959, the+three+stooges+in+orbit+1962, 340 ms"
"2022-02-08T19:23:13.493960,15620,recommendation request 17645-team17.isri.cmu.edu:8082, status 200, result: home+page+1998, the+house+of+yes+1997, warriors+2002, detective+story+1951, frozen+2007, the+godfather+part+iii+1990, even+the+rain+2010, holy+motors+2012, albatross+2011, the+mighty+1998, desk+set+1957, out+to+sea+1997, mobsters+1991, island+2011, dark+passage+1947, jennifer+eight+1992, blackrock+1997, patton+1970, my+life+in+pink+1997, the+allnighter+1987, 355 ms"
"2022-02-08T19:23:13.509207,138009,recommendation request 17645-team17.isri.cmu.edu:8082, status 200, result: jubilee+1978, eyewitness+1981, drop+zone+1994, rollerball+1975, my+man+godfrey+1957, ed+1996, p.s.+2004, without+a+paddle+2004, inception+2010, pitch+black+2000, a+shock+to+the+system+1990, phoenix+1998, wake+of+death+2004, planet+of+the+apes+2001, desk+set+1957, out+to+sea+1997, changing+lanes+2002, the+juror+1996, ali+2001, help+1965, 437 ms"
"2022-02-08T19:23:14.611847,257165,recommendation request 17645-team17.isri.cmu.edu:8082, status 200, result: american+virgin+2000, drop+zone+1994, rollerball+1975, switchback+1997, dark+city+1950, p.s.+2004, true+crime+1996, rambo+first+blood+part+ii+1985, the+wash+2001, freaky+friday+1976, nims+island+2008, fulltime+killer+2001, in+too+deep+1999, the+saint+1997, the+yakuza+1974, planet+of+the+apes+2001, patriot+games+1992, changing+lanes+2002, juice+1992, scarface+1932, 606 ms"
"2022-02-08T19:23:14.624076,298565,recommendation request 17645-team17.isri.cmu.edu:8082, status 200, result: curdled+1996, rollerball+1975, star+wars+episode+iii+-+revenge+of+the+sith+2005, light+it+up+1999, code+of+silence+1985, the+verdict+1982, phoenix+1998, private+parts+1972, the+poughkeepsie+tapes+2007, planet+of+the+apes+2001, patriot+games+1992, beneath+the+planet+of+the+apes+1970, the+hitch-hiker+1953, juice+1992, mobsters+1991, the+hot+spot+1990, melvin+and+howard+1980, poltergeist+iii+1988, the+program+1993, pickup+on+south+street+1953, 563 ms"
"2022-02-08T19:23:14.624296,45287,recommendation request 17645-team17.isri.cmu.edu:8082, status 200, result: the+outlaw+josey+wales+1976, mickeys+once+upon+a+christmas+1999, rio+bravo+1959, a+goofy+movie+1995, the+other+side+of+the+mountain+1975, light+it+up+1999, snow+dogs+2002, a+christmas+carol+2009, 42nd+street+1933, chicken+run+2000, big+jake+1971, unforgiven+1992, cars+2+2011, junebug+2005, an+education+2009, island+2011, redbelt+2008, dark+passage+1947, my+one+and+only+2009, ratatouille+2007, 614 ms"
"2022-02-08T19:23:14.630543,240493,recommendation request 17645-team17.isri.cmu.edu:8082, status 200, result: dark+city+1950, 8+seconds+1994, the+conspiracy+2012, childs+play+3+1991, the+brother+from+another+planet+1984, p.s.+2004, cookie+1989, maze+2000, light+it+up+1999, 633+squadron+1964, without+a+paddle+2004, lifeboat+1944, z+1969, grand+illusion+1937, johnny+english+2003, psycho+1998, heavens+gate+1980, a+patch+of+blue+1965, the+brothers+2001, jaws+3-d+1983, 603 ms"
"2022-02-08T19:23:14.646066,24598,recommendation request 17645-team17.isri.cmu.edu:8082, status 200, result: dead+of+winter+1987, viva+zapata+1952, think+like+a+man+too+2014, p.s.+2004, cookie+1989, how+i+won+the+war+1967, maze+2000, lifeboat+1944, cabin+boy+1994, splash+1984, the+verdict+1982, the+brothers+2001, crush+2001, millions+2005, tough+guys+1986, untitled+2009, appaloosa+2008, the+thin+man+goes+home+1945, melvin+and+howard+1980, the+allnighter+1987, 622 ms"
"2022-02-08T19:23:15.580303,36665,recommendation request 17645-team17.isri.cmu.edu:8082, status 200, result: replicant+2001, definitely_+maybe+2008, detective+story+1951, cabin+boy+1994, paul+2011, the+godfather+part+iii+1990, junebug+2005, island+2011, from+here+to+eternity+1953, ali+2001, crush+2001, the+incredible+hulk+2008, my+one+and+only+2009, jennifer+eight+1992, atonement+2007, airport+1975+1974, spasmo+1974, they+made+me+a+criminal+1939, bulletproof+1996, holiday+1938, 482 ms"
"2022-02-08T19:23:16.382044,160512,recommendation request 17645-team17.isri.cmu.edu:8082, status 200, result: drop+zone+1994, sleepers+1996, 8+seconds+1994, doc+hollywood+1991, frenzy+1972, true+crime+1996, all+the+mornings+of+the+world+1991, snow+dogs+2002, without+a+paddle+2004, detective+story+1951, lifeboat+1944, freaky+friday+1976, fulltime+killer+2001, in+too+deep+1999, moving+1988, wake+of+death+2004, lady+chatterley+2006, the+reader+2008, hackers+1995, full+speed+1996, 314 ms"
"2022-02-08T19:23:16.497260,301955,recommendation request 17645-team17.isri.cmu.edu:8082, status 200, result: rollerball+1975, the+island+at+the+top+of+the+world+1974, next+friday+2000, captain+america+the+first+avenger+2011, mysterious+island+1961, p.s.+2004, the+last+starfighter+1984, son+of+the+mask+2005, the+avengers+2012, friday+1995, never+again+2002, the+pumaman+1980, r.i.p.d.+2013, ghosts+of+girlfriends+past+2009, megaforce+1982, iron+man+3+2013, topper+1937, independence+day+1996, the+women+2008, get+over+it+2001, 376 ms"
"2022-02-08T19:23:17.399876,121400,recommendation request 17645-team17.isri.cmu.edu:8082, status 200, result: rollerball+1975, coldblooded+1995, six+pack+1982, p.s.+2004, son+of+the+mask+2005, the+other+side+of+the+mountain+1975, a+family+thing+1996, vision+quest+1985, a+little+princess+1995, father+of+the+bride+1991, ice+castles+1978, splash+1984, dumb+and+dumber+to+2014, harry+and+tonto+1974, the+witches+of+eastwick+1987, planet+of+the+apes+2001, topper+1937, patriot+games+1992, shes+having+a+baby+1988, juice+1992, 367 ms"
"2022-02-08T19:23:17.406320,233389,recommendation request 17645-team17.isri.cmu.edu:8082, status 200, result: rollerball+1975, suburban+commando+1991, mary+poppins+1964, intersection+1994, cookie+1989, pitch+black+2000, gumby+the+movie+1995, c.h.o.m.p.s.+1979, planet+of+the+apes+2001, serial+1980, conan+the+barbarian+1982, the+incredible+hulk+2008, terminator+2+judgment+day+1991, dungeons++dragons+2000, spaced+invaders+1990, little+murders+1971, back+to+the+future+part+ii+1989, divergent+2014, seven+alone+1974, bedknobs+and+broomsticks+1971, 356 ms"
"2022-02-08T19:23:17.433535,198797,recommendation request 17645-team17.isri.cmu.edu:8082, status 200, result: narc+2002, black+beauty+1994, drop+zone+1994, the+five+senses+1999, and+now...+ladies+and+gentlemen...+2002, switchback+1997, rio+bravo+1959, forbidden+zone+1980, 8+seconds+1994, the+proprietor+1996, the+house+of+yes+1997, dreamgirls+2006, p.s.+2004, without+a+paddle+2004, vision+quest+1985, dick+tracy+1990, harem+1985, coffy+1973, albatross+2011, the+mighty+1998, 400 ms"
"2022-02-08T19:23:18.365070,111387,recommendation request 17645-team17.isri.cmu.edu:8082, status 200, result: curdled+1996, mickeys+once+upon+a+christmas+1999, dark+city+1950, the+house+of+yes+1997, the+conspiracy+2012, sleeping+beauty+1959, light+it+up+1999, the+brothers+mcmullen+1995, gumby+the+movie+1995, the+letter+1940, silver+city+2004, the+mighty+1998, desk+set+1957, bottle+rocket+1996, the+hitch-hiker+1953, out+to+sea+1997, mighty+aphrodite+1995, mobsters+1991, ali+2001, x+the+unknown+1956, 326 ms"
"2022-02-08T19:23:18.553924,75013,recommendation request 17645-team17.isri.cmu.edu:8082, status 200, result: remember+me+2010, shampoo+1975, the+glimmer+man+1996, punchline+1988, p.s.+2004, a+time+to+kill+1996, a+family+thing+1996, nims+island+2008, pitch+black+2000, harry+and+tonto+1974, the+client+1994, albatross+2011, on+deadly+ground+1994, junebug+2005, from+here+to+eternity+1953, ali+2001, remember+the+night+1940, hook+1991, above+the+law+1988, my+one+and+only+2009, 464 ms"
"2022-02-08T19:23:18.555893,282376,recommendation request 17645-team17.isri.cmu.edu:8082, status 200, result: eyewitness+1981, dark+city+1950, intersection+1994, raging+bull+1980, p.s.+2004, the+other+side+of+the+mountain+1975, vision+quest+1985, a+little+princess+1995, the+witches+of+eastwick+1987, an+education+2009, bottle+rocket+1996, island+2011, the+incredible+hulk+2008, ali+2001, today+you+die+2005, dugs+special+mission+2009, ratatouille+2007, cars+2006, the+survivors+1983, get+real+1998, 440 ms"
"2022-02-08T19:23:18.455933,304866,recommendation request 17645-team17.isri.cmu.edu:8082, status 200, result: be+kind+rewind+2008, p.s.+2004, maze+2000, johnny+english+2003, patriot+games+1992, the+brothers+2001, big+bad+mama+1974, the+mighty+1998, junebug+2005, juice+1992, crush+2001, the+women+2008, north+1994, my+one+and+only+2009, untitled+2009, the+yearling+1946, bulletproof+1996, tumbleweeds+1999, boy+a+2007, bring+it+on+again+2004, 368 ms"
"2022-02-08T19:23:18.553976,305766,recommendation request 17645-team17.isri.cmu.edu:8082, status 200, result: doc+hollywood+1991, sling+blade+1996, my+life+without+me+2003, the+other+side+of+the+mountain+1975, light+it+up+1999, maze+2000, the+pompatus+of+love+1996, cabin+boy+1994, nims+island+2008, casper+1995, ice+castles+1978, in+too+deep+1999, the+letter+1940, planet+of+the+apes+2001, the+mighty+1998, island+2011, proof+2005, crush+2001, texasville+1990, help+1965, 452 ms"
"2022-02-08T19:23:19.468033,293735,recommendation request 17645-team17.isri.cmu.edu:8082, status 200, result: drop+zone+1994, switchback+1997, sleepers+1996, picture+perfect+1997, raging+bull+1980, the+next+three+days+2010, true+crime+1996, without+a+paddle+2004, a+family+thing+1996, detective+story+1951, johnny+english+2003, fulltime+killer+2001, in+too+deep+1999, slap+her...+shes+french+2002, albatross+2011, hackers+1995, changing+lanes+2002, the+39+steps+2008, have+rocket_+will+travel+1959, 7+seconds+2005, 447 ms"
"2022-02-08T19:23:19.549609,76511,recommendation request 17645-team17.isri.cmu.edu:8082, status 200, result: werewolves+on+wheels+1971, ed+1996, p.s.+2004, crossroads+2002, the+wash+2001, brimstone++treacle+1982, the+aristocats+1970, nims+island+2008, casper+1995, the+island+1980, the+wizard+1989, opportunity+knocks+1990, shes+having+a+baby+1988, island+2011, the+incredible+hulk+2008, hook+1991, bulletproof+1996, snakes+on+a+plane+2006, benji+1974, kicking++screaming+2005, 530 ms"
"2022-02-08T19:23:19.569545,54408,recommendation request 17645-team17.isri.cmu.edu:8082, status 200, result: cry+freedom+1987, rollerball+1975, top+secret+1984, robot+stories+2003, about+last+night...+1986, my+man+godfrey+1957, ed+1996, star+wars+episode+iii+-+revenge+of+the+sith+2005, p.s.+2004, the+addams+family+1991, maze+2000, northfork+2003, a+little+princess+1995, nims+island+2008, casper+1995, planet+of+the+apes+2001, the+brothers+2001, running+scared+1986, junebug+2005, changing+lanes+2002, 549 ms"
"2022-02-08T19:23:19.674080,29878,recommendation request 17645-team17.isri.cmu.edu:8082, status 200, result: the+five+senses+1999, about+last+night...+1986, raging+bull+1980, the+amazing+spider-man+2012, p.s.+2004, maze+2000, the+brothers+mcmullen+1995, prince+of+persia+the+sands+of+time+2010, inception+2010, forrest+gump+1994, love+story+1970, harem+1985, the+brothers+2001, my+beautiful+laundrette+1985, shes+having+a+baby+1988, look+whos+talking+too+1990, crush+2001, side+out+1990, hopscotch+1980, juno+2007, 639 ms"
"2022-02-08T19:23:19.679985,186333,recommendation request 17645-team17.isri.cmu.edu:8082, status 200, result: cry+freedom+1987, the+parent+trap+1998, red+dawn+1984, snow+dogs+2002, lethal+weapon+3+1992, premium+rush+2012, freaky+friday+1976, inception+2010, the+island+1980, 9+2005, the+matrix+revolutions+2003, junebug+2005, rush+hour+3+2007, the+matrix+1999, conan+the+barbarian+1982, from+here+to+eternity+1953, ali+2001, the+living+daylights+1987, above+the+law+1988, made+of+honor+2008, 622 ms"
"2022-02-08T19:23:19.682039,52481,recommendation request 17645-team17.isri.cmu.edu:8082, status 200, result: drop+zone+1994, cookie+1989, the+other+side+of+the+mountain+1975, without+a+paddle+2004, in+the+line+of+fire+1993, gods+not+dead+2014, ice+castles+1978, dead+reckoning+1947, wake+of+death+2004, malice+1993, the+mighty+1998, desk+set+1957, out+to+sea+1997, changing+lanes+2002, island+2011, from+here+to+eternity+1953, ali+2001, happy_+texas+1999, flowers+in+the+attic+1987, hopscotch+1980, 659 ms"
"2022-02-08T19:23:20.513818,276887,recommendation request 17645-team17.isri.cmu.edu:8082, status 200, result: shampoo+1975, rollerball+1975, criminal+law+1988, the+last+of+the+mohicans+1992, punchline+1988, the+proprietor+1996, 8+seconds+1994, intersection+1994, how+i+won+the+war+1967, all+the+mornings+of+the+world+1991, 633+squadron+1964, the+other+side+of+the+mountain+1975, barbarosa+1982, lifeboat+1944, the+great+escape+1963, phoenix+1998, harem+1985, planet+of+the+apes+2001, platoon+1986, junebug+2005, 444 ms"
"2022-02-08T19:23:20.456981,16069,recommendation request 17645-team17.isri.cmu.edu:8082, status 200, result: el+topo+1970, intersection+1994, oh_+god+1977, doc+hollywood+1991, cookie+1989, p.s.+2004, loving+you+1957, the+other+side+of+the+mountain+1975, the+alamo+1960, moving+1988, a+shock+to+the+system+1990, the+blue+max+1966, planet+of+the+apes+2001, beneath+the+planet+of+the+apes+1970, serial+1980, desk+set+1957, out+to+sea+1997, the+juror+1996, ali+2001, above+the+law+1988, 372 ms"
"2022-02-08T19:23:21.388535,67460,recommendation request 17645-team17.isri.cmu.edu:8082, status 200, result: north+by+northwest+1959, eyewitness+1981, mary+poppins+1964, 23+1998, the+house+of+yes+1997, family+plot+1976, missing+1982, frenzy+1972, true+crime+1996, mystery_+alaska+1999, freaky+friday+1976, a+little+princess+1995, hot+tub+time+machine+2010, the+letter+1940, one+eight+seven+1997, guilty+as+sin+1993, the+mighty+1998, the+matrix+revolutions+2003, island+2011, the+brave+one+2007, 370 ms"
"2022-02-08T19:23:21.451366,231980,recommendation request 17645-team17.isri.cmu.edu:8082, status 200, result: titanic+1953, helen+of+troy+1956, melody+time+1948, paths+of+glory+1957, frenzy+1972, maze+2000, the+aristocats+1970, one+hundred+and+one+dalmatians+1961, emma+2009, the+great+escape+1963, the+lawless+heart+2002, the+object+of+my+affection+1998, saludos+amigos+1942, anastasia+1956, the+jewel+of+the+nile+1985, bulworth+1998, pinocchio+1940, waiting+to+exhale+1995, dedication+2007, the+english+patient+1996, 443 ms"
"2022-02-08T19:23:21.448336,246371,recommendation request 17645-team17.isri.cmu.edu:8082, status 200, result: drop+zone+1994, the+five+senses+1999, rollerball+1975, cry+freedom+1987, raging+bull+1980, missing+1982, sling+blade+1996, casper+1995, phoenix+1998, the+mighty+1998, jurassic+park+1993, junebug+2005, island+2011, above+the+law+1988, eight+men+out+1988, hook+1991, escape+from+the+planet+of+the+apes+1971, romeo+is+bleeding+1993, they+made+me+a+criminal+1939, melvin+and+howard+1980, 429 ms"
"2022-02-08T19:23:22.730513,16414,recommendation request 17645-team17.isri.cmu.edu:8082, status 200, result: the+perfect+score+2004, eyewitness+1981, the+proprietor+1996, off+limits+1988, the+naked+gun+33+the+final+insult+1994, cookie+1989, how+i+won+the+war+1967, that+was+then...+this+is+now+1985, cq+2001, lifeboat+1944, bean+1997, platoon+1986, the+longest+yard+1974, predator+2+1990, in+harms+way+1965, power+98+1996, the+arrival+1996, super+8+2011, disorganized+crime+1989, rocky+1976, 451 ms"
"2022-02-08T19:23:22.807161,33374,recommendation request 17645-team17.isri.cmu.edu:8082, status 200, result: mickeys+once+upon+a+christmas+1999, top+secret+1984, about+last+night...+1986, the+five+senses+1999, ed+1996, the+conspiracy+2012, childs+play+3+1991, doc+hollywood+1991, the+addams+family+1991, maze+2000, a+time+to+kill+1996, code+of+silence+1985, a+little+princess+1995, casper+1995, psycho+1998, chicken+run+2000, the+letter+1940, phoenix+1998, jaws+3-d+1983, jurassic+park+1993, 552 ms"
"2022-02-08T19:23:22.784160,268033,recommendation request 17645-team17.isri.cmu.edu:8082, status 200, result: out+of+sight+1998, remember+me+2010, eyewitness+1981, cry+freedom+1987, bustin+loose+1981, family+plot+1976, the+golden+voyage+of+sinbad+1973, courage+under+fire+1996, premium+rush+2012, pitch+black+2000, the+island+1980, albatross+2011, rush+hour+3+2007, kull+the+conqueror+1997, conan+the+barbarian+1982, smokey+and+the+bandit+part+3+1983, the+women+2008, the+fury+1978, remember+the+night+1940, singham+2011, 530 ms"
"2022-02-08T19:23:22.825765,57083,recommendation request 17645-team17.isri.cmu.edu:8082, status 200, result: narc+2002, black+beauty+1994, cry+freedom+1987, drop+zone+1994, switchback+1997, the+house+of+yes+1997, p.s.+2004, without+a+paddle+2004, northfork+2003, the+beverly+hillbillies+1993, the+island+1980, the+mighty+1998, changing+lanes+2002, juice+1992, island+2011, above+the+law+1988, bloodsport+ii+1996, rumble+fish+1983, airport+1975+1974, little+murders+1971, 573 ms"
"2022-02-08T19:23:22.836235,70254,recommendation request 17645-team17.isri.cmu.edu:8082, status 200, result: rhinestone+1984, about+last+night...+1986, sprung+1997, nadine+1987, never+again+2002, cheaper+by+the+dozen+1950, as+good+as+it+gets+1997, the+beverly+hillbillies+1993, punks+2000, the+match+1999, it+could+happen+to+you+1994, theres+something+about+mary+1998, bulworth+1998, only+you+1994, desk+set+1957, look+whos+talking+too+1990, to+be+or+not+to+be+1983, side+out+1990, get+over+it+2001, the+king+of+comedy+1982, 544 ms"
"2022-02-08T19:23:23.380539,124591,recommendation request 17645-team17.isri.cmu.edu:8082, status 200, result: cry+freedom+1987, intersection+1994, 8+seconds+1994, the+proprietor+1996, red+dawn+1984, the+next+three+days+2010, the+other+side+of+the+mountain+1975, a+time+to+kill+1996, lifeboat+1944, moving+1988, phoenix+1998, dead+reckoning+1947, the+yakuza+1974, serial+1980, free+willy+3+the+rescue+1997, mobsters+1991, the+juror+1996, the+living+daylights+1987, above+the+law+1988, they+made+me+a+criminal+1939, 372 ms"
"2022-02-08T19:23:23.386876,220781,recommendation request 17645-team17.isri.cmu.edu:8082, status 200, result: eyewitness+1981, final+approach+1991, the+call+of+cthulhu+2005, barbarosa+1982, inception+2010, pitch+black+2000, the+kiss+1988, drive+hard+2014, renegades+1989, running+scared+1986, changing+lanes+2002, money+for+nothing+1993, power+98+1996, the+fan+1981, the+mummys+tomb+1942, spasmo+1974, bulletproof+1996, apartment+zero+1988, the+signal+2007, fire+down+below+1997, 374 ms"
"2022-02-08T19:23:23.070693,239468,recommendation request 17645-team17.isri.cmu.edu:8082, status 200, result: side+effects+2013, the+proprietor+1996, commandments+1997, the+brave+1997, p.s.+2004, once+around+1991, enough+2002, light+it+up+1999, maze+2000, emma+2009, sex+and+the+city+2008, numb+2007, youre+a+big+boy+now+1966, the+brothers+2001, only+you+1994, dedication+2007, kahaani+2012, the+crossing+guard+1995, crush+2001, the+big+picture+1989, 67 ms"
"2022-02-08T19:23:23.380917,300096,recommendation request 17645-team17.isri.cmu.edu:8082, status 200, result: the+perfect+score+2004, curdled+1996, rollerball+1975, switchback+1997, red+dawn+1984, frenzy+1972, true+crime+1996, vision+quest+1985, a+little+princess+1995, the+witches+of+eastwick+1987, guilty+as+sin+1993, the+yakuza+1974, planet+of+the+apes+2001, the+longest+yard+1974, shes+having+a+baby+1988, the+hitch-hiker+1953, the+living+daylights+1987, mobsters+1991, above+the+law+1988, 10th++wolf+2006, 377 ms"
"2022-02-08T19:23:23.418848,276607,recommendation request 17645-team17.isri.cmu.edu:8082, status 200, result: cry+freedom+1987, drop+zone+1994, 8+seconds+1994, the+other+side+of+the+mountain+1975, rambo+first+blood+part+ii+1985, snow+dogs+2002, the+aristocats+1970, vision+quest+1985, without+a+paddle+2004, a+little+princess+1995, the+witches+of+eastwick+1987, white+palace+1990, desk+set+1957, changing+lanes+2002, the+incredible+hulk+2008, the+women+2008, today+you+die+2005, every+which+way+but+loose+1978, the+desert+rats+1953, no+mercy+1986, 392 ms"
"2022-02-08T19:23:24.321230,173987,recommendation request 17645-team17.isri.cmu.edu:8082, status 200, result: the+bounty+1984, punchline+1988, frenzy+1972, missing+1982, mystery_+alaska+1999, fuck+2005, written+on+the+wind+1956, the+letter+1940, one+eight+seven+1997, guilty+as+sin+1993, malice+1993, big+bad+mama+1974, people+like+us+2012, mobsters+1991, island+2011, battling+butler+1926, dark+passage+1947, they+made+me+a+criminal+1939, the+program+1993, exodus+1960, 287 ms"
"2022-02-08T19:23:24.409227,119642,recommendation request 17645-team17.isri.cmu.edu:8082, status 200, result: rollerball+1975, barbershop+2002, the+bounty+1984, my+man+godfrey+1957, ed+1996, double+team+1997, p.s.+2004, a+goofy+movie+1995, son+of+the+mask+2005, freaky+friday+1976, nims+island+2008, written+on+the+wind+1956, another+thin+man+1939, the+island+1980, topper+1937, jurassic+park+1993, kull+the+conqueror+1997, from+beyond+1986, have+rocket_+will+travel+1959, the+women+2008, 371 ms"
"2022-02-08T19:23:25.487843,144725,recommendation request 17645-team17.isri.cmu.edu:8082, status 200, result: drop+zone+1994, rollerball+1975, top+secret+1984, sleepers+1996, the+house+of+yes+1997, star+wars+episode+iii+-+revenge+of+the+sith+2005, secret+agent+1936, the+other+side+of+the+mountain+1975, the+addams+family+1991, light+it+up+1999, without+a+paddle+2004, a+little+princess+1995, fulltime+killer+2001, in+too+deep+1999, the+verdict+1982, wake+of+death+2004, planet+of+the+apes+2001, hackers+1995, the+mighty+1998, changing+lanes+2002, 419 ms"
"2022-02-08T19:23:26.533806,58385,recommendation request 17645-team17.isri.cmu.edu:8082, status 200, result: arranged+2007, rollerball+1975, dial+m+for+murder+1954, dig+2004, in+the+mouth+of+madness+1994, who+am+i+1998, i+love+trouble+1994, beyond+hypothermia+1996, frenzy+1972, true+crime+1996, never+again+2002, bean+1997, foo+fighters+back+and+forth+2011, star+wars+1977, gun+shy+2000, once+upon+a+time+in+china+ii+1992, planet+of+the+apes+2001, still+bill+2010, clockwatchers+1997, mo+money+1992, 407 ms"
"2022-02-08T19:23:26.597734,168061,recommendation request 17645-team17.isri.cmu.edu:8082, status 200, result: dead+of+winter+1987, drop+zone+1994, switchback+1997, barbershop+2002, sleepers+1996, the+golden+voyage+of+sinbad+1973, mission+to+mir+1997, light+it+up+1999, lethal+weapon+3+1992, fuck+2005, dick+tracy+1990, pitch+black+2000, casper+1995, another+thin+man+1939, phoenix+1998, the+island+1980, the+saint+1997, the+client+1994, jurassic+park+1993, kull+the+conqueror+1997, 501 ms"
"2022-02-08T19:23:26.598119,287377,recommendation request 17645-team17.isri.cmu.edu:8082, status 200, result: shampoo+1975, p.s.+2004, maze+2000, pitch+black+2000, casper+1995, the+beverly+hillbillies+1993, the+mummys+curse+1944, the+truman+show+1998, desk+set+1957, out+to+sea+1997, crush+2001, remember+the+night+1940, hook+1991, the+emperors+new+groove+2000, ratatouille+2007, the+mummys+hand+1940, chicken+little+2005, little+murders+1971, gung+ho+1986, the+allnighter+1987, 499 ms"
"2022-02-08T19:23:27.418434,20460,recommendation request 17645-team17.isri.cmu.edu:8082, status 200, result: remember+me+2010, step+up+revolution+2012, rollerball+1975, melody+time+1948, robot+stories+2003, coming+to+america+1988, p.s.+2004, loving+you+1957, the+other+side+of+the+mountain+1975, maze+2000, the+aristocats+1970, show+boat+1951, bachelor+in+paradise+1961, love+crazy+1941, saludos+amigos+1942, on+the+town+1949, battle+for+terra+2007, crush+2001, last+night+1998, made+of+honor+2008, 248 ms"
"2022-02-08T19:23:27.453384,235917,recommendation request 17645-team17.isri.cmu.edu:8082, status 200, result: shampoo+1975, cant+hardly+wait+1998, down+periscope+1996, rhinestone+1984, rollerball+1975, the+entertainer+1960, a+late+quartet+2012, black+sheep+1996, frenzy+1972, p.s.+2004, vampires+kiss+1988, that+was+then...+this+is+now+1985, in+the+line+of+fire+1993, duck+soup+1933, splash+1984, star+wars+1977, x2+2003, mothers+day+1980, the+man+with+one+red+shoe+1985, beyond+the+sea+2004, 344 ms"
"2022-02-08T19:23:28.616602,38414,recommendation request 17645-team17.isri.cmu.edu:8082, status 200, result: rollerball+1975, the+five+senses+1999, melody+time+1948, bossa+nova+2000, raging+bull+1980, 8+seconds+1994, the+proprietor+1996, sling+blade+1996, premium+rush+2012, the+way+2010, masterminds+1997, the+island+1980, saludos+amigos+1942, albatross+2011, the+mighty+1998, jurassic+park+1993, the+matrix+revolutions+2003, kull+the+conqueror+1997, rush+hour+3+2007, the+brave+one+2007, 540 ms"
"2022-02-08T19:23:28.615273,20847,recommendation request 17645-team17.isri.cmu.edu:8082, status 200, result: replicant+2001, american+virgin+2000, shower+1999, the+avengers+1998, the+wood+1999, the+dresser+1983, the+brother+from+another+planet+1984, incognito+1997, the+brothers+mcmullen+1995, dick+tracy+1990, ping+pong+playa+2007, apocalypto+2006, the+saint+1997, analyze+that+2002, albatross+2011, gone+in+sixty+seconds+2000, the+matrix+revolutions+2003, junebug+2005, the+brave+one+2007, six+weeks+1982, 511 ms"
"2022-02-08T19:23:28.669861,3658,recommendation request 17645-team17.isri.cmu.edu:8082, status 200, result: cry+freedom+1987, my+man+godfrey+1957, 8+seconds+1994, ed+1996, japanese+story+2003, guest+house+paradiso+1999, nothing+to+lose+1994, moving+1988, slumdog+millionaire+2008, desk+set+1957, out+to+sea+1997, junebug+2005, juice+1992, mobsters+1991, murphys+romance+1985, the+tree+of+life+2011, free+willy+3+the+rescue+1997, quartet+1981, hopscotch+1980, singham+2011, 567 ms"
"2022-02-08T19:23:28.696982,275193,recommendation request 17645-team17.isri.cmu.edu:8082, status 200, result: drop+zone+1994, rollerball+1975, 28+weeks+later+2007, the+conspiracy+2012, street+fighter+the+legend+of+chun-li+2009, p.s.+2004, missing+1982, last+holiday+2006, mystery_+alaska+1999, around+the+bend+2004, maze+2000, altered+2006, mutiny+on+the+bounty+1962, the+brothers+mcmullen+1995, one+eight+seven+1997, guilty+as+sin+1993, planet+of+the+apes+2001, the+brothers+2001, junebug+2005, crush+2001, 592 ms"
"2022-02-08T19:23:28.722657,125166,recommendation request 17645-team17.isri.cmu.edu:8082, status 200, result: eyewitness+1981, barbershop+2002, six+pack+1982, major+league+ii+1994, p.s.+2004, a+goofy+movie+1995, rambo+first+blood+part+ii+1985, maze+2000, a+family+thing+1996, freaky+friday+1976, another+thin+man+1939, moving+1988, harry+and+tonto+1974, the+brothers+2001, modesty+blaise+1966, crush+2001, the+incredible+hulk+2008, hopscotch+1980, untitled+2009, today+you+die+2005, 610 ms"
"2022-02-08T19:23:28.759225,189994,recommendation request 17645-team17.isri.cmu.edu:8082, status 200, result: cry+freedom+1987, the+wood+1999, the+last+of+the+mohicans+1992, p.s.+2004, dont+move+2004, son+of+the+mask+2005, warriors+2002, the+other+side+of+the+mountain+1975, an+amazing+couple+2002, the+lucky+ones+2008, code+of+silence+1985, frenzy+1972, the+andromeda+strain+1971, 42nd+street+1933, psycho+1998, even+the+rain+2010, holy+motors+2012, phoenix+1998, topper+1937, dry+cleaning+1997, 627 ms"
"2022-02-08T19:23:29.404376,177346,recommendation request 17645-team17.isri.cmu.edu:8082, status 200, result: narc+2002, drop+zone+1994, cry+freedom+1987, rollerball+1975, my+man+godfrey+1957, ed+1996, james+and+the+giant+peach+1996, the+conspiracy+2012, star+wars+episode+iii+-+revenge+of+the+sith+2005, a+goofy+movie+1995, missing+1982, the+official+story+1985, die+another+day+2002, jungle+fever+1991, birdy+1984, planet+of+the+apes+2001, the+client+1994, macabre+1958, serial+1980, island+2011, 316 ms"
"2022-02-08T19:23:30.492452,177653,recommendation request 17645-team17.isri.cmu.edu:8082, status 200, result: the+perfect+score+2004, edmond+2005, p.s.+2004, dont+move+2004, the+other+side+of+the+mountain+1975, light+it+up+1999, nims+island+2008, harem+1985, the+longest+yard+1974, hook+1991, benji+1974, get+real+1998, foxes+1980, undertow+2004, the+hand+1981, l.i.e.+2001, were+no+angels+1955, 12+dates+of+christmas+2011, tangled+2010, herbie+fully+loaded+2005, 376 ms"
"2022-02-08T19:23:30.722732,140021,recommendation request 17645-team17.isri.cmu.edu:8082, status 200, result: dark+city+1950, the+snowman+1982, solomon+kane+2009, shaft+in+africa+1973, the+other+side+of+the+mountain+1975, maze+2000, the+brothers+mcmullen+1995, 42nd+street+1933, on+moonlight+bay+1951, moving+1988, beneath+the+planet+of+the+apes+1970, look+whos+talking+too+1990, crush+2001, conan+the+barbarian+1982, island+2011, juno+2007, get+real+1998, d.a.r.y.l.+1985, happily+ever+after+2004, charade+1963, 587 ms"
"2022-02-08T19:23:30.779145,179652,recommendation request 17645-team17.isri.cmu.edu:8082, status 200, result: barbershop+2002, warriors+2002, light+it+up+1999, strait-jacket+1964, brimstone++treacle+1982, pretty+baby+1978, pitch+black+2000, another+thin+man+1939, critters+1986, even+the+rain+2010, private+parts+1972, holy+motors+2012, fabled+2002, working+girl+1988, shes+having+a+baby+1988, island+2011, texasville+1990, the+fan+1981, absolute+power+1997, jennifer+eight+1992, 617 ms"
"2022-02-08T19:23:30.779211,142757,recommendation request 17645-team17.isri.cmu.edu:8082, status 200, result: cry+freedom+1987, the+proprietor+1996, the+brother+from+another+planet+1984, spirit+stallion+of+the+cimarron+2002, detective+story+1951, z+1969, the+godfather+part+iii+1990, private+parts+1972, the+poughkeepsie+tapes+2007, marooned+1969, white+palace+1990, island+2011, ali+2001, jennifer+eight+1992, come+see+the+paradise+1990, they+made+me+a+criminal+1939, shrek+the+third+2007, the+survivors+1983, poltergeist+iii+1988, get+real+1998, 623 ms"
"2022-02-08T19:23:30.779192,28534,recommendation request 17645-team17.isri.cmu.edu:8082, status 200, result: nothing+but+trouble+1991, the+westerner+1940, james+and+the+giant+peach+1996, frenzy+1972, a+goofy+movie+1995, p.s.+2004, barbarosa+1982, incognito+1997, a+little+princess+1995, tap+1989, ghoulies+ii+1987, still+bill+2010, beyond+the+sea+2004, rude+boy+1980, juice+1992, island+2011, oh_+god+book+ii+1980, an+american+carol+2008, the+art+of+war+2000, jennifer+eight+1992, 658 ms"
"2022-02-08T19:23:30.779226,53681,recommendation request 17645-team17.isri.cmu.edu:8082, status 200, result: my+man+godfrey+1957, ed+1996, guest+house+paradiso+1999, barbarosa+1982, without+a+paddle+2004, dick+tracy+1990, big+trouble+2002, junebug+2005, mobsters+1991, conan+the+barbarian+1982, the+fury+1978, hopscotch+1980, my+one+and+only+2009, dinoshark+2010, bingo+1991, dungeons++dragons+2000, bulletproof+1996, longford+2006, blame+it+on+the+bellboy+1992, bring+it+on+again+2004, 636 ms"
"2022-02-08T19:23:31.396835,284437,recommendation request 17645-team17.isri.cmu.edu:8082, status 200, result: eyewitness+1981, melody+time+1948, deep+rising+1998, lethal+weapon+3+1992, the+aristocats+1970, bean+1997, saludos+amigos+1942, patriot+games+1992, winnie+the+pooh+2011, shes+having+a+baby+1988, juice+1992, the+matrix+1999, the+incredible+hulk+2008, breakdown+1997, hopscotch+1980, dinoshark+2010, today+you+die+2005, ratatouille+2007, indestructible+man+1956, fire+down+below+1997, 277 ms"
"2022-02-08T19:23:31.426758,210245,recommendation request 17645-team17.isri.cmu.edu:8082, status 200, result: wreck-it+ralph+2012, cry+freedom+1987, ed+1996, p.s.+2004, a+goofy+movie+1995, walle+2008, maze+2000, the+aristocats+1970, freaky+friday+1976, casper+1995, one+man+band+2005, the+island+1980, the+brothers+2001, jurassic+park+1993, shes+having+a+baby+1988, murphys+romance+1985, crush+2001, lifted+2006, hook+1991, made+of+honor+2008, 269 ms"
"2022-02-08T19:23:31.518083,122210,recommendation request 17645-team17.isri.cmu.edu:8082, status 200, result: the+dresser+1983, lucky+them+2013, nine+lives+2005, the+conspiracy+2012, that+was+then...+this+is+now+1985, redline+2007, ice+castles+1978, the+letter+1940, phoenix+1998, guilty+as+sin+1993, the+pact+2012, albatross+2011, the+boys+are+back+2009, condition+red+1995, away+from+her+2006, sonny+2002, from+here+to+eternity+1953, ali+2001, money+for+nothing+1993, six+weeks+1982, 397 ms"
"2022-02-08T19:23:32.477501,101773,recommendation request 17645-team17.isri.cmu.edu:8082, status 200, result: p.s.+2004, father+of+the+bride+1991, lifeboat+1944, love+story+1970, masterminds+1997, the+devils+1971, the+reader+2008, stonewall+1995, topper+1937, the+truman+show+1998, mobsters+1991, remember+the+night+1940, 7+seconds+2005, blood+and+sand+1989, come+see+the+paradise+1990, the+idolmaker+1980, patton+1970, gung+ho+1986, tuvalu+1999, no+mercy+1986, 373 ms"
"2022-02-08T19:23:32.660047,157181,recommendation request 17645-team17.isri.cmu.edu:8082, status 200, result: drop+zone+1994, rollerball+1975, my+man+godfrey+1957, ed+1996, star+wars+episode+iii+-+revenge+of+the+sith+2005, the+other+side+of+the+mountain+1975, without+a+paddle+2004, ice+castles+1978, a+shock+to+the+system+1990, phoenix+1998, wake+of+death+2004, planet+of+the+apes+2001, running+scared+1986, changing+lanes+2002, the+juror+1996, from+here+to+eternity+1953, ali+2001, hopscotch+1980, the+loves+of+carmen+1948, today+you+die+2005, 544 ms"
"2022-02-08T19:23:32.679065,255638,recommendation request 17645-team17.isri.cmu.edu:8082, status 200, result: cry+freedom+1987, cazuza+time+doesnt+stop+2004, p.s.+2004, nothing+to+lose+1994, maze+2000, an+evening+with+kevin+smith+2002, behind+the+sun+2001, the+other+side+of+the+mountain+1975, a+little+princess+1995, the+island+1980, a+decade+under+the+influence+2003, shes+having+a+baby+1988, island+2011, crush+2001, hook+1991, blood+and+sand+1989, made+of+honor+2008, bingo+1991, rumble+fish+1983, ruby++quentin+2003, 536 ms"
"2022-02-08T19:23:32.710656,99955,recommendation request 17645-team17.isri.cmu.edu:8082, status 200, result: rollerball+1975, barbershop+2002, mary+poppins+1964, my+man+godfrey+1957, ed+1996, star+wars+episode+iii+-+revenge+of+the+sith+2005, frenzy+1972, true+crime+1996, light+it+up+1999, freaky+friday+1976, casper+1995, another+thin+man+1939, private+parts+1972, planet+of+the+apes+2001, marooned+1969, jurassic+park+1993, ali+2001, hook+1991, bingo+1991, today+you+die+2005, 592 ms"
"2022-02-08T19:23:32.746595,3500,recommendation request 17645-team17.isri.cmu.edu:8082, status 200, result: eyewitness+1981, the+last+of+the+mohicans+1992, a+goofy+movie+1995, p.s.+2004, maze+2000, dont+tell+her+its+me+1990, freaky+friday+1976, forrest+gump+1994, moving+1988, the+brothers+2001, for+keeps+1988, winnie+the+pooh+2011, free+willy+3+the+rescue+1997, shes+having+a+baby+1988, crush+2001, from+here+to+eternity+1953, the+women+2008, side+out+1990, hopscotch+1980, the+emperors+new+groove+2000, 621 ms"
"2022-02-08T19:23:32.747981,132090,recommendation request 17645-team17.isri.cmu.edu:8082, status 200, result: black+beauty+1994, the+perfect+score+2004, the+snowman+1982, the+errand+boy+1961, a+goofy+movie+1995, the+country+bears+2002, snow+dogs+2002, cabin+boy+1994, inception+2010, casper+1995, opportunity+knocks+1990, the+longest+yard+1974, jurassic+park+1993, look+whos+talking+too+1990, side+out+1990, above+the+law+1988, hook+1991, the+art+of+war+2000, jonah+hex+2010, sucker+punch+2011, 583 ms"
"2022-02-08T19:23:33.491256,31174,recommendation request 17645-team17.isri.cmu.edu:8082, status 200, result: remember+me+2010, n+1998, bill+cosby+himself+1983, the+dresser+1983, mary+poppins+1964, p.s.+2004, madeas+witness+protection+2012, nothing+to+lose+1994, freaky+friday+1976, this+is+the+end+2013, paul+2011, attack+the+gas+station+1999, casper+1995, johnny+english+2003, masterminds+1997, money+train+1995, albatross+2011, the+truman+show+1998, junebug+2005, juice+1992, 411 ms"
"2022-02-08T19:23:33.491227,53591,recommendation request 17645-team17.isri.cmu.edu:8082, status 200, result: cry+freedom+1987, rio+2+2014, forbidden+zone+1980, dark+city+1950, intersection+1994, the+conspiracy+2012, missing+1982, p.s.+2004, frenzy+1972, mystery_+alaska+1999, the+other+side+of+the+mountain+1975, the+aristocats+1970, spirit+stallion+of+the+cimarron+2002, father+of+the+bride+1991, one+eight+seven+1997, guilty+as+sin+1993, phoenix+1998, serial+1980, an+education+2009, juice+1992, 297 ms"
"2022-02-08T19:23:33.512903,126680,recommendation request 17645-team17.isri.cmu.edu:8082, status 200, result: shampoo+1975, top+secret+1984, 8+seconds+1994, the+golden+voyage+of+sinbad+1973, the+addams+family+1991, brimstone++treacle+1982, a+little+princess+1995, casper+1995, johnny+english+2003, random+hearts+1999, the+island+1980, my+fair+lady+1964, gravity+2013, 2010+moby+dick+2010, island+2011, texasville+1990, quartet+1981, jennifer+eight+1992, the+idolmaker+1980, chicken+little+2005, 318 ms"
"2022-02-08T19:23:33.524237,87885,recommendation request 17645-team17.isri.cmu.edu:8082, status 200, result: robot+stories+2003, oh_+god+1977, book+of+shadows+blair+witch+2+2000, p.s.+2004, brimstone++treacle+1982, spirit+stallion+of+the+cimarron+2002, the+virgin+suicides+1999, moving+1988, for+keeps+1988, the+house+on+sorority+row+1983, conan+the+barbarian+1982, last+night+1998, dinoshark+2010, dugs+special+mission+2009, ratatouille+2007, dungeons++dragons+2000, patton+1970, thir13en+ghosts+2001, shrek+the+third+2007, cars+2006, 330 ms"
"2022-02-08T19:23:34.432531,266834,recommendation request 17645-team17.isri.cmu.edu:8082, status 200, result: the+wiz+1978, back+to+the+future+part+iii+1990, a+simple+wish+1997, back+to+the+future+part+ii+1989, harry+and+the+hendersons+1987, an+american+tail+1986, alice+in+wonderland+1933, casper+1995, explorers+1985, back+to+the+future+1985, balto+1995, escape+to+witch+mountain+1975, darby+ogill+and+the+little+people+1959, jurassic+park+1993, the+shadow+1994, magic+in+the+water+1995, return+from+witch+mountain+1978, hook+1991, dinotopia+2002, batteries+not+included+1987, 273 ms"
"2022-02-08T19:23:34.438489,120813,recommendation request 17645-team17.isri.cmu.edu:8082, status 200, result: rollerball+1975, the+last+of+the+mohicans+1992, the+longest+day+1962, intersection+1994, loving+you+1957, the+promise+2005, all+the+mornings+of+the+world+1991, an+amazing+couple+2002, 633+squadron+1964, a+little+princess+1995, z+1969, the+island+1980, planet+of+the+apes+2001, the+yakuza+1974, jurassic+park+1993, serial+1980, kull+the+conqueror+1997, murphys+romance+1985, a+place+in+the+sun+1951, the+curse+of+the+cat+people+1944, 335 ms"
"2022-02-08T19:23:34.443524,169427,recommendation request 17645-team17.isri.cmu.edu:8082, status 200, result: eyewitness+1981, drop+zone+1994, switchback+1997, dark+city+1950, the+last+of+the+mohicans+1992, intersection+1994, the+conspiracy+2012, childs+play+3+1991, 633+squadron+1964, the+bridge+at+remagen+1969, inception+2010, the+saint+1997, 9+2005, the+comancheros+1961, platoon+1986, man+of+la+mancha+1972, from+dusk+till+dawn+1996, blind+fury+1989, island+2011, burnt+offerings+1976, 307 ms"
"2022-02-08T19:23:34.453652,29752,recommendation request 17645-team17.isri.cmu.edu:8082, status 200, result: american+virgin+2000, eyewitness+1981, rollerball+1975, bill+cosby+himself+1983, suburban+commando+1991, p.s.+2004, the+promise+2005, spy+kids+3-d+game+over+2003, wake+of+death+2004, planet+of+the+apes+2001, murphys+romance+1985, the+living+daylights+1987, scary+movie+5+2013, beyond+therapy+1987, hopscotch+1980, leprechaun+2+1994, an+american+carol+2008, today+you+die+2005, hav+plenty+1997, eating+raoul+1982, 293 ms"
"2022-02-08T19:23:35.406426,289408,recommendation request 17645-team17.isri.cmu.edu:8082, status 200, result: roberta+1935, red+rock+west+1993, origin+spirits+of+the+past+2006, arizona+dream+1993, the+snowman+1982, inadequate+people+2010, rendezvous+in+paris+1995, suddenly+1954, the+sky+crawlers+2008, niagara+1953, kikis+delivery+service+1989, i+do+2006, the+taste+of+others+2000, priceless+2006, ninja+scroll+1993, aladdin+1992, phoenix+1998, the+girl+on+the+bridge+1999, the+housekeeper+2002, only+yesterday+1991, 331 ms"
"2022-02-08T19:23:35.434193,220571,recommendation request 17645-team17.isri.cmu.edu:8082, status 200, result: the+cat+in+the+hat+2003, cry+freedom+1987, curdled+1996, barbershop+2002, nothing+but+trouble+1991, six+pack+1982, about+last+night...+1986, ed+1996, p.s.+2004, maze+2000, lethal+weapon+3+1992, incognito+1997, a+family+thing+1996, in+the+line+of+fire+1993, casper+1995, babe+pig+in+the+city+1998, another+thin+man+1939, harry+and+tonto+1974, moving+1988, dead+reckoning+1947, 362 ms"
"2022-02-08T19:23:35.435652,289945,recommendation request 17645-team17.isri.cmu.edu:8082, status 200, result: the+perfect+score+2004, the+cat+in+the+hat+2003, drop+zone+1994, ed+1996, p.s.+2004, courage+under+fire+1996, maze+2000, normal+life+1996, without+a+paddle+2004, vision+quest+1985, a+little+princess+1995, pitch+black+2000, the+witches+of+eastwick+1987, wake+of+death+2004, the+brothers+2001, how+the+grinch+stole+christmas+2000, the+longest+yard+1974, junebug+2005, changing+lanes+2002, crush+2001, 367 ms"
"2022-02-08T19:23:36.686191,49427,recommendation request 17645-team17.isri.cmu.edu:8082, status 200, result: sullivans+travels+1941, bill+cosby+himself+1983, forbidden+zone+1980, melody+time+1948, mary+poppins+1964, intersection+1994, the+conspiracy+2012, last+holiday+2006, p.s.+2004, crossroads+2002, son+of+the+mask+2005, the+country+bears+2002, snow+dogs+2002, big+hero+6+2014, the+aristocats+1970, without+a+paddle+2004, freaky+friday+1976, saludos+amigos+1942, macabre+1958, serial+1980, 441 ms"
"2022-02-08T19:23:36.683620,114968,recommendation request 17645-team17.isri.cmu.edu:8082, status 200, result: eyewitness+1981, drop+zone+1994, about+last+night...+1986, the+errand+boy+1961, p.s.+2004, the+other+side+of+the+mountain+1975, maze+2000, without+a+paddle+2004, a+family+thing+1996, cabin+boy+1994, inception+2010, pitch+black+2000, excision+2012, iris+2001, the+saint+1997, wake+of+death+2004, an+education+2009, changing+lanes+2002, crush+2001, side+out+1990, 420 ms"
"2022-02-08T19:23:36.686361,297555,recommendation request 17645-team17.isri.cmu.edu:8082, status 200, result: black+beauty+1994, agnes+of+god+1985, barbarosa+1982, the+wash+2001, detective+story+1951, a+little+princess+1995, psycho+1998, in+too+deep+1999, the+letter+1940, winnie+the+pooh+2011, shes+having+a+baby+1988, jennifer+eight+1992, ratatouille+2007, spasmo+1974, city+of+ember+2008, tangled+2010, leap+of+faith+1992, 3+strikes+2000, single+white+female+1992, the+confessional+1995, 423 ms"
"2022-02-08T19:23:37.378099,184420,recommendation request 17645-team17.isri.cmu.edu:8082, status 200, result: toys+1992, the+call+of+cthulhu+2005, its+all+about+love+2003, hero+1992, the+conspiracy+2012, heart+condition+1990, altered+2006, lethal+weapon+3+1992, cq+2001, crossroads+1986, multiplicity+1996, atlas+shrugged+part+i+2011, aliens+vs+predator+requiem+2007, from+beyond+1986, the+beyond+1981, the+matrix+1999, the+fury+1978, dinoshark+2010, firestarter+1984, inseminoid+1981, 313 ms"
"2022-02-08T19:23:37.489355,112096,recommendation request 17645-team17.isri.cmu.edu:8082, status 200, result: rollerball+1975, star+wars+episode+iii+-+revenge+of+the+sith+2005, frenzy+1972, true+crime+1996, a+slave+of+love+1976, detective+story+1951, private+parts+1972, the+poughkeepsie+tapes+2007, the+yakuza+1974, the+client+1994, planet+of+the+apes+2001, from+dusk+till+dawn+1996, above+the+law+1988, 7+seconds+2005, jennifer+eight+1992, they+made+me+a+criminal+1939, elena+2011, poltergeist+iii+1988, fire+down+below+1997, house+of+wax+1953, 420 ms"
"2022-02-08T19:23:37.438418,259144,recommendation request 17645-team17.isri.cmu.edu:8082, status 200, result: mary+poppins+1964, flodder+1986, sleeping+beauty+1959, fuck+2005, a+little+princess+1995, gumby+the+movie+1995, the+yakuza+1974, good+old+daze+1994, junebug+2005, desk+set+1957, out+to+sea+1997, shes+having+a+baby+1988, island+2011, side+out+1990, flowers+in+the+attic+1987, my+one+and+only+2009, they+made+me+a+criminal+1939, masti+2004, fire+down+below+1997, unfaithfully+yours+1984, 347 ms"
"2022-02-08T19:23:37.514387,142351,recommendation request 17645-team17.isri.cmu.edu:8082, status 200, result: eyewitness+1981, red+dawn+1984, frenzy+1972, deep+rising+1998, analyze+this+1999, wildcats+1986, forrest+gump+1994, fulltime+killer+2001, in+too+deep+1999, moving+1988, masterminds+1997, the+yakuza+1974, money+train+1995, gone+in+sixty+seconds+2000, modesty+blaise+1966, shes+having+a+baby+1988, juice+1992, the+living+daylights+1987, scarface+1932, above+the+law+1988, 436 ms"
"2022-02-08T19:23:38.407218,220569,recommendation request 17645-team17.isri.cmu.edu:8082, status 200, result: bill+cosby+himself+1983, 8+seconds+1994, the+conspiracy+2012, the+amazing+spider-man+2012, the+golden+voyage+of+sinbad+1973, maze+2000, macgruber+2010, the+brothers+mcmullen+1995, masterminds+1997, phoenix+1998, live+2007, macabre+1958, crush+2001, island+2011, beyond+therapy+1987, above+the+law+1988, juno+2007, peepli+live+2010, last+man+standing+1996, never+let+me+go+2010, 294 ms"
"2022-02-08T19:23:38.444794,160946,recommendation request 17645-team17.isri.cmu.edu:8082, status 200, result: eyewitness+1981, switchback+1997, p.s.+2004, maze+2000, code+of+silence+1985, a+family+thing+1996, gods+not+dead+2014, bean+1997, moving+1988, phoenix+1998, the+brothers+2001, the+mighty+1998, modesty+blaise+1966, free+willy+3+the+rescue+1997, yours_+mine+and+ours+1968, crush+2001, island+2011, the+hot+spot+1990, the+man+who+knew+too+much+1956, hopscotch+1980, 330 ms"
"2022-02-08T19:23:38.456759,214514,recommendation request 17645-team17.isri.cmu.edu:8082, status 200, result: black+beauty+1994, alexander+nevsky+1938, hamlet+1964, harry+potter+and+the+order+of+the+phoenix+2007, ivans+childhood+1962, a+little+princess+1995, bogus+1996, the+human+condition+ii+road+to+eternity+1959, the+ascent+1977, inkheart+2008, harry+potter+and+the+deathly+hallows+part+2+2011, prisoner+of+the+mountains+1996, harry+potter+and+the+prisoner+of+azkaban+2004, excalibur+1981, wings+1966, into+the+west+1992, war+and+peace+1966, little+monsters+1989, war+and+peace+1956, ballad+of+a+soldier+1959, 345 ms"
"2022-02-08T19:23:39.426291,291995,recommendation request 17645-team17.isri.cmu.edu:8082, status 200, result: north+by+northwest+1959, dead+of+winter+1987, the+conspiracy+2012, a+goofy+movie+1995, red+dawn+1984, p.s.+2004, big+hero+6+2014, snow+dogs+2002, the+aristocats+1970, a+family+thing+1996, lifeboat+1944, masterminds+1997, the+reader+2008, macabre+1958, cars+2+2011, the+living+daylights+1987, above+the+law+1988, the+fan+1981, ratatouille+2007, tuvalu+1999, 349 ms"
"2022-02-08T19:23:39.531736,289413,recommendation request 17645-team17.isri.cmu.edu:8082, status 200, result: abandon+2002, the+family+man+2000, eyewitness+1981, gotcha+1985, sleepers+1996, red+dawn+1984, p.s.+2004, courage+under+fire+1996, that+was+then...+this+is+now+1985, the+last+minute+2001, for+your+eyes+only+1981, freaky+friday+1976, birdy+1984, the+santa+clause+3+the+escape+clause+2006, the+letter+1940, titanic+1997, phoenix+1998, harem+1985, the+yakuza+1974, the+client+1994, 413 ms"
"2022-02-08T19:23:39.535644,96749,recommendation request 17645-team17.isri.cmu.edu:8082, status 200, result: black+beauty+1994, nims+island+2008, made+in+u.s.a+1966, trail+of+the+pink+panther+1982, a+little+princess+1995, curse+of+the+pink+panther+1983, changing+lanes+2002, conan+the+barbarian+1982, help+1965, hook+1991, bingo+1991, dungeons++dragons+2000, the+muppet+movie+1979, rock+n+roll+high+school+1979, fire+down+below+1997, boy+a+2007, somewhere+in+the+city+1998, l.i.e.+2001, city+of+ember+2008, 3+strikes+2000, 455 ms"
"2022-02-08T19:23:39.560103,101822,recommendation request 17645-team17.isri.cmu.edu:8082, status 200, result: drop+zone+1994, barbershop+2002, six+pack+1982, lockout+2012, 8+seconds+1994, sling+blade+1996, once+bitten+1985, a+family+thing+1996, a+little+princess+1995, birdy+1984, haywire+2011, another+thin+man+1939, harry+and+tonto+1974, harem+1985, four+brothers+2005, the+mighty+1998, m.+butterfly+1993, heartbreakers+2001, quartet+1981, hook+1991, 449 ms"
"2022-02-08T19:23:39.587980,159057,recommendation request 17645-team17.isri.cmu.edu:8082, status 200, result: sullivans+travels+1941, bill+cosby+himself+1983, rollerball+1975, a+chinese+ghost+story+ii+1990, about+last+night...+1986, last+holiday+2006, maze+2000, lethal+weapon+3+1992, without+a+paddle+2004, cabin+boy+1994, dick+tracy+1990, ping+pong+playa+2007, the+yakuza+1974, planet+of+the+apes+2001, gravity+2013, the+truman+show+1998, shes+having+a+baby+1988, the+game+1997, island+2011, crush+2001, 470 ms"
"2022-02-08T19:23:40.380545,154125,recommendation request 17645-team17.isri.cmu.edu:8082, status 200, result: rollerball+1975, the+house+of+yes+1997, cookie+1989, sling+blade+1996, code+of+silence+1985, vision+quest+1985, a+little+princess+1995, dick+tracy+1990, apocalypto+2006, the+witches+of+eastwick+1987, phoenix+1998, steel+1997, planet+of+the+apes+2001, the+mighty+1998, the+hot+spot+1990, the+incredible+hulk+2008, romeo+is+bleeding+1993, little+murders+1971, back+to+the+future+part+ii+1989, beyond+the+poseidon+adventure+1979, 312 ms"
"2022-02-08T19:23:40.453980,93724,recommendation request 17645-team17.isri.cmu.edu:8082, status 200, result: n+1998, nothing+but+trouble+1991, p.s.+2004, cookie+1989, an+amazing+couple+2002, maze+2000, bean+1997, silver+city+2004, the+brothers+2001, junebug+2005, les+destines+sentimentales+2000, crush+2001, quartet+1981, voyage+to+the+beginning+of+the+world+1997, untitled+2009, my+one+and+only+2009, breakfast+on+pluto+2005, an+american+werewolf+in+paris+1997, patton+1970, every+which+way+but+loose+1978, 370 ms"
"2022-02-08T19:23:40.453999,222579,recommendation request 17645-team17.isri.cmu.edu:8082, status 200, result: avanti+1972, shampoo+1975, cant+hardly+wait+1998, romance+2012, fools+rush+in+1997, made+in+heaven+1987, p.s.+2004, loser+2000, afterglow+1997, five+times+two+2004, the+bishops+wife+1947, down+to+you+2000, splash+1984, beyond+the+clouds+1995, poetic+justice+1993, ruby+sparks+2012, cheeky+2000, sabrina+1954, big+daddy+1999, identification+of+a+woman+1982, 371 ms"
"2022-02-08T19:23:41.504680,293785,recommendation request 17645-team17.isri.cmu.edu:8082, status 200, result: eyewitness+1981, coldblooded+1995, mary+poppins+1964, 8+seconds+1994, a+goofy+movie+1995, the+addams+family+1991, code+of+silence+1985, once+bitten+1985, freaky+friday+1976, dumb+and+dumber+to+2014, phoenix+1998, 9+2005, winnie+the+pooh+2011, the+hot+spot+1990, m.+butterfly+1993, lifted+2006, quartet+1981, hopscotch+1980, the+emperors+new+groove+2000, today+you+die+2005, 478 ms"
"2022-02-08T19:23:41.555377,284381,recommendation request 17645-team17.isri.cmu.edu:8082, status 200, result: love+and+death+1975, viva+maria+1965, walle+2008, big+hero+6+2014, a+family+thing+1996, nims+island+2008, cars+2+2011, santa+claus+conquers+the+martians+1964, warriors+of+heaven+and+earth+2003, mobsters+1991, double+take+2001, time+after+time+1979, hook+1991, hopscotch+1980, azumi+2003, the+odessa+file+1974, bingo+1991, green+dragon+2001, stardust+memories+1980, little+monsters+1989, 549 ms"
"2022-02-08T19:23:42.446220,255113,recommendation request 17645-team17.isri.cmu.edu:8082, status 200, result: the+cat+in+the+hat+2003, rollerball+1975, about+last+night...+1986, picture+perfect+1997, ed+1996, p.s.+2004, maze+2000, bean+1997, the+letter+1940, guilty+as+sin+1993, how+the+grinch+stole+christmas+2000, desk+set+1957, crush+2001, side+out+1990, hook+1991, the+allnighter+1987, unfaithfully+yours+1984, back+to+the+future+part+ii+1989, dopamine+2003, divergent+2014, 363 ms"
"2022-02-08T19:23:42.459677,167978,recommendation request 17645-team17.isri.cmu.edu:8082, status 200, result: gleaming+the+cube+1989, curdled+1996, rollerball+1975, the+snowman+1982, star+wars+episode+iii+-+revenge+of+the+sith+2005, cazuza+time+doesnt+stop+2004, nothing+to+lose+1994, behind+the+sun+2001, johnny+english+2003, grand+canyon+1991, the+verdict+1982, private+parts+1972, the+poughkeepsie+tapes+2007, planet+of+the+apes+2001, the+island+1980, junebug+2005, the+hitch-hiker+1953, mobsters+1991, from+here+to+eternity+1953, ali+2001, 371 ms"
"2022-02-08T19:23:42.473822,49117,recommendation request 17645-team17.isri.cmu.edu:8082, status 200, result: curdled+1996, drop+zone+1994, rollerball+1975, six+pack+1982, major+league+ii+1994, code+of+silence+1985, vision+quest+1985, a+family+thing+1996, a+little+princess+1995, moving+1988, harry+and+tonto+1974, the+witches+of+eastwick+1987, phoenix+1998, the+saint+1997, planet+of+the+apes+2001, changing+lanes+2002, the+hitch-hiker+1953, mobsters+1991, the+incredible+hulk+2008, the+hot+spot+1990, 383 ms"
"2022-02-08T19:23:43.359250,185831,recommendation request 17645-team17.isri.cmu.edu:8082, status 200, result: black+beauty+1994, cry+freedom+1987, rollerball+1975, el+topo+1970, under+siege+1992, lethal+weapon+3+1992, running+free+1999, the+alamo+1960, planet+of+the+apes+2001, opportunity+knocks+1990, free+willy+3+the+rescue+1997, the+matrix+1999, above+the+law+1988, indestructible+man+1956, melvin+and+howard+1980, benji+1974, rock+n+roll+high+school+1979, beyond+the+poseidon+adventure+1979, divergent+2014, l.i.e.+2001, 355 ms"
"2022-02-08T19:23:43.345525,202999,recommendation request 17645-team17.isri.cmu.edu:8082, status 200, result: cry+freedom+1987, 8+seconds+1994, double+team+1997, capricorn+one+1977, p.s.+2004, the+other+side+of+the+mountain+1975, maze+2000, pitch+black+2000, another+thin+man+1939, masterminds+1997, where+the+heart+is+2000, hellboy+2004, a+patch+of+blue+1965, the+brothers+2001, white+palace+1990, going+the+distance+2010, waiting+to+exhale+1995, crush+2001, the+incredible+hulk+2008, the+women+2008, 312 ms"
"2022-02-08T19:23:44.445919,262635,recommendation request 17645-team17.isri.cmu.edu:8082, status 200, result: the+longest+day+1962, punchline+1988, oh_+god+1977, frenzy+1972, p.s.+2004, carnosaur+2+1995, pauly+shore+is+dead+2003, light+it+up+1999, in+the+line+of+fire+1993, lifeboat+1944, grand+illusion+1937, moving+1988, the+verdict+1982, beyond+the+sea+2004, bottle+rocket+1996, in+harms+way+1965, juice+1992, ali+2001, x+the+unknown+1956, oh_+god+book+ii+1980, 360 ms"
"2022-02-08T19:23:44.549107,209536,recommendation request 17645-team17.isri.cmu.edu:8082, status 200, result: eyewitness+1981, drop+zone+1994, barbershop+2002, sleepers+1996, suburban+commando+1991, the+conspiracy+2012, last+holiday+2006, street+fighter+the+legend+of+chun-li+2009, spy+kids+3-d+game+over+2003, johnny+english+2003, another+thin+man+1939, critters+1986, private+parts+1972, planet+of+the+apes+2001, the+client+1994, the+hidden+1987, desk+set+1957, out+to+sea+1997, high+sierra+1941, today+you+die+2005, 464 ms"
"2022-02-08T19:23:44.620114,37610,recommendation request 17645-team17.isri.cmu.edu:8082, status 200, result: drop+zone+1994, rollerball+1975, the+avengers+1998, robot+stories+2003, capricorn+one+1977, p.s.+2004, barbarosa+1982, without+a+paddle+2004, northfork+2003, father+of+the+bride+1991, cabin+boy+1994, chronicle+2012, the+beverly+hillbillies+1993, moving+1988, national+lampoons+vacation+1983, paparazzi+2004, wake+of+death+2004, planet+of+the+apes+2001, desk+set+1957, changing+lanes+2002, 513 ms"
"2022-02-08T19:23:44.672348,21165,recommendation request 17645-team17.isri.cmu.edu:8082, status 200, result: jesus+christ+superstar+1973, the+proprietor+1996, p.s.+2004, mystery_+alaska+1999, maze+2000, gods+not+dead+2014, detective+story+1951, z+1969, birdy+1984, harry+and+tonto+1974, silver+city+2004, the+brothers+2001, beyond+the+sea+2004, junebug+2005, crush+2001, eight+men+out+1988, my+one+and+only+2009, untitled+2009, jennifer+eight+1992, come+see+the+paradise+1990, 560 ms"
"2022-02-08T19:23:44.674282,175817,recommendation request 17645-team17.isri.cmu.edu:8082, status 200, result: rollerball+1975, thunderbolt+and+lightfoot+1974, the+proprietor+1996, rancho+deluxe+1975, star+wars+episode+iii+-+revenge+of+the+sith+2005, p.s.+2004, barbarosa+1982, light+it+up+1999, maze+2000, dont+tell+her+its+me+1990, detective+story+1951, birdy+1984, dick+tracy+1990, inception+2010, the+godfather+part+iii+1990, moving+1988, lightning+jack+1994, harem+1985, planet+of+the+apes+2001, sanjuro+1962, 562 ms"
"2022-02-08T19:23:45.456377,191147,recommendation request 17645-team17.isri.cmu.edu:8082, status 200, result: scrooged+1988, capricorn+one+1977, rapid+fire+1992, off+limits+1988, reach+the+rock+1998, p.s.+2004, the+driver+1978, the+bishops+wife+1947, chronicle+2012, planet+of+the+apes+1968, paparazzi+2004, shopping+1994, planet+of+the+apes+2001, stardom+2000, clockwatchers+1997, junebug+2005, in+hell+2003, my+one+and+only+2009, s.f.w.+1994, angela+1995, 378 ms"
"2022-02-08T19:23:47.554289,44149,recommendation request 17645-team17.isri.cmu.edu:8082, status 200, result: donovans+reef+1963, nine+lives+2005, suddenly+1954, parking+2008, horse+feathers+1932, the+other+side+of+the+mountain+1975, midnight+1939, the+mother+2003, never+again+2002, i+do+2006, phoenix+1998, for+keeps+1988, away+from+her+2006, serial+1980, warriors+of+heaven+and+earth+2003, ashes+of+time+1994, romeo+is+bleeding+1993, blackrock+1997, endurance+1999, hero+2002, 448 ms"
"2022-02-08T19:23:47.582103,124561,recommendation request 17645-team17.isri.cmu.edu:8082, status 200, result: shampoo+1975, wreck-it+ralph+2012, mickeys+once+upon+a+christmas+1999, robot+stories+2003, 8+seconds+1994, p.s.+2004, a+goofy+movie+1995, the+other+side+of+the+mountain+1975, the+aristocats+1970, nims+island+2008, chicken+run+2000, random+hearts+1999, company+man+2000, the+matrix+revolutions+2003, cars+2+2011, junebug+2005, the+farmers+wife+2012, the+brave+one+2007, the+women+2008, last+night+1998, 505 ms"
"2022-02-08T19:23:47.606905,241229,recommendation request 17645-team17.isri.cmu.edu:8082, status 200, result: eyewitness+1981, rollerball+1975, the+last+of+the+mohicans+1992, the+longest+day+1962, oh_+god+1977, beauty+shop+2005, courage+under+fire+1996, show+boat+1951, 633+squadron+1964, black+widow+1987, moving+1988, bachelor+in+paradise+1961, star+wars+1977, the+boston+strangler+1968, love+crazy+1941, the+witches+of+eastwick+1987, planet+of+the+apes+2001, on+the+town+1949, atlas+shrugged+part+i+2011, so+fine+1981, 499 ms"
"2022-02-08T19:23:47.673819,139774,recommendation request 17645-team17.isri.cmu.edu:8082, status 200, result: love+jones+1997, about+last+night...+1986, road+to+morocco+1942, p.s.+2004, deep+rising+1998, carnosaur+2+1995, maze+2000, normal+life+1996, caveman+1981, i+shot+a+man+in+vegas+1996, dead+reckoning+1947, company+man+2000, the+brothers+2001, working+girl+1988, junebug+2005, look+whos+talking+too+1990, crush+2001, side+out+1990, x+the+unknown+1956, singham+2011, 598 ms"
"2022-02-08T19:23:47.845344,242545,recommendation request 17645-team17.isri.cmu.edu:8082, status 200, result: gleaming+the+cube+1989, eyewitness+1981, cry+freedom+1987, the+five+senses+1999, 8+seconds+1994, the+proprietor+1996, raging+bull+1980, the+other+side+of+the+mountain+1975, bad+girls+1994, c.h.o.m.p.s.+1979, grand+canyon+1991, the+verdict+1982, bully+2011, white+palace+1990, junebug+2005, modesty+blaise+1966, island+2011, mobsters+1991, hook+1991, hopscotch+1980, 735 ms"
"2022-02-08T19:23:47.858890,277060,recommendation request 17645-team17.isri.cmu.edu:8082, status 200, result: about+last+night...+1986, the+proprietor+1996, book+of+shadows+blair+witch+2+2000, the+conspiracy+2012, doc+hollywood+1991, frenzy+1972, maze+2000, z+1969, the+letter+1940, private+parts+1972, back+to+school+1986, the+poughkeepsie+tapes+2007, the+wizard+1989, juice+1992, crush+2001, class+1983, ever+after+a+cinderella+story+1998, side+out+1990, jennifer+eight+1992, easy+money+1983, 756 ms"
"2022-02-08T19:23:47.914196,243470,recommendation request 17645-team17.isri.cmu.edu:8082, status 200, result: missing+1982, mystery_+alaska+1999, code+of+silence+1985, cabin+boy+1994, spy+kids+3-d+game+over+2003, the+letter+1940, one+eight+seven+1997, guilty+as+sin+1993, harem+1985, phoenix+1998, murphys+romance+1985, island+2011, the+incredible+hulk+2008, the+hot+spot+1990, rushmore+1998, rock+n+roll+high+school+1979, the+allnighter+1987, crazy+love+2007, back+to+the+future+part+ii+1989, dopamine+2003, 812 ms"
"2022-02-08T19:23:47.930388,175721,recommendation request 17645-team17.isri.cmu.edu:8082, status 200, result: curdled+1996, rollerball+1975, the+longest+day+1962, ed+1996, the+proprietor+1996, family+plot+1976, the+brother+from+another+planet+1984, lifeboat+1944, grand+illusion+1937, casper+1995, the+blue+max+1966, company+man+2000, planet+of+the+apes+2001, marooned+1969, beneath+the+planet+of+the+apes+1970, the+matrix+revolutions+2003, battle+for+terra+2007, in+harms+way+1965, the+incredible+hulk+2008, the+brave+one+2007, 822 ms"
"2022-02-08T19:23:47.965937,287622,recommendation request 17645-team17.isri.cmu.edu:8082, status 200, result: cry+freedom+1987, ed+1996, the+proprietor+1996, an+amazing+couple+2002, jungle+fever+1991, detective+story+1951, z+1969, casper+1995, blackfish+2013, harem+1985, dry+cleaning+1997, still+bill+2010, full+speed+1996, jurassic+park+1993, hook+1991, jennifer+eight+1992, come+see+the+paradise+1990, crazy+love+2007, back+to+the+future+part+ii+1989, after+life+2002, 840 ms"
"2022-02-08T19:23:48.465709,201276,recommendation request 17645-team17.isri.cmu.edu:8082, status 400, result: movie 1 not found, 367 ms"
"2022-02-08T19:23:48.503839,76638,recommendation request 17645-team17.isri.cmu.edu:8082, status 200, result: american+virgin+2000, the+nest+2002, my+man+godfrey+1957, ed+1996, road+to+morocco+1942, book+of+shadows+blair+witch+2+2000, the+conspiracy+2012, true+crime+1996, freddy+got+fingered+2001, parker+2013, caveman+1981, inception+2010, in+too+deep+1999, national+lampoons+loaded+weapon+1+1993, national+lampoons+vacation+1983, the+matrix+revolutions+2003, saw+vi+2009, unfinished+business+2015, above+the+law+1988, 7+seconds+2005, 441 ms"
"2022-02-08T19:23:49.470588,260883,recommendation request 17645-team17.isri.cmu.edu:8082, status 200, result: rollerball+1975, suburban+commando+1991, the+house+of+yes+1997, ed+1996, the+snowman+1982, the+last+of+the+mohicans+1992, hollow+man+2000, big+hero+6+2014, without+a+paddle+2004, frankenstein+meets+the+wolf+man+1943, father+of+the+bride+1991, cabin+boy+1994, johnny+english+2003, moving+1988, the+mighty+1998, junebug+2005, ernest+in+the+army+1998, a+knights+tale+2001, hopscotch+1980, my+one+and+only+2009, 431 ms"
"2022-02-08T19:23:49.515034,221431,recommendation request 17645-team17.isri.cmu.edu:8082, status 200, result: cry+freedom+1987, six+pack+1982, the+million+dollar+hotel+2000, the+gauntlet+1977, the+snowman+1982, royal+deceit+1994, p.s.+2004, a+goofy+movie+1995, walle+2008, maze+2000, snow+dogs+2002, freaky+friday+1976, nims+island+2008, casper+1995, one+man+band+2005, where+the+heart+is+2000, working+girl+1988, cars+2+2011, jurassic+park+1993, crush+2001, 474 ms"
"2022-02-08T19:23:49.515336,8552,recommendation request 17645-team17.isri.cmu.edu:8082, status 200, result: barbara+2012, suburban+commando+1991, the+dresser+1983, the+house+of+yes+1997, missing+1982, mystery_+alaska+1999, lifeboat+1944, die+weisse+rose+1982, c.h.o.m.p.s.+1979, one+eight+seven+1997, guilty+as+sin+1993, signs+of+life+1968, albatross+2011, the+mighty+1998, bottle+rocket+1996, island+2011, crush+2001, conan+the+barbarian+1982, days+of+glory+1944, six+weeks+1982, 441 ms"
"2022-02-08T19:23:49.515311,224419,recommendation request 17645-team17.isri.cmu.edu:8082, status 200, result: cry+freedom+1987, rollerball+1975, bossa+nova+2000, star+wars+episode+iii+-+revenge+of+the+sith+2005, maze+2000, the+way+2010, father+of+the+bride+1991, cabin+boy+1994, masterminds+1997, planet+of+the+apes+2001, the+wizard+1989, money+train+1995, armed+and+dangerous+1986, desk+set+1957, out+to+sea+1997, the+truman+show+1998, serial+1980, crush+2001, white+palace+1990, ever+after+a+cinderella+story+1998, 433 ms"
"2022-02-08T19:23:49.524584,71009,recommendation request 17645-team17.isri.cmu.edu:8082, status 200, result: down+periscope+1996, rhinestone+1984, rollerball+1975, sprung+1997, star+trek+v+the+final+frontier+1989, star+wars+episode+iii+-+revenge+of+the+sith+2005, star+trek+nemesis+2002, never+again+2002, star+trek+insurrection+1998, the+pumaman+1980, punks+2000, iron+man+3+2013, star+wars+1977, megaforce+1982, return+of+the+jedi+1983, desk+set+1957, out+to+sea+1997, get+over+it+2001, john+carter+2012, star+wars+episode+ii+-+attack+of+the+clones+2002, 468 ms"
"2022-02-08T19:23:50.756951,88151,recommendation request 17645-team17.isri.cmu.edu:8082, status 200, result: the+cat+in+the+hat+2003, forbidden+zone+1980, ed+1996, the+conspiracy+2012, childs+play+3+1991, p.s.+2004, son+of+the+mask+2005, light+it+up+1999, casper+1995, psycho+1998, the+next+karate+kid+1994, excision+2012, the+verdict+1982, topper+1937, jaws+3-d+1983, how+the+grinch+stole+christmas+2000, another+earth+2011, beyond+the+sea+2004, the+serpent+and+the+rainbow+1988, dead+presidents+1995, 535 ms"
"2022-02-08T19:23:51.375681,258737,recommendation request 17645-team17.isri.cmu.edu:8082, status 200, result: eyewitness+1981, wreck-it+ralph+2012, the+five+senses+1999, the+million+dollar+hotel+2000, the+gauntlet+1977, raging+bull+1980, the+conspiracy+2012, a+goofy+movie+1995, maze+2000, the+aristocats+1970, detective+story+1951, the+brothers+mcmullen+1995, dead+reckoning+1947, malice+1993, the+yakuza+1974, macabre+1958, cars+2+2011, crush+2001, juno+2007, today+you+die+2005, 276 ms"
"2022-02-08T19:23:51.378296,159719,recommendation request 17645-team17.isri.cmu.edu:8082, status 200, result: cry+freedom+1987, rollerball+1975, about+last+night...+1986, melody+time+1948, star+wars+episode+iii+-+revenge+of+the+sith+2005, frenzy+1972, true+crime+1996, the+other+side+of+the+mountain+1975, maze+2000, ice+castles+1978, the+beverly+hillbillies+1993, saludos+amigos+1942, planet+of+the+apes+2001, running+scared+1986, desk+set+1957, changing+lanes+2002, crush+2001, from+here+to+eternity+1953, ali+2001, the+incredible+hulk+2008, 261 ms"
"2022-02-08T19:23:52.386128,60927,recommendation request 17645-team17.isri.cmu.edu:8082, status 200, result: barbershop+2002, melody+time+1948, mary+poppins+1964, aquamarine+2006, ghost+dad+1990, the+brother+from+another+planet+1984, that+darn+cat+1965, that+was+then...+this+is+now+1985, the+aristocats+1970, one+hundred+and+one+dalmatians+1961, freaky+friday+1976, northfork+2003, rudy+1993, casper+1995, another+thin+man+1939, saludos+amigos+1942, marooned+1969, pinocchio+1940, another+earth+2011, so+dear+to+my+heart+1948, 339 ms"
"2022-02-08T19:23:52.559275,38585,recommendation request 17645-team17.isri.cmu.edu:8082, status 200, result: the+five+senses+1999, barbershop+2002, rollerball+1975, the+dresser+1983, raging+bull+1980, the+other+side+of+the+mountain+1975, a+family+thing+1996, johnny+english+2003, another+thin+man+1939, the+island+1980, planet+of+the+apes+2001, albatross+2011, opportunity+knocks+1990, junebug+2005, six+weeks+1982, my+one+and+only+2009, return+to+me+2000, down+in+the+delta+1998, bulletproof+1996, the+program+1993, 511 ms"
"2022-02-08T19:23:52.591703,18532,recommendation request 17645-team17.isri.cmu.edu:8082, status 200, result: lockout+2012, p.s.+2004, red+dawn+1984, son+of+the+mask+2005, courage+under+fire+1996, frenzy+1972, true+crime+1996, vision+quest+1985, a+little+princess+1995, forrest+gump+1994, haywire+2011, love+story+1970, the+witches+of+eastwick+1987, guilty+as+sin+1993, topper+1937, winnie+the+pooh+2011, shes+having+a+baby+1988, island+2011, the+living+daylights+1987, the+women+2008, 542 ms"
"2022-02-08T19:23:52.714160,250300,recommendation request 17645-team17.isri.cmu.edu:8082, status 200, result: cry+freedom+1987, dark+city+1950, p.s.+2004, shaft+in+africa+1973, the+other+side+of+the+mountain+1975, detective+story+1951, freaky+friday+1976, iris+2001, white+palace+1990, shes+having+a+baby+1988, island+2011, ali+2001, jennifer+eight+1992, ratatouille+2007, the+desert+rats+1953, get+real+1998, beyond+the+poseidon+adventure+1979, my+summer+of+love+2004, l.i.e.+2001, leap+of+faith+1992, 648 ms"
"2022-02-08T19:23:52.729591,165199,recommendation request 17645-team17.isri.cmu.edu:8082, status 200, result: american+virgin+2000, the+believers+1987, pandorum+2009, prison+1988, ginger+snaps+back+the+beginning+2004, true+crime+1996, the+mummys+curse+1944, nighthawks+1981, the+longest+yard+1974, junebug+2005, saw+vi+2009, millions+2005, saw+iii+2006, 7+seconds+2005, an+american+carol+2008, my+one+and+only+2009, dinoshark+2010, the+mummys+hand+1940, ted+bundy+2002, they+made+me+a+criminal+1939, 663 ms"
"2022-02-08T19:23:52.757228,244673,recommendation request 17645-team17.isri.cmu.edu:8082, status 200, result: shampoo+1975, barbershop+2002, 8+seconds+1994, maze+2000, gods+not+dead+2014, bean+1997, another+thin+man+1939, the+letter+1940, guilty+as+sin+1993, the+yakuza+1974, a+man+and+a+woman+1966, gravity+2013, serial+1980, island+2011, crush+2001, quartet+1981, above+the+law+1988, they+made+me+a+criminal+1939, babes+in+toyland+1934, fun+in+acapulco+1963, 683 ms"
"2022-02-08T19:23:52.759943,110323,recommendation request 17645-team17.isri.cmu.edu:8082, status 200, result: cry+freedom+1987, cazuza+time+doesnt+stop+2004, missing+1982, doc+hollywood+1991, courage+under+fire+1996, mystery_+alaska+1999, nothing+to+lose+1994, the+dance+of+reality+2013, edward+scissorhands+1990, behind+the+sun+2001, a+little+princess+1995, moving+1988, the+verdict+1982, one+eight+seven+1997, guilty+as+sin+1993, the+matrix+revolutions+2003, island+2011, conan+the+barbarian+1982, the+brave+one+2007, dungeons++dragons+2000, 686 ms"
"2022-02-08T19:23:53.390998,54987,recommendation request 17645-team17.isri.cmu.edu:8082, status 200, result: the+five+senses+1999, criminal+law+1988, the+dresser+1983, stick+it+2006, raging+bull+1980, road+to+morocco+1942, devil+girl+from+mars+1954, rain+man+1988, the+other+side+of+the+mountain+1975, a+family+thing+1996, caveman+1981, the+last+legion+2007, bachelor+in+paradise+1961, love+crazy+1941, the+island+1980, wake+of+death+2004, albatross+2011, on+the+town+1949, bottle+rocket+1996, kull+the+conqueror+1997, 284 ms"
"2022-02-08T19:23:53.431481,71763,recommendation request 17645-team17.isri.cmu.edu:8082, status 200, result: n+1998, bossa+nova+2000, the+gauntlet+1977, the+longest+day+1962, wintersleepers+1997, gods+not+dead+2014, the+way+2010, lifeboat+1944, grand+illusion+1937, johnny+english+2003, junebug+2005, in+harms+way+1965, island+2011, from+here+to+eternity+1953, ali+2001, the+brave+one+2007, side+out+1990, my+one+and+only+2009, rushmore+1998, they+made+me+a+criminal+1939, 363 ms"
"2022-02-08T19:23:54.471229,286542,recommendation request 17645-team17.isri.cmu.edu:8082, status 200, result: 8+seconds+1994, p.s.+2004, frenzy+1972, nothing+to+lose+1994, maze+2000, paintball+2009, dead+presidents+1995, serial+1980, junebug+2005, juice+1992, crush+2001, from+here+to+eternity+1953, the+fury+1978, dinoshark+2010, singham+2011, jennifer+eight+1992, knockout+2000, my+one+and+only+2009, breakfast+on+pluto+2005, fun+in+acapulco+1963, 411 ms"
"2022-02-08T19:23:54.494215,52904,recommendation request 17645-team17.isri.cmu.edu:8082, status 200, result: barbershop+2002, the+conspiracy+2012, p.s.+2004, frenzy+1972, maze+2000, light+it+up+1999, in+the+line+of+fire+1993, nims+island+2008, another+thin+man+1939, the+brothers+2001, sherlock+holmes+in+washington+1943, crush+2001, hook+1991, 10th++wolf+2006, the+fan+1981, untitled+2009, bingo+1991, breakfast+on+pluto+2005, spasmo+1974, private+lives+1931, 428 ms"
"2022-02-08T19:23:54.307796,265285,recommendation request 17645-team17.isri.cmu.edu:8082, status 200, result: man+of+the+year+2006, missing+1982, frenzy+1972, true+crime+1996, mystery_+alaska+1999, the+sky+crawlers+2008, the+aristocats+1970, lifeboat+1944, chicken+run+2000, one+eight+seven+1997, guilty+as+sin+1993, harem+1985, the+reader+2008, cars+2+2011, jurassic+park+1993, island+2011, dark+passage+1947, sin+nombre+2009, spasmo+1974, they+made+me+a+criminal+1939, 279 ms"
"2022-02-08T19:23:54.477732,92394,recommendation request 17645-team17.isri.cmu.edu:8082, status 200, result: top+secret+1984, forbidden+zone+1980, intersection+1994, notting+hill+1999, p.s.+2004, loving+you+1957, crossroads+2002, the+addams+family+1991, maze+2000, flashdance+1983, a+little+princess+1995, casper+1995, the+next+karate+kid+1994, iris+2001, the+brothers+2001, my+fair+lady+1964, my+beautiful+laundrette+1985, jurassic+park+1993, shes+having+a+baby+1988, crush+2001, 402 ms"
"2022-02-08T19:23:55.364261,2181,recommendation request 17645-team17.isri.cmu.edu:8082, status 200, result: and+now...+ladies+and+gentlemen...+2002, man+of+the+year+2006, intersection+1994, paths+of+glory+1957, sling+blade+1996, p.s.+2004, how+i+won+the+war+1967, maze+2000, z+1969, lifeboat+1944, birdy+1984, the+brothers+mcmullen+1995, moving+1988, the+great+escape+1963, the+brothers+2001, the+reader+2008, the+mighty+1998, the+truman+show+1998, free+willy+3+the+rescue+1997, mobsters+1991, 297 ms"
"2022-02-08T19:23:55.355492,169089,recommendation request 17645-team17.isri.cmu.edu:8082, status 200, result: cry+freedom+1987, mickeys+once+upon+a+christmas+1999, six+pack+1982, the+longest+day+1962, the+conspiracy+2012, last+holiday+2006, a+family+thing+1996, lifeboat+1944, grand+illusion+1937, chicken+run+2000, harry+and+tonto+1974, macabre+1958, junebug+2005, bottle+rocket+1996, in+harms+way+1965, from+here+to+eternity+1953, ali+2001, remember+the+night+1940, my+one+and+only+2009, lassie+2005, 295 ms"
"2022-02-08T19:23:56.433469,183823,recommendation request 17645-team17.isri.cmu.edu:8082, status 200, result: can-can+1960, two+for+the+road+1967, arranged+2007, the+killers+1946, wisegirls+2002, the+prize+1963, picture+perfect+1997, michael+clayton+2007, never+again+2002, in+the+line+of+fire+1993, the+sign+of+four+2001, i+do+2006, bean+1997, big+trouble+2002, duplex+2003, gentlemen+prefer+blondes+1953, gentlemen+broncos+2009, two+of+a+kind+1983, blood_+guts_+bullets+and+octane+1998, theres+something+about+mary+1998, 365 ms"
"2022-02-08T19:23:56.422102,185921,recommendation request 17645-team17.isri.cmu.edu:8082, status 200, result: the+living+dead+girl+1982, drop+zone+1994, switchback+1997, japanese+story+2003, my+own+private+idaho+1991, dead+of+night+1945, the+return+of+the+living+dead+1985, 42nd+street+1933, on+moonlight+bay+1951, z+1969, grand+illusion+1937, nims+island+2008, splash+1984, moving+1988, the+old+dark+house+1932, the+saint+1997, changing+lanes+2002, rat+2001, hook+1991, taking+chance+2009, 332 ms"
"2022-02-08T19:23:56.512136,146616,recommendation request 17645-team17.isri.cmu.edu:8082, status 200, result: and+now...+ladies+and+gentlemen...+2002, james+and+the+giant+peach+1996, 28+weeks+later+2007, the+conspiracy+2012, a+goofy+movie+1995, altered+2006, 633+squadron+1964, gods+not+dead+2014, lifeboat+1944, z+1969, grand+illusion+1937, heavens+gate+1980, ira++abby+2006, the+white+sheik+1952, junebug+2005, dinoshark+2010, my+one+and+only+2009, stromboli+1950, breakfast+on+pluto+2005, u-571+2000, 493 ms"
"2022-02-08T19:23:56.526851,181978,recommendation request 17645-team17.isri.cmu.edu:8082, status 200, result: the+cat+in+the+hat+2003, bossa+nova+2000, the+last+of+the+mohicans+1992, ed+1996, the+snowman+1982, family+plot+1976, missing+1982, p.s.+2004, how+i+won+the+war+1967, mystery_+alaska+1999, the+warriors+way+2010, maze+2000, spirit+stallion+of+the+cimarron+2002, a+family+thing+1996, the+way+2010, dick+tracy+1990, big+trouble+2002, casper+1995, one+eight+seven+1997, guilty+as+sin+1993, 511 ms"
"2022-02-08T19:23:57.434446,129963,recommendation request 17645-team17.isri.cmu.edu:8082, status 200, result: shampoo+1975, eyewitness+1981, rollerball+1975, six+pack+1982, picture+perfect+1997, the+other+side+of+the+mountain+1975, big+hero+6+2014, once+bitten+1985, a+family+thing+1996, bean+1997, gumby+the+movie+1995, random+hearts+1999, harry+and+tonto+1974, the+brood+1979, 9+2005, shivers+1975, an+education+2009, serial+1980, desk+set+1957, the+incredible+hulk+2008, 391 ms"
"2022-02-08T19:23:57.434755,144931,recommendation request 17645-team17.isri.cmu.edu:8082, status 200, result: the+family+man+2000, the+cat+in+the+hat+2003, leave+it+to+beaver+1997, rollerball+1975, ed+1996, star+wars+episode+iii+-+revenge+of+the+sith+2005, ghost+dad+1990, p.s.+2004, a+christmas+carol+2009, the+bridge+1959, star+trek+insurrection+1998, a+little+princess+1995, the+tigger+movie+2000, casper+1995, babe+pig+in+the+city+1998, planet+of+the+apes+2001, how+the+grinch+stole+christmas+2000, rat+2001, gordy+1995, battle+of+britain+1969, 355 ms"
"2022-02-08T19:23:57.454524,200221,recommendation request 17645-team17.isri.cmu.edu:8082, status 200, result: top+secret+1984, the+last+of+the+mohicans+1992, lockout+2012, a+goofy+movie+1995, frenzy+1972, true+crime+1996, the+addams+family+1991, light+it+up+1999, freaky+friday+1976, a+little+princess+1995, haywire+2011, the+verdict+1982, patriot+games+1992, for+keeps+1988, shes+having+a+baby+1988, juice+1992, from+here+to+eternity+1953, the+incredible+hulk+2008, side+out+1990, breakdown+1997, 413 ms"
"2022-02-08T19:23:57.453876,168920,recommendation request 17645-team17.isri.cmu.edu:8082, status 200, result: cry+freedom+1987, the+five+senses+1999, the+house+of+yes+1997, 8+seconds+1994, the+proprietor+1996, leaving+normal+1992, parking+2008, a+time+to+kill+1996, a+little+princess+1995, dick+tracy+1990, paul+2011, johnny+english+2003, the+yakuza+1974, the+mighty+1998, desk+set+1957, out+to+sea+1997, warriors+of+heaven+and+earth+2003, from+the+hip+1987, the+curse+of+the+cat+people+1944, made+of+honor+2008, 411 ms"
"2022-02-08T19:23:58.476292,126309,recommendation request 17645-team17.isri.cmu.edu:8082, status 200, result: the+last+of+the+mohicans+1992, the+proprietor+1996, 633+squadron+1964, snow+dogs+2002, detective+story+1951, freaky+friday+1976, bad+girls+1994, the+verdict+1982, millions+2005, remember+the+night+1940, shes+out+of+my+league+2010, jennifer+eight+1992, patton+1970, gung+ho+1986, the+desert+rats+1953, exodus+1960, dopamine+2003, rocky+1976, bring+it+on+again+2004, the+robe+1953, 358 ms"
"2022-02-08T19:23:58.482095,142634,recommendation request 17645-team17.isri.cmu.edu:8082, status 200, result: drop+zone+1994, switchback+1997, werewolves+on+wheels+1971, the+snowman+1982, capricorn+one+1977, p.s.+2004, missing+1982, the+warriors+way+2010, mystery_+alaska+1999, maze+2000, chronicle+2012, pitch+black+2000, one+eight+seven+1997, guilty+as+sin+1993, paparazzi+2004, planet+of+the+apes+2001, the+brothers+2001, opportunity+knocks+1990, crush+2001, island+2011, 387 ms"
"2022-02-08T19:23:58.515807,301814,recommendation request 17645-team17.isri.cmu.edu:8082, status 200, result: black+beauty+1994, suburban+commando+1991, melody+time+1948, punchline+1988, rancho+deluxe+1975, true+crime+1996, barbarosa+1982, the+aristocats+1970, detective+story+1951, a+little+princess+1995, the+company+men+2010, moving+1988, c.h.o.m.p.s.+1979, masterminds+1997, lightning+jack+1994, saludos+amigos+1942, analyze+that+2002, albatross+2011, island+2011, his+girl+friday+1940, 393 ms"
"2022-02-08T19:23:58.502247,138175,recommendation request 17645-team17.isri.cmu.edu:8082, status 200, result: cry+freedom+1987, the+dresser+1983, intersection+1994, p.s.+2004, missing+1982, loving+you+1957, the+langoliers+1995, the+other+side+of+the+mountain+1975, maze+2000, cabin+boy+1994, one+eight+seven+1997, a+patch+of+blue+1965, the+brothers+2001, albatross+2011, marooned+1969, serial+1980, crush+2001, island+2011, the+juror+1996, romeo+and+juliet+1936, 393 ms"
"2022-02-08T19:23:59.446869,281093,recommendation request 17645-team17.isri.cmu.edu:8082, status 200, result: gleaming+the+cube+1989, bill+cosby+himself+1983, stick+it+2006, 28+weeks+later+2007, the+conspiracy+2012, doc+hollywood+1991, missing+1982, p.s.+2004, altered+2006, cabin+boy+1994, nims+island+2008, the+verdict+1982, the+letter+1940, paparazzi+2004, one+eight+seven+1997, desk+set+1957, out+to+sea+1997, island+2011, beyond+therapy+1987, hook+1991, 362 ms"
"2022-02-08T19:23:59.493578,184182,recommendation request 17645-team17.isri.cmu.edu:8082, status 200, result: the+wood+1999, mary+poppins+1964, my+man+godfrey+1957, ed+1996, intersection+1994, the+conspiracy+2012, the+lucky+ones+2008, loving+you+1957, the+other+side+of+the+mountain+1975, forrest+gump+1994, casper+1995, gumby+the+movie+1995, macabre+1958, beyond+the+sea+2004, jurassic+park+1993, junebug+2005, shes+having+a+baby+1988, hook+1991, a+place+in+the+sun+1951, made+of+honor+2008, 412 ms"
"2022-02-08T19:23:59.458721,101114,recommendation request 17645-team17.isri.cmu.edu:8082, status 200, result: and+now...+ladies+and+gentlemen...+2002, the+house+of+yes+1997, the+red+shoes+1948, throw+momma+from+the+train+1987, cookie+1989, fuck+2005, pitch+black+2000, casper+1995, money+train+1995, the+mighty+1998, jurassic+park+1993, people+like+us+2012, class+1983, from+the+hip+1987, hook+1991, outrage+2009, stromboli+1950, easy+money+1983, terminator+2+judgment+day+1991, kotch+1971, 377 ms"
"2022-02-08T19:24:00.395247,25597,recommendation request 17645-team17.isri.cmu.edu:8082, status 200, result: abandon+2002, pee-wees+big+adventure+1985, chasers+1994, nothing+but+trouble+1991, double+jeopardy+1999, the+firm+1993, the+adventures+of+robin+hood+1938, primal+fear+1996, the+last+minute+2001, incognito+1997, freejack+1992, wrongfully+accused+1998, blow+out+1981, the+manchurian+candidate+2004, zodiac+2007, diamond+men+2000, island+2011, excalibur+1981, the+temp+1993, double+indemnity+1944, 322 ms"
"2022-02-08T19:24:00.395184,121670,recommendation request 17645-team17.isri.cmu.edu:8082, status 200, result: into+eternity+2010, windtalkers+2002, midway+1976, 47+samurai+1962, fuck+2005, cromwell+1970, catwalk+1995, lake+of+fire+2006, 56+up+2012, dive+2010, samurai+assassin+1965, the+spirit+of+st.+louis+1957, i.o.u.s.a.+2008, we+were+here+2011, halls+of+montezuma+1951, exodus+1960, captain+horatio+hornblower+r.n.+1951, earthlings+2005, heaven++earth+1993, kagemusha+1980, 324 ms"
"2022-02-08T19:24:00.484092,171267,recommendation request 17645-team17.isri.cmu.edu:8082, status 200, result: dead+of+winter+1987, the+perfect+score+2004, bon+cop+bad+cop+2006, the+wood+1999, the+last+of+the+mohicans+1992, ed+1996, the+lucky+ones+2008, an+evening+with+kevin+smith+2002, casper+1995, phoenix+1998, jurassic+park+1993, a+decade+under+the+influence+2003, junebug+2005, island+2011, the+hot+spot+1990, millions+2005, hook+1991, taking+chance+2009, my+one+and+only+2009, the+thin+man+goes+home+1945, 417 ms"
"2022-02-08T19:24:00.600682,192815,recommendation request 17645-team17.isri.cmu.edu:8082, status 200, result: samurai+fiction+1998, barbershop+2002, boarding+gate+2007, doc+hollywood+1991, street+fighter+the+legend+of+chun-li+2009, the+closet+2001, dead+of+night+1945, r100+2013, another+thin+man+1939, moving+1988, slap+her...+shes+french+2002, sanjuro+1962, planet+of+the+apes+2001, junebug+2005, desk+set+1957, have+rocket_+will+travel+1959, above+the+law+1988, a+taxing+woman+1987, i+know+who+killed+me+2007, my+one+and+only+2009, 531 ms"
"2022-02-08T19:24:00.691067,153117,recommendation request 17645-team17.isri.cmu.edu:8082, status 200, result: rollerball+1975, ed+1996, the+proprietor+1996, the+brother+from+another+planet+1984, the+dirty+dozen+next+mission+1985, pitch+black+2000, casper+1995, moving+1988, the+island+1980, dead+presidents+1995, marooned+1969, jurassic+park+1993, kull+the+conqueror+1997, free+willy+3+the+rescue+1997, ali+2001, hook+1991, above+the+law+1988, knockout+2000, hot+to+trot+1988, rescue+dawn+2006, 614 ms"
"2022-02-08T19:24:00.718226,113106,recommendation request 17645-team17.isri.cmu.edu:8082, status 200, result: remember+me+2010, the+perfect+score+2004, cry+freedom+1987, the+five+senses+1999, the+house+of+yes+1997, 8+seconds+1994, the+proprietor+1996, paths+of+glory+1957, lethal+weapon+3+1992, lifeboat+1944, inception+2010, nighthawks+1981, all+quiet+on+the+western+front+1979, the+verdict+1982, the+island+1980, albatross+2011, the+longest+yard+1974, the+mighty+1998, the+matrix+revolutions+2003, the+matrix+1999, 643 ms"
"2022-02-08T19:24:00.717027,121076,recommendation request 17645-team17.isri.cmu.edu:8082, status 200, result: curdled+1996, bill+cosby+himself+1983, lockout+2012, the+red+shoes+1948, 8+seconds+1994, notting+hill+1999, red+dawn+1984, sling+blade+1996, a+goofy+movie+1995, snow+dogs+2002, birdy+1984, bean+1997, haywire+2011, moving+1988, harem+1985, lady+chatterley+2006, hunting+elephants+2013, a+man+and+a+woman+1966, cars+2+2011, full+speed+1996, 641 ms"
"2022-02-08T19:24:01.497017,147232,recommendation request 17645-team17.isri.cmu.edu:8082, status 200, result: a+couch+in+new+york+1996, eyewitness+1981, curdled+1996, six+pack+1982, the+amazing+spider-man+2012, the+golden+voyage+of+sinbad+1973, notting+hill+1999, p.s.+2004, the+conspiracy+2012, courage+under+fire+1996, maze+2000, bean+1997, sex+and+the+city+2008, harry+and+walter+go+to+new+york+1976, the+last+house+on+the+left+2009, masterminds+1997, the+brothers+2001, hunting+elephants+2013, crush+2001, conan+the+barbarian+1982, 470 ms"
"2022-02-08T19:24:01.533952,22551,recommendation request 17645-team17.isri.cmu.edu:8082, status 200, result: hollow+man+2000, walle+2008, a+family+thing+1996, forrest+gump+1994, love+story+1970, one+man+band+2005, harem+1985, bully+2011, albatross+2011, jurassic+park+1993, junebug+2005, shes+having+a+baby+1988, the+juror+1996, ali+2001, lifted+2006, millions+2005, eight+men+out+1988, blood+and+sand+1989, my+one+and+only+2009, dugs+special+mission+2009, 499 ms"
"2022-02-08T19:24:01.545149,185407,recommendation request 17645-team17.isri.cmu.edu:8082, status 200, result: drop+zone+1994, rollerball+1975, switchback+1997, robot+stories+2003, ed+1996, the+conspiracy+2012, light+it+up+1999, the+virgin+suicides+1999, casper+1995, psycho+1998, nighthawks+1981, steel+1997, the+saint+1997, for+keeps+1988, changing+lanes+2002, texasville+1990, last+night+1998, hook+1991, the+fan+1981, absolute+power+1997, 494 ms"
"2022-02-08T19:24:01.559635,31340,recommendation request 17645-team17.isri.cmu.edu:8082, status 200, result: american+virgin+2000, black+beauty+1994, the+five+senses+1999, barbershop+2002, son+of+godzilla+1967, raging+bull+1980, rain+man+1988, the+other+side+of+the+mountain+1975, a+family+thing+1996, vision+quest+1985, ice+castles+1978, excision+2012, another+thin+man+1939, the+fog+2005, albatross+2011, dead+presidents+1995, mothra+vs.+godzilla+1964, mobsters+1991, from+here+to+eternity+1953, ali+2001, 505 ms"
"2022-02-08T19:24:01.568798,181377,recommendation request 17645-team17.isri.cmu.edu:8082, status 200, result: eyewitness+1981, pandorum+2009, rollerball+1975, star+wars+episode+iii+-+revenge+of+the+sith+2005, p.s.+2004, the+watch+2012, freddy+got+fingered+2001, the+other+side+of+the+mountain+1975, maze+2000, flashdance+1983, cheaper+by+the+dozen+2+2005, resident+evil+apocalypse+2004, the+beverly+hillbillies+1993, in+too+deep+1999, planet+of+the+apes+2001, the+brothers+2001, an+education+2009, mercenary+for+justice+2006, time+bandits+1981, crush+2001, 532 ms"
"2022-02-08T19:24:02.440307,66058,recommendation request 17645-team17.isri.cmu.edu:8082, status 200, result: eyewitness+1981, the+cat+in+the+hat+2003, ed+1996, 8+seconds+1994, p.s.+2004, light+it+up+1999, the+world+unseen+2007, once+bitten+1985, frozen+2007, casper+1995, babe+pig+in+the+city+1998, the+letter+1940, how+the+grinch+stole+christmas+2000, the+mighty+1998, modesty+blaise+1966, rat+2001, m.+butterfly+1993, quartet+1981, hopscotch+1980, absolute+power+1997, 360 ms"
"2022-02-08T19:24:02.614233,6584,recommendation request 17645-team17.isri.cmu.edu:8082, status 200, result: curdled+1996, arranged+2007, notting+hill+1999, a+goofy+movie+1995, p.s.+2004, the+other+side+of+the+mountain+1975, light+it+up+1999, maze+2000, vision+quest+1985, freaky+friday+1976, a+little+princess+1995, big+trouble+2002, the+verdict+1982, blood_+guts_+bullets+and+octane+1998, masterminds+1997, the+witches+of+eastwick+1987, the+brothers+2001, my+beautiful+laundrette+1985, the+hitch-hiker+1953, crush+2001, 537 ms"
"2022-02-08T19:24:02.688857,270584,recommendation request 17645-team17.isri.cmu.edu:8082, status 200, result: cry+freedom+1987, rollerball+1975, the+five+senses+1999, mickeys+once+upon+a+christmas+1999, forbidden+zone+1980, raging+bull+1980, star+wars+episode+iii+-+revenge+of+the+sith+2005, notting+hill+1999, p.s.+2004, major+league+ii+1994, courage+under+fire+1996, maze+2000, edward+scissorhands+1990, chicken+run+2000, moving+1988, the+verdict+1982, the+island+1980, planet+of+the+apes+2001, the+brothers+2001, my+beautiful+laundrette+1985, 607 ms"
"2022-02-08T19:24:02.710916,174736,recommendation request 17645-team17.isri.cmu.edu:8082, status 200, result: the+cat+in+the+hat+2003, switchback+1997, about+last+night...+1986, ed+1996, p.s.+2004, a+goofy+movie+1995, son+of+the+mask+2005, light+it+up+1999, lethal+weapon+3+1992, maze+2000, without+a+paddle+2004, freaky+friday+1976, birdy+1984, moving+1988, the+verdict+1982, topper+1937, how+the+grinch+stole+christmas+2000, running+scared+1986, changing+lanes+2002, free+willy+3+the+rescue+1997, 632 ms"
"2022-02-08T19:24:02.721108,246417,recommendation request 17645-team17.isri.cmu.edu:8082, status 200, result: black+beauty+1994, cry+freedom+1987, rollerball+1975, star+wars+episode+iii+-+revenge+of+the+sith+2005, scorpio+1973, changeling+2008, the+other+side+of+the+mountain+1975, paparazzi+2004, planet+of+the+apes+2001, fabled+2002, the+matrix+revolutions+2003, white+palace+1990, island+2011, conan+the+barbarian+1982, the+brave+one+2007, above+the+law+1988, jonah+hex+2010, dungeons++dragons+2000, dead+bang+1989, get+real+1998, 620 ms"
"2022-02-08T19:24:02.711613,13166,recommendation request 17645-team17.isri.cmu.edu:8082, status 200, result: the+perfect+score+2004, drop+zone+1994, switchback+1997, bon+cop+bad+cop+2006, rio+bravo+1959, the+house+of+yes+1997, missing+1982, true+crime+1996, mystery_+alaska+1999, deep+rising+1998, in+the+line+of+fire+1993, one+eight+seven+1997, guilty+as+sin+1993, dead+reckoning+1947, malice+1993, big+jake+1971, the+saint+1997, the+mighty+1998, the+matrix+revolutions+2003, changing+lanes+2002, 629 ms"
"2022-02-08T19:24:03.327230,190322,recommendation request 17645-team17.isri.cmu.edu:8082, status 200, result: angela+1995, reefer+madness+1936, raining+stones+1993, ed+wood+1994, saved+2004, the+lucky+ones+2008, the+fisher+king+1991, a+king+in+new+york+1957, the+king+2005, amy+1997, clockwatchers+1997, junebug+2005, the+sum+of+us+1994, 1776+1972, roadkill+1989, spud+2010, charly+2002, my+one+and+only+2009, the+king+of+comedy+1982, george+washington+2000, 241 ms"
"2022-02-08T19:24:03.489551,11577,recommendation request 17645-team17.isri.cmu.edu:8082, status 200, result: gleaming+the+cube+1989, drop+zone+1994, rollerball+1975, star+wars+episode+iii+-+revenge+of+the+sith+2005, detective+story+1951, grand+canyon+1991, the+verdict+1982, four+brothers+2005, planet+of+the+apes+2001, the+matrix+revolutions+2003, battle+for+terra+2007, island+2011, conan+the+barbarian+1982, the+brave+one+2007, above+the+law+1988, dinoshark+2010, jennifer+eight+1992, spasmo+1974, dungeons++dragons+2000, s.+darko+2009, 359 ms"
"2022-02-08T19:24:03.304152,164777,recommendation request 17645-team17.isri.cmu.edu:8082, status 200, result: drop+zone+1994, the+new+age+1994, six+pack+1982, mary+poppins+1964, frenzy+1972, true+crime+1996, light+it+up+1999, the+addams+family+1991, the+andromeda+strain+1971, a+family+thing+1996, freaky+friday+1976, a+time+to+kill+1996, lethal+weapon+3+1992, psycho+1998, the+verdict+1982, harry+and+tonto+1974, the+island+1980, the+saint+1997, the+yakuza+1974, the+client+1994, 288 ms"
"2022-02-08T19:24:03.389765,219835,recommendation request 17645-team17.isri.cmu.edu:8082, status 200, result: drop+zone+1994, arranged+2007, rollerball+1975, the+other+side+of+the+mountain+1975, without+a+paddle+2004, detective+story+1951, ice+castles+1978, big+trouble+2002, blood_+guts_+bullets+and+octane+1998, masterminds+1997, phoenix+1998, wake+of+death+2004, planet+of+the+apes+2001, the+letter+1940, changing+lanes+2002, from+here+to+eternity+1953, ali+2001, hopscotch+1980, the+loves+of+carmen+1948, jennifer+eight+1992, 266 ms"
"2022-02-08T19:24:04.645556,267244,recommendation request 17645-team17.isri.cmu.edu:8082, status 200, result: replicant+2001, cry+freedom+1987, the+proprietor+1996, the+conspiracy+2012, the+brother+from+another+planet+1984, lethal+weapon+3+1992, the+woman+2011, dick+tracy+1990, the+beverly+hillbillies+1993, marooned+1969, macabre+1958, gravity+2013, junebug+2005, the+incredible+hulk+2008, ali+2001, my+one+and+only+2009, airport+1975+1974, they+made+me+a+criminal+1939, bulletproof+1996, little+murders+1971, 584 ms"
"2022-02-08T19:24:04.378921,256654,recommendation request 17645-team17.isri.cmu.edu:8082, status 200, result: rollerball+1975, raging+bull+1980, the+other+side+of+the+mountain+1975, maze+2000, big+hero+6+2014, a+family+thing+1996, the+brothers+mcmullen+1995, spy+kids+3-d+game+over+2003, the+verdict+1982, the+letter+1940, phoenix+1998, changing+lanes+2002, crush+2001, proof+2005, m.+butterfly+1993, eight+men+out+1988, juno+2007, underdog+2007, fire+down+below+1997, get+real+1998, 345 ms"
"2022-02-08T19:24:04.660994,235954,recommendation request 17645-team17.isri.cmu.edu:8082, status 200, result: shampoo+1975, about+last+night...+1986, robot+stories+2003, cookie+1989, the+other+side+of+the+mountain+1975, a+time+to+kill+1996, detective+story+1951, c.h.o.m.p.s.+1979, phoenix+1998, the+yakuza+1974, big+bad+mama+1974, the+mighty+1998, junebug+2005, crush+2001, the+hot+spot+1990, remember+the+night+1940, hook+1991, bingo+1991, jennifer+eight+1992, they+made+me+a+criminal+1939, 607 ms"
"2022-02-08T19:24:04.692228,221494,recommendation request 17645-team17.isri.cmu.edu:8082, status 200, result: american+virgin+2000, wreck-it+ralph+2012, the+parent+trap+1998, rio+2+2014, ella+enchanted+2004, a+goofy+movie+1995, p.s.+2004, snow+dogs+2002, maze+2000, the+aristocats+1970, macgruber+2010, freaky+friday+1976, cabin+boy+1994, the+devils+1971, crush+2001, conan+the+barbarian+1982, bridesmaids+2011, the+nuns+story+1959, richard+iii+1955, ice+age+dawn+of+the+dinosaurs+2009, 629 ms"
"2022-02-08T19:24:04.701215,4446,recommendation request 17645-team17.isri.cmu.edu:8082, status 200, result: cry+freedom+1987, arranged+2007, the+last+of+the+mohicans+1992, lockout+2012, the+snowman+1982, frenzy+1972, the+other+side+of+the+mountain+1975, big+hero+6+2014, big+trouble+2002, haywire+2011, blood_+guts_+bullets+and+octane+1998, masterminds+1997, the+letter+1940, malice+1993, for+keeps+1988, the+mighty+1998, an+education+2009, from+here+to+eternity+1953, side+out+1990, bingo+1991, 651 ms"
"2022-02-08T19:24:04.731251,187167,recommendation request 17645-team17.isri.cmu.edu:8082, status 200, result: gleaming+the+cube+1989, cry+freedom+1987, forbidden+zone+1980, baadasssss+2004, p.s.+2004, a+goofy+movie+1995, snow+dogs+2002, spirit+stallion+of+the+cimarron+2002, grand+canyon+1991, the+verdict+1982, the+island+1980, back+to+school+1986, leprechaun+4+in+space+1996, albatross+2011, cars+2+2011, beyond+the+sea+2004, time+bandits+1981, class+1983, north+1994, an+american+carol+2008, 650 ms"
"2022-02-08T19:24:05.343335,216456,recommendation request 17645-team17.isri.cmu.edu:8082, status 200, result: gleaming+the+cube+1989, the+five+senses+1999, rollerball+1975, agnes+of+god+1985, raging+bull+1980, the+proprietor+1996, the+gauntlet+1977, star+wars+episode+iii+-+revenge+of+the+sith+2005, p.s.+2004, the+watch+2012, the+closet+2001, a+family+thing+1996, lifeboat+1944, nims+island+2008, grand+canyon+1991, the+verdict+1982, planet+of+the+apes+2001, the+yakuza+1974, junebug+2005, geronimo+an+american+legend+1993, 313 ms"
"2022-02-08T19:24:05.380570,32532,recommendation request 17645-team17.isri.cmu.edu:8082, status 200, result: drop+zone+1994, sleepers+1996, rio+bravo+1959, the+house+of+yes+1997, intersection+1994, think+like+a+man+too+2014, a+time+to+kill+1996, flashdance+1983, detective+story+1951, fuck+2005, forrest+gump+1994, the+mighty+1998, live+nude+girls+unite+2000, shes+having+a+baby+1988, bottle+rocket+1996, juice+1992, the+brave+one+2007, ali+2001, the+nuns+story+1959, lilians+story+1996, 344 ms"
"2022-02-08T19:24:05.367510,198954,recommendation request 17645-team17.isri.cmu.edu:8082, status 200, result: curdled+1996, the+avengers+1998, the+gauntlet+1977, 8+seconds+1994, circus+2000, midnight+1939, once+bitten+1985, lethal+weapon+3+1992, the+naked+prey+1965, uncommon+valor+1983, the+lookout+2007, patriot+games+1992, condition+red+1995, you+and+i+2006, flight+of+the+intruder+1991, s.w.a.t.+2003, on+deadly+ground+1994, the+hitch-hiker+1953, juice+1992, mobsters+1991, 300 ms"
"2022-02-08T19:24:05.412796,230305,recommendation request 17645-team17.isri.cmu.edu:8082, status 200, result: north+by+northwest+1959, eyewitness+1981, drop+zone+1994, punchline+1988, red+dawn+1984, courage+under+fire+1996, detective+story+1951, the+blue+max+1966, the+saint+1997, planet+of+the+apes+2001, beneath+the+planet+of+the+apes+1970, the+fury+1978, made+of+honor+2008, dinoshark+2010, jennifer+eight+1992, escape+from+the+planet+of+the+apes+1971, spasmo+1974, snakes+on+a+plane+2006, poltergeist+iii+1988, the+desert+rats+1953, 344 ms"
"2022-02-08T19:24:06.382532,29798,recommendation request 17645-team17.isri.cmu.edu:8082, status 200, result: robot+stories+2003, cazuza+time+doesnt+stop+2004, p.s.+2004, true+crime+1996, red+dawn+1984, walle+2008, nothing+to+lose+1994, the+other+side+of+the+mountain+1975, behind+the+sun+2001, maze+2000, a+family+thing+1996, detective+story+1951, the+brothers+mcmullen+1995, one+man+band+2005, the+yakuza+1974, the+client+1994, the+brothers+2001, the+juror+1996, crush+2001, lifted+2006, 307 ms"
"2022-02-08T19:24:06.447378,223392,recommendation request 17645-team17.isri.cmu.edu:8082, status 200, result: cry+freedom+1987, barbershop+2002, p.s.+2004, frenzy+1972, true+crime+1996, a+time+to+kill+1996, premium+rush+2012, another+thin+man+1939, paparazzi+2004, the+yakuza+1974, the+client+1994, gravity+2013, rush+hour+3+2007, juice+1992, the+nuns+story+1959, scary+movie+5+2013, above+the+law+1988, high+sierra+1941, spasmo+1974, white+chicks+2004, 367 ms"
"2022-02-08T19:24:06.639044,111661,recommendation request 17645-team17.isri.cmu.edu:8082, status 200, result: the+glimmer+man+1996, robot+stories+2003, the+proprietor+1996, frenzy+1972, p.s.+2004, under+siege+1992, maze+2000, a+time+to+kill+1996, in+the+line+of+fire+1993, lifeboat+1944, the+virgin+suicides+1999, gumby+the+movie+1995, the+verdict+1982, the+brood+1979, 9+2005, the+brothers+2001, shivers+1975, for+keeps+1988, on+deadly+ground+1994, sweet+nothing+1995, 529 ms"
"2022-02-08T19:24:06.638975,275823,recommendation request 17645-team17.isri.cmu.edu:8082, status 200, result: eyewitness+1981, sleepers+1996, rambo+first+blood+part+ii+1985, vision+quest+1985, a+little+princess+1995, birdy+1984, the+witches+of+eastwick+1987, phoenix+1998, the+island+1980, harem+1985, guilty+as+sin+1993, the+letter+1940, the+yakuza+1974, the+client+1994, modesty+blaise+1966, mobsters+1991, hopscotch+1980, eight+men+out+1988, dark+passage+1947, today+you+die+2005, 538 ms"
"2022-02-08T19:24:06.644683,121788,recommendation request 17645-team17.isri.cmu.edu:8082, status 200, result: eyewitness+1981, rollerball+1975, the+magician+1958, intersection+1994, star+wars+episode+iii+-+revenge+of+the+sith+2005, last+holiday+2006, through+a+glass+darkly+1961, red+dawn+1984, smiles+of+a+summer+night+1955, pitch+black+2000, the+yakuza+1974, planet+of+the+apes+2001, gravity+2013, the+passion+of+anna+1969, junebug+2005, the+game+1997, carefree+1938, my+one+and+only+2009, today+you+die+2005, hour+of+the+wolf+1968, 537 ms"
"2022-02-08T19:24:07.449097,160130,recommendation request 17645-team17.isri.cmu.edu:8082, status 200, result: american+virgin+2000, rollerball+1975, nothing+but+trouble+1991, the+dresser+1983, my+man+godfrey+1957, ed+1996, star+wars+episode+iii+-+revenge+of+the+sith+2005, doc+hollywood+1991, p.s.+2004, national+lampoons+van+wilder+2002, nims+island+2008, birdy+1984, planet+of+the+apes+2001, albatross+2011, the+matrix+revolutions+2003, island+2011, the+brave+one+2007, six+weeks+1982, hook+1991, eating+raoul+1982, 317 ms"
"2022-02-08T19:24:07.514891,27254,recommendation request 17645-team17.isri.cmu.edu:8082, status 200, result: shampoo+1975, drop+zone+1994, rollerball+1975, bill+cosby+himself+1983, switchback+1997, my+man+godfrey+1957, ed+1996, punchline+1988, star+wars+episode+iii+-+revenge+of+the+sith+2005, doc+hollywood+1991, frenzy+1972, moving+1988, masterminds+1997, harem+1985, planet+of+the+apes+2001, the+truman+show+1998, beyond+therapy+1987, his+girl+friday+1940, the+fan+1981, jennifer+eight+1992, 387 ms"
"2022-02-08T19:24:08.731566,258585,recommendation request 17645-team17.isri.cmu.edu:8082, status 200, result: a+dangerous+place+2012, the+glimmer+man+1996, cry+freedom+1987, eyewitness+1981, switchback+1997, arranged+2007, picture+perfect+1997, under+siege+1992, rambo+first+blood+part+ii+1985, a+time+to+kill+1996, bean+1997, guilty+as+sin+1993, patriot+games+1992, the+yakuza+1974, on+deadly+ground+1994, desk+set+1957, changing+lanes+2002, veronica+guerin+2003, juice+1992, mobsters+1991, 640 ms"
"2022-02-08T19:24:08.854144,241346,recommendation request 17645-team17.isri.cmu.edu:8082, status 200, result: the+new+age+1994, a+goofy+movie+1995, red+dawn+1984, p.s.+2004, the+other+side+of+the+mountain+1975, maze+2000, fuck+2005, freaky+friday+1976, phoenix+1998, junebug+2005, the+living+daylights+1987, crush+2001, above+the+law+1988, my+one+and+only+2009, boys+and+girls+2000, the+emperors+new+groove+2000, ratatouille+2007, romeo+is+bleeding+1993, date+movie+2006, shrek+the+third+2007, 769 ms"
"2022-02-08T19:24:08.848208,25201,recommendation request 17645-team17.isri.cmu.edu:8082, status 200, result: shampoo+1975, eyewitness+1981, cry+freedom+1987, arranged+2007, ed+1996, loving+you+1957, courage+under+fire+1996, rambo+first+blood+part+ii+1985, big+trouble+2002, random+hearts+1999, moving+1988, blood_+guts_+bullets+and+octane+1998, masterminds+1997, patriot+games+1992, shes+having+a+baby+1988, free+willy+3+the+rescue+1997, ernest+in+the+army+1998, island+2011, juice+1992, texasville+1990, 760 ms"
"2022-02-08T19:24:08.863750,100293,recommendation request 17645-team17.isri.cmu.edu:8082, status 200, result: rollerball+1975, top+secret+1984, dreamgirls+2006, the+snowman+1982, the+conspiracy+2012, missing+1982, the+warriors+way+2010, mystery_+alaska+1999, light+it+up+1999, macgruber+2010, without+a+paddle+2004, grand+illusion+1937, one+eight+seven+1997, guilty+as+sin+1993, planet+of+the+apes+2001, albatross+2011, people+like+us+2012, warriors+of+heaven+and+earth+2003, island+2011, conan+the+barbarian+1982, 765 ms"
"2022-02-08T19:24:08.908235,156950,recommendation request 17645-team17.isri.cmu.edu:8082, status 200, result: the+five+senses+1999, the+last+of+the+mohicans+1992, the+proprietor+1996, frenzy+1972, true+crime+1996, 633+squadron+1964, in+the+line+of+fire+1993, the+letter+1940, patriot+games+1992, junebug+2005, juice+1992, island+2011, m.+butterfly+1993, millions+2005, jennifer+eight+1992, the+giant+of+marathon+1959, they+made+me+a+criminal+1939, patton+1970, appointment+with+death+1988, exodus+1960, 803 ms"
"2022-02-08T19:24:08.928526,163303,recommendation request 17645-team17.isri.cmu.edu:8082, status 200, result: the+perfect+score+2004, captains+courageous+1937, rollerball+1975, top+secret+1984, the+snowman+1982, the+addams+family+1991, a+little+princess+1995, nims+island+2008, another+earth+2011, time+bandits+1981, kull+the+conqueror+1997, island+2011, mr.+jealousy+1997, the+women+2008, hook+1991, dinoshark+2010, bingo+1991, beverly+hills+cop+iii+1994, the+yearling+1946, the+muppet+movie+1979, 834 ms"
"2022-02-08T19:24:08.927787,36848,recommendation request 17645-team17.isri.cmu.edu:8082, status 200, result: american+virgin+2000, black+beauty+1994, rollerball+1975, forbidden+zone+1980, bill+cosby+himself+1983, p.s.+2004, how+i+won+the+war+1967, walle+2008, a+little+princess+1995, one+man+band+2005, eragon+2006, the+hungover+games+2014, lifted+2006, beyond+therapy+1987, above+the+law+1988, an+american+carol+2008, dugs+special+mission+2009, ratatouille+2007, spasmo+1974, holiday+1938, 833 ms"
"2022-02-08T19:24:09.023150,102954,recommendation request 17645-team17.isri.cmu.edu:8082, status 0, result: java.util.concurrent.TimeoutException: Request timeout to 17645-team17.isri.cmu.edu/128.2.205.118:8082 after 800 ms, 902 ms"
"2022-02-08T19:24:09.426948,22267,recommendation request 17645-team17.isri.cmu.edu:8082, status 200, result: bridget+joness+diary+2001, prison+1988, a+goofy+movie+1995, cookie+1989, frenzy+1972, snow+dogs+2002, the+hound+of+the+baskervilles+1978, moving+1988, slap+her...+shes+french+2002, masterminds+1997, cars+2+2011, white+palace+1990, have+rocket_+will+travel+1959, conan+the+barbarian+1982, ever+after+a+cinderella+story+1998, above+the+law+1988, hopscotch+1980, from+the+hip+1987, atonement+2007, ratatouille+2007, 361 ms"
"2022-02-08T19:24:09.443336,233732,recommendation request 17645-team17.isri.cmu.edu:8082, status 200, result: the+living+dead+girl+1982, halloween+2007, 28+weeks+later+2007, the+conspiracy+2012, blinky+2011, identity+2003, altered+2006, that+was+then...+this+is+now+1985, night+of+the+living+dead+3d+2007, the+bridge+1959, dead+of+night+1945, the+return+of+the+living+dead+1985, brimstone++treacle+1982, scream+4+2011, the+lookout+2007, flatliners+1990, sonny+2002, battle+of+britain+1969, all+quiet+on+the+western+front+1930, faithful+1996, 378 ms"
"2022-02-08T19:24:09.443832,58199,recommendation request 17645-team17.isri.cmu.edu:8082, status 200, result: eyewitness+1981, rollerball+1975, the+conspiracy+2012, childs+play+3+1991, star+wars+episode+iii+-+revenge+of+the+sith+2005, lethal+weapon+3+1992, detective+story+1951, dick+tracy+1990, psycho+1998, the+island+1980, planet+of+the+apes+2001, jaws+3-d+1983, the+serpent+and+the+rainbow+1988, kull+the+conqueror+1997, cry_wolf+2005, today+you+die+2005, jennifer+eight+1992, bulletproof+1996, every+which+way+but+loose+1978, fire+down+below+1997, 362 ms"
"2022-02-08T19:24:11.423687,194001,recommendation request 17645-team17.isri.cmu.edu:8082, status 200, result: drop+zone+1994, bill+cosby+himself+1983, mickeys+once+upon+a+christmas+1999, frenzy+1972, true+crime+1996, the+other+side+of+the+mountain+1975, fuck+2005, without+a+paddle+2004, ice+castles+1978, chicken+run+2000, phoenix+1998, wake+of+death+2004, the+mighty+1998, an+education+2009, changing+lanes+2002, from+here+to+eternity+1953, ali+2001, outrage+2009, hopscotch+1980, the+loves+of+carmen+1948, 335 ms"
"2022-02-08T19:24:11.599287,244625,recommendation request 17645-team17.isri.cmu.edu:8082, status 200, result: cry+freedom+1987, missing+1982, p.s.+2004, the+promise+2005, the+other+side+of+the+mountain+1975, gods+not+dead+2014, freaky+friday+1976, prince+of+persia+the+sands+of+time+2010, nighthawks+1981, apocalypto+2006, one+eight+seven+1997, phoenix+1998, white+palace+1990, cherrybomb+2009, island+2011, mobsters+1991, ratatouille+2007, lassie+2005, the+program+1993, the+allnighter+1987, 510 ms"
"2022-02-08T19:24:11.606350,192013,recommendation request 17645-team17.isri.cmu.edu:8082, status 200, result: bridget+joness+diary+2001, oh_+god+1977, viva+zapata+1952, the+amazing+spider-man+2012, the+golden+voyage+of+sinbad+1973, p.s.+2004, macgruber+2010, northfork+2003, a+little+princess+1995, fast++furious+6+2013, nighthawks+1981, moving+1988, masterminds+1997, the+devils+1971, patriot+games+1992, gravity+2013, another+earth+2011, juice+1992, jersey+boys+2014, 7+seconds+2005, 507 ms"
"2022-02-08T19:24:11.639537,276271,recommendation request 17645-team17.isri.cmu.edu:8082, status 200, result: drop+zone+1994, rollerball+1975, forbidden+zone+1980, the+dresser+1983, p.s.+2004, a+goofy+movie+1995, without+a+paddle+2004, in+the+line+of+fire+1993, freaky+friday+1976, pitch+black+2000, casper+1995, dead+reckoning+1947, wake+of+death+2004, malice+1993, albatross+2011, planet+of+the+apes+2001, jurassic+park+1993, changing+lanes+2002, six+weeks+1982, hook+1991, 540 ms"
"2022-02-08T19:24:11.640138,90950,recommendation request 17645-team17.isri.cmu.edu:8082, status 200, result: black+beauty+1994, wreck-it+ralph+2012, james+and+the+giant+peach+1996, a+goofy+movie+1995, p.s.+2004, snow+dogs+2002, the+aristocats+1970, analyze+this+1999, freaky+friday+1976, cabin+boy+1994, nims+island+2008, inception+2010, moving+1988, above+the+law+1988, hook+1991, the+art+of+war+2000, the+sisterhood+of+the+traveling+pants+2+2008, jonah+hex+2010, sucker+punch+2011, benji+1974, 513 ms"
"2022-02-08T19:24:12.508847,10386,recommendation request 17645-team17.isri.cmu.edu:8082, status 200, result: black+beauty+1994, eyewitness+1981, rio+2+2014, drop+zone+1994, rollerball+1975, werewolves+on+wheels+1971, star+wars+episode+iii+-+revenge+of+the+sith+2005, courage+under+fire+1996, lethal+weapon+3+1992, the+aristocats+1970, freaky+friday+1976, a+little+princess+1995, dick+tracy+1990, masterminds+1997, the+saint+1997, planet+of+the+apes+2001, the+nuns+story+1959, the+fury+1978, hopscotch+1980, ice+age+dawn+of+the+dinosaurs+2009, 440 ms"
"2022-02-08T19:24:12.535901,43039,recommendation request 17645-team17.isri.cmu.edu:8082, status 200, result: american+virgin+2000, cry+freedom+1987, the+last+of+the+mohicans+1992, p.s.+2004, maze+2000, a+time+to+kill+1996, freaky+friday+1976, the+island+1980, the+yakuza+1974, the+brothers+2001, for+keeps+1988, running+scared+1986, junebug+2005, changing+lanes+2002, crush+2001, from+here+to+eternity+1953, ali+2001, side+out+1990, my+one+and+only+2009, untitled+2009, 452 ms"
"2022-02-08T19:24:12.563985,257872,recommendation request 17645-team17.isri.cmu.edu:8082, status 200, result: cry+freedom+1987, paths+of+glory+1957, the+amazing+spider-man+2012, the+golden+voyage+of+sinbad+1973, how+i+won+the+war+1967, the+world+unseen+2007, the+dance+of+reality+2013, detective+story+1951, birdy+1984, nims+island+2008, casper+1995, in+too+deep+1999, masterminds+1997, mobsters+1991, days+of+glory+1944, from+the+hip+1987, above+the+law+1988, bingo+1991, firestarter+1984, escape+from+the+planet+of+the+apes+1971, 455 ms"
"2022-02-08T19:24:12.581665,177943,recommendation request 17645-team17.isri.cmu.edu:8082, status 200, result: the+cat+in+the+hat+2003, the+parent+trap+1998, the+five+senses+1999, intersection+1994, ed+1996, 8+seconds+1994, the+proprietor+1996, p.s.+2004, snow+dogs+2002, maze+2000, freaky+friday+1976, the+lawless+heart+2002, how+the+grinch+stole+christmas+2000, jurassic+park+1993, serial+1980, crush+2001, conan+the+barbarian+1982, have+rocket_+will+travel+1959, the+women+2008, hook+1991, 460 ms"
"2022-02-08T19:24:12.633621,78591,recommendation request 17645-team17.isri.cmu.edu:8082, status 200, result: arranged+2007, swords+of+blood+1962, barbershop+2002, ed+1996, a+goofy+movie+1995, snow+dogs+2002, a+family+thing+1996, freaky+friday+1976, casper+1995, another+thin+man+1939, taxi+2004, mousehunt+1997, a+patch+of+blue+1965, the+mighty+1998, jurassic+park+1993, the+matrix+revolutions+2003, unaccompanied+minors+2006, ernest+in+the+army+1998, taxi+4+2007, cars+2+2011, 509 ms"
"2022-02-08T19:24:13.385716,245146,recommendation request 17645-team17.isri.cmu.edu:8082, status 200, result: im+no+angel+1933, donovans+reef+1963, i.q.+1994, shes+the+one+1996, fun+in+acapulco+1963, the+butchers+wife+1991, were+no+angels+1955, horse+feathers+1932, the+heiress+1949, midnight+1939, never+again+2002, cousins+1989, i+do+2006, til+there+was+you+1997, soapdish+1991, heartburn+1986, boomerang+1992, serial+1980, in++out+1997, the+beautician+and+the+beast+1997, 225 ms"
"2022-02-08T19:24:13.490133,305321,recommendation request 17645-team17.isri.cmu.edu:8082, status 200, result: remember+me+2010, edmond+2005, the+five+senses+1999, the+house+of+yes+1997, 8+seconds+1994, the+proprietor+1996, doc+hollywood+1991, light+it+up+1999, moving+1988, albatross+2011, the+mighty+1998, beyond+the+sea+2004, american+psycho+2+all+american+girl+2002, the+women+2008, remember+the+night+1940, his+girl+friday+1940, hall+pass+2011, hot+to+trot+1988, phantoms+1998, down+in+the+delta+1998, 351 ms"
"2022-02-08T19:24:13.544251,7151,recommendation request 17645-team17.isri.cmu.edu:8082, status 200, result: shampoo+1975, rollerball+1975, the+last+of+the+mohicans+1992, punchline+1988, p.s.+2004, maze+2000, lethal+weapon+3+1992, dick+tracy+1990, planet+of+the+apes+2001, for+keeps+1988, the+mighty+1998, junebug+2005, bottle+rocket+1996, look+whos+talking+too+1990, crush+2001, from+here+to+eternity+1953, the+incredible+hulk+2008, side+out+1990, remember+the+night+1940, bulletproof+1996, 399 ms"
"2022-02-08T19:24:14.385661,274208,recommendation request 17645-team17.isri.cmu.edu:8082, status 200, result: the+cat+in+the+hat+2003, curdled+1996, the+dresser+1983, ed+1996, p.s.+2004, i+like+it+like+that+1994, a+goofy+movie+1995, the+other+side+of+the+mountain+1975, snow+dogs+2002, casper+1995, babe+pig+in+the+city+1998, love+story+1970, the+letter+1940, harem+1985, albatross+2011, how+the+grinch+stole+christmas+2000, cars+2+2011, rat+2001, the+hitch-hiker+1953, mobsters+1991, 376 ms"
"2022-02-08T19:24:14.415511,57891,recommendation request 17645-team17.isri.cmu.edu:8082, status 200, result: arranged+2007, six+pack+1982, the+last+of+the+mohicans+1992, mary+poppins+1964, the+other+side+of+the+mountain+1975, light+it+up+1999, the+addams+family+1991, a+family+thing+1996, freaky+friday+1976, big+trouble+2002, moving+1988, harry+and+tonto+1974, the+verdict+1982, blood_+guts_+bullets+and+octane+1998, masterminds+1997, for+keeps+1988, shes+having+a+baby+1988, free+willy+3+the+rescue+1997, from+here+to+eternity+1953, side+out+1990, 406 ms"
"2022-02-08T19:24:14.396109,213827,recommendation request 17645-team17.isri.cmu.edu:8082, status 200, result: shampoo+1975, the+bounty+1984, dreamgirls+2006, p.s.+2004, parking+2008, the+promise+2005, maze+2000, light+it+up+1999, northfork+2003, written+on+the+wind+1956, twentieth+century+1934, the+yakuza+1974, the+brothers+2001, albatross+2011, gravity+2013, another+earth+2011, people+like+us+2012, murphys+romance+1985, crush+2001, the+juror+1996, 360 ms"
"2022-02-08T19:24:15.360263,290177,recommendation request 17645-team17.isri.cmu.edu:8082, status 200, result: black+beauty+1994, curdled+1996, helen+of+troy+1956, throw+momma+from+the+train+1987, cookie+1989, without+a+clue+1988, she-devil+1989, miss+nobody+2010, man+of+steel+2013, mcq+1974, dirty+rotten+scoundrels+1988, class+1983, earthsea+2004, above+the+law+1988, johnny+be+good+1988, colors+1988, easy+money+1983, jonah+hex+2010, simon+1980, dead+bang+1989, 311 ms"
"2022-02-08T19:24:15.456641,146574,recommendation request 17645-team17.isri.cmu.edu:8082, status 200, result: il+divo+2008, rio+bravo+1959, p.s.+2004, dont+move+2004, six+in+paris+1965, maze+2000, lamerica+1994, light+it+up+1999, the+brothers+mcmullen+1995, phoenix+1998, the+brothers+2001, the+flowers+of+st.+francis+1950, full+speed+1996, junebug+2005, two+friends+2002, crush+2001, the+hot+spot+1990, millions+2005, the+fury+1978, juno+2007, 417 ms"
"2022-02-08T19:24:15.502380,59477,recommendation request 17645-team17.isri.cmu.edu:8082, status 200, result: cry+freedom+1987, what+doesnt+kill+you+2008, when+harry+met+sally...+1989, ed+1996, frenzy+1972, a+time+to+kill+1996, casper+1995, johnny+english+2003, dumb+and+dumber+to+2014, harry+and+tonto+1974, the+client+1994, time+bandits+1981, island+2011, north+1994, hall+pass+2011, spaced+invaders+1990, bulletproof+1996, patton+1970, muppets+from+space+1999, bring+it+on+again+2004, 444 ms"
"2022-02-08T19:24:15.502603,160236,recommendation request 17645-team17.isri.cmu.edu:8082, status 200, result: the+nest+2002, rollerball+1975, what+doesnt+kill+you+2008, red+dawn+1984, p.s.+2004, courage+under+fire+1996, maze+2000, parker+2013, vision+quest+1985, a+little+princess+1995, dick+tracy+1990, pitch+black+2000, johnny+english+2003, apocalypto+2006, the+witches+of+eastwick+1987, the+saint+1997, the+yakuza+1974, gone+in+sixty+seconds+2000, planet+of+the+apes+2001, rush+hour+3+2007, 444 ms"
"2022-02-08T19:24:15.517715,188535,recommendation request 17645-team17.isri.cmu.edu:8082, status 200, result: eyewitness+1981, rollerball+1975, top+secret+1984, lockout+2012, a+goofy+movie+1995, the+addams+family+1991, vision+quest+1985, freaky+friday+1976, a+little+princess+1995, haywire+2011, the+witches+of+eastwick+1987, planet+of+the+apes+2001, patriot+games+1992, juice+1992, the+incredible+hulk+2008, breakdown+1997, hopscotch+1980, the+emperors+new+groove+2000, today+you+die+2005, ratatouille+2007, 440 ms"
"2022-02-08T19:24:16.368334,51798,recommendation request 17645-team17.isri.cmu.edu:8082, status 200, result: six+pack+1982, mary+poppins+1964, a+goofy+movie+1995, deep+rising+1998, freaky+friday+1976, gumby+the+movie+1995, the+letter+1940, guilty+as+sin+1993, winnie+the+pooh+2011, the+incredible+hulk+2008, the+emperors+new+groove+2000, dinoshark+2010, ratatouille+2007, lassie+2005, shrek+the+third+2007, beyond+the+poseidon+adventure+1979, back+to+the+future+part+ii+1989, seven+alone+1974, l.i.e.+2001, kidnapped+1960, 325 ms"
"2022-02-08T19:24:16.438912,88996,recommendation request 17645-team17.isri.cmu.edu:8082, status 200, result: black+beauty+1994, wreck-it+ralph+2012, bill+cosby+himself+1983, the+snowman+1982, doc+hollywood+1991, a+goofy+movie+1995, the+aristocats+1970, asylum+1972, detective+story+1951, a+little+princess+1995, the+brood+1979, i+am+a+sex+addict+2005, cars+2+2011, from+dusk+till+dawn+1996, conan+the+barbarian+1982, beyond+therapy+1987, 7+seconds+2005, the+fan+1981, dugs+special+mission+2009, ratatouille+2007, 353 ms"
"2022-02-08T19:24:16.492069,234159,recommendation request 17645-team17.isri.cmu.edu:8082, status 200, result: drop+zone+1994, the+new+age+1994, 8+seconds+1994, p.s.+2004, rambo+first+blood+part+ii+1985, once+bitten+1985, a+time+to+kill+1996, freaky+friday+1976, the+letter+1940, guilty+as+sin+1993, the+saint+1997, the+yakuza+1974, the+client+1994, gravity+2013, changing+lanes+2002, m.+butterfly+1993, quartet+1981, above+the+law+1988, today+you+die+2005, ratatouille+2007, 399 ms"
"2022-02-08T19:24:16.506495,98356,recommendation request 17645-team17.isri.cmu.edu:8082, status 200, result: cry+freedom+1987, rollerball+1975, nothing+but+trouble+1991, robot+stories+2003, leaving+normal+1992, the+amazing+spider-man+2012, star+wars+episode+iii+-+revenge+of+the+sith+2005, doc+hollywood+1991, p.s.+2004, the+golden+voyage+of+sinbad+1973, national+lampoons+van+wilder+2002, barbarosa+1982, macgruber+2010, the+wash+2001, the+other+side+of+the+mountain+1975, nims+island+2008, national+lampoons+vacation+1983, planet+of+the+apes+2001, another+earth+2011, surfer_+dude+2008, 434 ms"
"2022-02-08T19:24:17.367802,44723,recommendation request 17645-team17.isri.cmu.edu:8082, status 200, result: dance+with+me+1998, commandments+1997, it+1927, crisscross+1992, that+was+then...+this+is+now+1985, poltergeist+ii+the+other+side+1986, pennies+from+heaven+1936, cousins+1989, crossroads+1986, blackboard+jungle+1955, carrie+2013, the+jolson+story+1946, center+stage+2000, private+parts+1972, the+poughkeepsie+tapes+2007, the+devil-doll+1936, beyond+the+sea+2004, college+2008, shes+having+a+baby+1988, groove+2000, 320 ms"
"2022-02-08T19:24:17.454112,65447,recommendation request 17645-team17.isri.cmu.edu:8082, status 200, result: curdled+1996, point+of+no+return+1993, murder+by+numbers+2002, the+petrified+forest+1936, dr.+no+1962, circus+2000, the+yards+2000, for+your+eyes+only+1981, a+little+princess+1995, the+lookout+2007, true+crime+1999, the+letter+1940, wake+of+death+2004, breakout+1975, four+rooms+1995, dirty+pretty+things+2002, s.w.a.t.+2003, the+hitch-hiker+1953, goldeneye+1995, mobsters+1991, 352 ms"
"2022-02-08T19:24:17.460064,290998,recommendation request 17645-team17.isri.cmu.edu:8082, status 200, result: arranged+2007, top+secret+1984, six+pack+1982, the+bounty+1984, the+conspiracy+2012, nothing+to+lose+1994, the+addams+family+1991, the+andromeda+strain+1971, incognito+1997, a+family+thing+1996, vision+quest+1985, a+little+princess+1995, fulltime+killer+2001, in+too+deep+1999, moving+1988, harry+and+tonto+1974, the+letter+1940, phoenix+1998, the+witches+of+eastwick+1987, the+yakuza+1974, 418 ms"
"2022-02-08T19:24:17.542665,69367,recommendation request 17645-team17.isri.cmu.edu:8082, status 200, result: cry+freedom+1987, barbershop+2002, doc+hollywood+1991, p.s.+2004, frenzy+1972, true+crime+1996, the+next+three+days+2010, detective+story+1951, nims+island+2008, birdy+1984, casper+1995, another+thin+man+1939, not+my+day+2014, moving+1988, day+of+wrath+1943, harem+1985, albatross+2011, day+of+the+wacko+2002, the+nuns+story+1959, hook+1991, 462 ms"
"2022-02-08T19:24:17.644044,177775,recommendation request 17645-team17.isri.cmu.edu:8082, status 200, result: drop+zone+1994, switchback+1997, doc+hollywood+1991, p.s.+2004, the+other+side+of+the+mountain+1975, maze+2000, without+a+paddle+2004, father+of+the+bride+1991, cabin+boy+1994, dick+tracy+1990, moving+1988, apocalypto+2006, slap+her...+shes+french+2002, the+saint+1997, gone+in+sixty+seconds+2000, the+brothers+2001, serial+1980, the+truman+show+1998, changing+lanes+2002, the+39+steps+2008, 517 ms"
"2022-02-08T19:24:17.649790,193076,recommendation request 17645-team17.isri.cmu.edu:8082, status 200, result: wreck-it+ralph+2012, rio+2+2014, the+gauntlet+1977, the+snowman+1982, frenzy+1972, true+crime+1996, the+sky+crawlers+2008, a+goofy+movie+1995, the+aristocats+1970, the+andromeda+strain+1971, pitch+black+2000, johnny+english+2003, psycho+1998, the+yakuza+1974, from+dusk+till+dawn+1996, conan+the+barbarian+1982, 7+seconds+2005, ice+age+dawn+of+the+dinosaurs+2009, dinoshark+2010, spasmo+1974, 547 ms"
"2022-02-08T19:24:17.684153,271220,recommendation request 17645-team17.isri.cmu.edu:8082, status 200, result: the+pride+and+the+passion+1957, the+glimmer+man+1996, the+high+and+the+mighty+1954, mutiny+on+the+bounty+1962, streets+of+fire+1984, lethal+weapon+3+1992, footloose+1984, nims+island+2008, the+beverly+hillbillies+1993, paintball+2009, the+island+1980, lionheart+1990, desk+set+1957, junebug+2005, hook+1991, blood+and+sand+1989, above+the+law+1988, my+one+and+only+2009, the+idolmaker+1980, airport+1975+1974, 558 ms"
"2022-02-08T19:24:18.315058,127333,recommendation request 17645-team17.isri.cmu.edu:8082, status 200, result: suburban+commando+1991, six+pack+1982, frenzy+1972, true+crime+1996, birdy+1984, moving+1988, phoenix+1998, for+keeps+1988, junebug+2005, the+truman+show+1998, island+2011, tank+girl+1995, my+one+and+only+2009, today+you+die+2005, spasmo+1974, they+made+me+a+criminal+1939, dungeons++dragons+2000, bulletproof+1996, s.+darko+2009, south+park+imaginationland+2008, 276 ms"
"2022-02-08T19:24:18.340302,143589,recommendation request 17645-team17.isri.cmu.edu:8082, status 200, result: dark+city+1950, the+proprietor+1996, the+conspiracy+2012, the+next+three+days+2010, little+secrets+2001, one+little+indian+1973, a+little+princess+1995, nims+island+2008, cadillac+man+1990, masterminds+1997, silver+city+2004, phoenix+1998, juice+1992, x+the+unknown+1956, hopscotch+1980, hook+1991, gozu+2003, phantoms+1998, the+faculty+1998, exodus+1960, 286 ms"
"2022-02-08T19:24:19.405527,24517,recommendation request 17645-team17.isri.cmu.edu:8082, status 200, result: born+american+1986, miracle+2004, trespass+2011, loving+you+1957, crossroads+2002, enough+2002, that+was+then...+this+is+now+1985, the+evening+star+1996, flashdance+1983, footloose+1984, frankie+and+johnny+1966, forrest+gump+1994, down+to+you+2000, cromwell+1970, birdy+1984, joan+of+arc+1999, drumline+2002, holiday+inn+1942, harem+1985, and+then+there+were+none+1945, 261 ms"
"2022-02-08T19:24:19.729262,277582,recommendation request 17645-team17.isri.cmu.edu:8082, status 200, result: drop+zone+1994, pandorum+2009, ed+1996, the+proprietor+1996, without+a+paddle+2004, 42nd+street+1933, birdy+1984, casper+1995, critters+1986, almost+famous+2000, rosemarys+baby+1968, wake+of+death+2004, harem+1985, the+hidden+1987, jurassic+park+1993, 2010+moby+dick+2010, changing+lanes+2002, jersey+boys+2014, hook+1991, hopscotch+1980, 610 ms"
"2022-02-08T19:24:19.780618,241563,recommendation request 17645-team17.isri.cmu.edu:8082, status 200, result: the+cat+in+the+hat+2003, eyewitness+1981, switchback+1997, mary+poppins+1964, the+last+of+the+mohicans+1992, ed+1996, p.s.+2004, maze+2000, the+addams+family+1991, without+a+paddle+2004, freaky+friday+1976, birdy+1984, guilty+as+sin+1993, harem+1985, patriot+games+1992, the+brothers+2001, how+the+grinch+stole+christmas+2000, changing+lanes+2002, ernest+in+the+army+1998, juice+1992, 627 ms"
"2022-02-08T19:24:19.783664,148694,recommendation request 17645-team17.isri.cmu.edu:8082, status 200, result: dreamgirls+2006, frenzy+1972, maze+2000, phoenix+1998, the+yakuza+1974, albatross+2011, gravity+2013, on+deadly+ground+1994, people+like+us+2012, juice+1992, mobsters+1991, from+here+to+eternity+1953, ali+2001, fail+safe+2000, crush+2001, hook+1991, above+the+law+1988, bingo+1991, down+in+the+delta+1998, patton+1970, 627 ms"
"2022-02-08T19:24:19.783597,294915,recommendation request 17645-team17.isri.cmu.edu:8082, status 200, result: gleaming+the+cube+1989, dead+of+winter+1987, the+nest+2002, true+crime+1996, how+i+won+the+war+1967, 633+squadron+1964, macgruber+2010, lethal+weapon+3+1992, brimstone++treacle+1982, dick+tracy+1990, grand+canyon+1991, the+verdict+1982, junebug+2005, modesty+blaise+1966, saw+vi+2009, conan+the+barbarian+1982, island+2011, remember+the+night+1940, saw+iii+2006, hopscotch+1980, 669 ms"
"2022-02-08T19:24:20.400999,199950,recommendation request 17645-team17.isri.cmu.edu:8082, status 200, result: drop+zone+1994, arranged+2007, rollerball+1975, ed+1996, cookie+1989, detective+story+1951, big+trouble+2002, mallrats+1995, blood_+guts_+bullets+and+octane+1998, masterminds+1997, the+island+1980, the+saint+1997, planet+of+the+apes+2001, working+girl+1988, changing+lanes+2002, ernest+in+the+army+1998, mobsters+1991, jennifer+eight+1992, bulletproof+1996, little+murders+1971, 365 ms"
"2022-02-08T19:24:20.401358,284099,recommendation request 17645-team17.isri.cmu.edu:8082, status 200, result: north+by+northwest+1959, eyewitness+1981, drop+zone+1994, rollerball+1975, dark+city+1950, ed+1996, star+wars+episode+iii+-+revenge+of+the+sith+2005, courage+under+fire+1996, casper+1995, gumby+the+movie+1995, harry+and+tonto+1974, silver+city+2004, the+brood+1979, the+saint+1997, planet+of+the+apes+2001, 9+2005, shivers+1975, jurassic+park+1993, junebug+2005, changing+lanes+2002, 356 ms"
"2022-02-08T19:24:20.491444,134828,recommendation request 17645-team17.isri.cmu.edu:8082, status 200, result: cry+freedom+1987, robot+stories+2003, the+proprietor+1996, p.s.+2004, how+i+won+the+war+1967, maze+2000, z+1969, lifeboat+1944, the+virgin+suicides+1999, ambush+1999, sanjuro+1962, the+reader+2008, the+brothers+2001, for+keeps+1988, platoon+1986, in+harms+way+1965, mobsters+1991, crush+2001, last+night+1998, the+fury+1978, 430 ms"
"2022-02-08T19:24:20.493315,199163,recommendation request 17645-team17.isri.cmu.edu:8082, status 200, result: rollerball+1975, the+avengers+1998, robot+stories+2003, the+other+side+of+the+mountain+1975, an+evening+with+kevin+smith+2002, incognito+1997, dead+reckoning+1947, analyze+that+2002, money+train+1995, planet+of+the+apes+2001, the+matrix+revolutions+2003, a+decade+under+the+influence+2003, the+brave+one+2007, the+incredible+hulk+2008, the+women+2008, last+night+1998, the+yes+men+2003, project+s+1993, the+allnighter+1987, exodus+1960, 440 ms"
"2022-02-08T19:24:21.423563,24173,recommendation request 17645-team17.isri.cmu.edu:8082, status 200, result: cry+freedom+1987, raging+bull+1980, p.s.+2004, frenzy+1972, maze+2000, spirit+stallion+of+the+cimarron+2002, a+family+thing+1996, birdy+1984, inception+2010, harry+and+tonto+1974, the+island+1980, albatross+2011, the+brothers+2001, the+matrix+revolutions+2003, junebug+2005, juice+1992, crush+2001, the+matrix+1999, untitled+2009, jennifer+eight+1992, 307 ms"
"2022-02-08T19:24:21.519247,161798,recommendation request 17645-team17.isri.cmu.edu:8082, status 200, result: life+is+beautiful+1997, the+five+senses+1999, mickeys+once+upon+a+christmas+1999, the+million+dollar+hotel+2000, the+gauntlet+1977, intersection+1994, last+holiday+2006, desert+blue+1999, the+lucky+ones+2008, loving+you+1957, a+family+thing+1996, chicken+run+2000, your+friends++neighbors+1998, serial+1980, junebug+2005, touch+of+evil+1958, from+the+hip+1987, hopscotch+1980, dark+passage+1947, a+place+in+the+sun+1951, 440 ms"
"2022-02-08T19:24:22.457483,158148,recommendation request 17645-team17.isri.cmu.edu:8082, status 200, result: born+american+1986, miracle+2004, murder+by+numbers+2002, the+petrified+forest+1936, mildred+pierce+1945, key+largo+1948, at+close+range+1986, suddenly+1954, gorky+park+1983, niagara+1953, running+on+empty+1988, code+of+silence+1985, that+was+then...+this+is+now+1985, cromwell+1970, birdy+1984, the+falcon+and+the+snowman+1985, true+crime+1999, striptease+1996, joan+of+arc+1999, i+am+a+fugitive+from+a+chain+gang+1932, 369 ms"
"2022-02-08T19:24:22.516316,4311,recommendation request 17645-team17.isri.cmu.edu:8082, status 200, result: gleaming+the+cube+1989, sullivans+travels+1941, the+cat+in+the+hat+2003, drop+zone+1994, curdled+1996, ed+1996, family+plot+1976, last+holiday+2006, lethal+weapon+3+1992, without+a+paddle+2004, spy+kids+3-d+game+over+2003, big+trouble+2002, grand+canyon+1991, the+verdict+1982, the+island+1980, opportunity+knocks+1990, how+the+grinch+stole+christmas+2000, theatre+of+blood+1973, the+hitch-hiker+1953, mobsters+1991, 435 ms"
"2022-02-08T19:24:22.526941,166205,recommendation request 17645-team17.isri.cmu.edu:8082, status 200, result: exam+2009, the+last+of+the+mohicans+1992, frenzy+1972, running+out+of+time+1999, the+last+minute+2001, the+andromeda+strain+1971, scream+4+2011, psycho+1998, the+stepfather+1987, multiplicity+1996, blow+out+1981, diamond+men+2000, island+2011, roadkill+1989, have+rocket_+will+travel+1959, eye+of+the+beholder+1999, flowers+in+the+attic+1987, the+three+stooges+in+orbit+1962, taking+chance+2009, mercy+2000, 450 ms"
"2022-02-08T19:24:22.545492,291439,recommendation request 17645-team17.isri.cmu.edu:8082, status 200, result: drop+zone+1994, dreamgirls+2006, intersection+1994, frenzy+1972, loving+you+1957, the+other+side+of+the+mountain+1975, detective+story+1951, footloose+1984, northfork+2003, pitch+black+2000, bellflower+2011, colossus+the+forbin+project+1970, the+saint+1997, the+longest+yard+1974, another+earth+2011, juice+1992, mobsters+1991, the+women+2008, millions+2005, remember+the+night+1940, 466 ms"
"2022-02-08T19:24:22.538794,266931,recommendation request 17645-team17.isri.cmu.edu:8082, status 200, result: the+longest+day+1962, punchline+1988, oh_+god+1977, frenzy+1972, p.s.+2004, carnosaur+2+1995, pauly+shore+is+dead+2003, light+it+up+1999, in+the+line+of+fire+1993, lifeboat+1944, grand+illusion+1937, moving+1988, the+verdict+1982, beyond+the+sea+2004, bottle+rocket+1996, in+harms+way+1965, juice+1992, ali+2001, x+the+unknown+1956, oh_+god+book+ii+1980, 454 ms"
"2022-02-08T19:24:23.378011,224472,recommendation request 17645-team17.isri.cmu.edu:8082, status 200, result: drop+zone+1994, about+last+night...+1986, my+man+godfrey+1957, ed+1996, oh_+god+1977, viva+zapata+1952, p.s.+2004, true+crime+1996, the+next+three+days+2010, detective+story+1951, die+weisse+rose+1982, moving+1988, signs+of+life+1968, the+devils+1971, changing+lanes+2002, look+whos+talking+too+1990, jersey+boys+2014, side+out+1990, oh_+god+book+ii+1980, 7+seconds+2005, 352 ms"
"2022-02-08T19:24:23.503075,222954,recommendation request 17645-team17.isri.cmu.edu:8082, status 200, result: gleaming+the+cube+1989, the+five+senses+1999, raging+bull+1980, the+conspiracy+2012, childs+play+3+1991, street+fighter+the+legend+of+chun-li+2009, missing+1982, lethal+weapon+3+1992, lifeboat+1944, dick+tracy+1990, casper+1995, psycho+1998, apocalypto+2006, grand+canyon+1991, the+verdict+1982, the+saint+1997, planet+of+the+apes+2001, gone+in+sixty+seconds+2000, jaws+3-d+1983, the+serpent+and+the+rainbow+1988, 431 ms"
"2022-02-08T19:24:23.500964,241625,recommendation request 17645-team17.isri.cmu.edu:8082, status 200, result: down+periscope+1996, rhinestone+1984, toys+1992, arranged+2007, the+perfect+score+2004, hearts+in+atlantis+2001, that+was+then...+this+is+now+1985, incognito+1997, star+trek+insurrection+1998, star+trek+iii+the+search+for+spock+1984, the+letter+1940, phoenix+1998, star+wars+1977, bulworth+1998, working+girl+1988, the+longest+yard+1974, the+producers+1967, high+anxiety+1977, mo+money+1992, me_+myself++irene+2000, 413 ms"
"2022-02-08T19:24:23.528351,160295,recommendation request 17645-team17.isri.cmu.edu:8082, status 200, result: bill+cosby+himself+1983, top+secret+1984, the+last+of+the+mohicans+1992, the+conspiracy+2012, childs+play+3+1991, 633+squadron+1964, the+bridge+at+remagen+1969, a+family+thing+1996, the+new+adventures+of+pippi+longstocking+1988, psycho+1998, the+water+horse+2007, jaws+3-d+1983, for+keeps+1988, platoon+1986, the+last+samurai+2003, the+serpent+and+the+rainbow+1988, the+truman+show+1998, look+whos+talking+too+1990, side+out+1990, black+beauty+1971, 476 ms"
"2022-02-08T19:24:23.539446,75666,recommendation request 17645-team17.isri.cmu.edu:8082, status 200, result: about+last+night...+1986, melody+time+1948, the+proprietor+1996, p.s.+2004, a+goofy+movie+1995, maze+2000, the+aristocats+1970, z+1969, gumby+the+movie+1995, were+back+a+dinosaurs+story+1993, winnie+the+pooh+2011, time+bandits+1981, shes+having+a+baby+1988, crush+2001, romeo+and+juliet+1936, side+out+1990, the+emperors+new+groove+2000, come+see+the+paradise+1990, ratatouille+2007, chicken+little+2005, 467 ms"
"2022-02-08T19:24:24.465985,222911,recommendation request 17645-team17.isri.cmu.edu:8082, status 200, result: drop+zone+1994, barbershop+2002, ed+1996, rancho+deluxe+1975, family+plot+1976, cookie+1989, how+i+won+the+war+1967, barbarosa+1982, a+family+thing+1996, cabin+boy+1994, another+thin+man+1939, lightning+jack+1994, mousehunt+1997, the+saint+1997, company+man+2000, evil+dead+ii+1987, the+late+shift+1996, american+psycho+2+all+american+girl+2002, yours_+mine+and+ours+1968, saw+vi+2009, 443 ms"
"2022-02-08T19:24:24.515498,143862,recommendation request 17645-team17.isri.cmu.edu:8082, status 200, result: drop+zone+1994, rollerball+1975, nothing+but+trouble+1991, oh_+god+1977, election+2+2006, p.s.+2004, lethal+weapon+3+1992, incognito+1997, spy+kids+3-d+game+over+2003, moving+1988, phoenix+1998, happy+together+1997, changing+lanes+2002, oh_+god+book+ii+1980, the+art+of+war+2000, fallen+angels+1995, romeo+is+bleeding+1993, hot+to+trot+1988, gremlins+1984, fantastic+four+2005, 444 ms"
"2022-02-08T19:24:24.529676,276181,recommendation request 17645-team17.isri.cmu.edu:8082, status 200, result: coldblooded+1995, dreamgirls+2006, the+house+of+yes+1997, code+of+silence+1985, the+mummys+curse+1944, dumb+and+dumber+to+2014, phoenix+1998, the+island+1980, 9+2005, albatross+2011, mothra+vs.+godzilla+1964, the+mighty+1998, jurassic+park+1993, people+like+us+2012, surfer_+dude+2008, the+hot+spot+1990, king+kong+lives+1986, from+the+hip+1987, leprechaun+2+1994, the+twelve+tasks+of+asterix+1976, 422 ms"
"2022-02-08T19:24:24.538698,158386,recommendation request 17645-team17.isri.cmu.edu:8082, status 200, result: rollerball+1975, the+longest+day+1962, the+dirty+dozen+next+mission+1985, lifeboat+1944, grand+illusion+1937, planet+of+the+apes+2001, shes+having+a+baby+1988, in+harms+way+1965, the+incredible+hulk+2008, breakfast+on+pluto+2005, rescue+dawn+2006, melvin+and+howard+1980, cutthroat+island+1995, exodus+1960, back+to+the+future+part+ii+1989, beyond+the+poseidon+adventure+1979, divergent+2014, rocky+1976, bring+it+on+again+2004, leap+of+faith+1992, 464 ms"
"2022-02-08T19:24:24.538992,106951,recommendation request 17645-team17.isri.cmu.edu:8082, status 200, result: the+dresser+1983, lucky+them+2013, dont+move+2004, p.s.+2004, that+was+then...+this+is+now+1985, maze+2000, never+again+2002, emma+2009, pushing+hands+1992, 7th+heaven+1927, albatross+2011, the+boys+are+back+2009, a+man+and+a+woman+1966, restoration+1995, a+woman+under+the+influence+1974, days+of+heaven+1978, the+brothers+2001, only+you+1994, dedication+2007, crush+2001, 476 ms"
"2022-02-08T19:24:25.453455,198030,recommendation request 17645-team17.isri.cmu.edu:8082, status 200, result: drop+zone+1994, robot+stories+2003, the+proprietor+1996, the+snowman+1982, p.s.+2004, the+warriors+way+2010, maze+2000, in+the+line+of+fire+1993, the+virgin+suicides+1999, the+verdict+1982, the+saint+1997, the+brothers+2001, for+keeps+1988, changing+lanes+2002, crush+2001, conan+the+barbarian+1982, ali+2001, north+1994, last+night+1998, lone+star+1996, 442 ms"
"2022-02-08T19:24:25.467478,64504,recommendation request 17645-team17.isri.cmu.edu:8082, status 200, result: drop+zone+1994, top+secret+1984, ed+1996, p.s.+2004, the+sky+crawlers+2008, the+addams+family+1991, maze+2000, father+of+the+bride+1991, a+little+princess+1995, casper+1995, highlander+the+search+for+vengeance+2007, the+old+dark+house+1932, the+saint+1997, the+brothers+2001, topper+1937, jurassic+park+1993, beyond+the+sea+2004, changing+lanes+2002, rat+2001, crush+2001, 446 ms"
"2022-02-08T19:24:25.632445,50004,recommendation request 17645-team17.isri.cmu.edu:8082, status 200, result: black+beauty+1994, rollerball+1975, ed+1996, star+wars+episode+iii+-+revenge+of+the+sith+2005, p.s.+2004, a+goofy+movie+1995, walle+2008, courage+under+fire+1996, snow+dogs+2002, edward+scissorhands+1990, the+aristocats+1970, nims+island+2008, a+little+princess+1995, cabin+boy+1994, dick+tracy+1990, casper+1995, the+verdict+1982, one+man+band+2005, planet+of+the+apes+2001, cars+2+2011, 596 ms"
"2022-02-08T19:24:25.657322,229330,recommendation request 17645-team17.isri.cmu.edu:8082, status 200, result: eyewitness+1981, drop+zone+1994, the+five+senses+1999, the+longest+day+1962, 8+seconds+1994, the+proprietor+1996, last+holiday+2006, p.s.+2004, lethal+weapon+3+1992, without+a+paddle+2004, a+family+thing+1996, nims+island+2008, lifeboat+1944, grand+illusion+1937, dick+tracy+1990, harry+and+tonto+1974, wake+of+death+2004, junebug+2005, changing+lanes+2002, in+harms+way+1965, 627 ms"
"2022-02-08T19:24:25.683084,2283,recommendation request 17645-team17.isri.cmu.edu:8082, status 200, result: wreck-it+ralph+2012, cry+freedom+1987, the+amazing+spider-man+2012, p.s.+2004, a+goofy+movie+1995, walle+2008, the+aristocats+1970, freaky+friday+1976, nims+island+2008, prince+of+persia+the+sands+of+time+2010, the+island+1980, money+train+1995, shes+having+a+baby+1988, the+incredible+hulk+2008, hook+1991, rumble+fish+1983, breakfast+on+pluto+2005, airport+1975+1974, melvin+and+howard+1980, benji+1974, 579 ms"
"2022-02-08T19:24:25.670762,45552,recommendation request 17645-team17.isri.cmu.edu:8082, status 200, result: eyewitness+1981, melody+time+1948, rancho+deluxe+1975, p.s.+2004, barbarosa+1982, edward+scissorhands+1990, a+family+thing+1996, fuck+2005, nims+island+2008, moving+1988, lightning+jack+1994, the+island+1980, fabled+2002, winnie+the+pooh+2011, junebug+2005, the+39+steps+2008, island+2011, king+kong+lives+1986, hook+1991, outrage+2009, 593 ms"
"2022-02-08T19:24:26.291871,231675,recommendation request 17645-team17.isri.cmu.edu:8082, status 200, result: rollerball+1975, bill+cosby+himself+1983, intersection+1994, star+wars+episode+iii+-+revenge+of+the+sith+2005, p.s.+2004, the+other+side+of+the+mountain+1975, light+it+up+1999, the+last+laugh+1924, harry+and+tonto+1974, the+verdict+1982, planet+of+the+apes+2001, another+earth+2011, an+education+2009, junebug+2005, beyond+therapy+1987, my+one+and+only+2009, the+last+command+1928, supervixens+1975, get+real+1998, bloomington+2010, 281 ms"
"2022-02-08T19:24:26.406502,283698,recommendation request 17645-team17.isri.cmu.edu:8082, status 200, result: remember+me+2010, el+topo+1970, lucky+them+2013, fire+with+fire+2012, that+was+then...+this+is+now+1985, thank+you+for+smoking+2005, little+darlings+1980, the+nasty+girl+1990, woyzeck+1979, glory+road+2006, albatross+2011, clockwatchers+1997, setup+2011, junebug+2005, juice+1992, invincible+2006, little+voice+1998, in+hell+2003, remember+the+night+1940, above+the+law+1988, 374 ms"
"2022-02-08T19:24:26.390744,212520,recommendation request 17645-team17.isri.cmu.edu:8082, status 200, result: shampoo+1975, rollerball+1975, the+last+of+the+mohicans+1992, star+wars+episode+iii+-+revenge+of+the+sith+2005, frenzy+1972, p.s.+2004, loving+you+1957, the+other+side+of+the+mountain+1975, father+of+the+bride+1991, planet+of+the+apes+2001, topper+1937, the+yakuza+1974, for+keeps+1988, the+client+1994, serial+1980, juice+1992, crush+2001, from+here+to+eternity+1953, side+out+1990, jennifer+eight+1992, 373 ms"
"2022-02-08T19:24:26.423489,160321,recommendation request 17645-team17.isri.cmu.edu:8082, status 200, result: cry+freedom+1987, rollerball+1975, forbidden+zone+1980, leaving+normal+1992, the+proprietor+1996, paths+of+glory+1957, p.s.+2004, maze+2000, detective+story+1951, z+1969, the+great+escape+1963, the+island+1980, planet+of+the+apes+2001, the+wizard+1989, fabled+2002, murphys+romance+1985, crush+2001, island+2011, ever+after+a+cinderella+story+1998, an+american+carol+2008, 363 ms"
"2022-02-08T19:24:27.315885,286994,recommendation request 17645-team17.isri.cmu.edu:8082, status 200, result: drop+zone+1994, switchback+1997, warriors+2002, barbarosa+1982, light+it+up+1999, the+wash+2001, a+time+to+kill+1996, z+1969, cabin+boy+1994, grand+illusion+1937, 42nd+street+1933, on+moonlight+bay+1951, moving+1988, even+the+rain+2010, holy+motors+2012, changing+lanes+2002, the+brave+one+2007, taking+chance+2009, the+fan+1981, high+sierra+1941, 164 ms"
"2022-02-08T19:24:28.346013,58606,recommendation request 17645-team17.isri.cmu.edu:8082, status 200, result: sullivans+travels+1941, black+beauty+1994, barbershop+2002, last+holiday+2006, doc+hollywood+1991, crossroads+2002, analyze+this+1999, the+aristocats+1970, without+a+paddle+2004, a+family+thing+1996, a+little+princess+1995, another+thin+man+1939, moving+1988, harry+and+tonto+1974, where+the+heart+is+2000, serial+1980, waiting+to+exhale+1995, junebug+2005, crush+2001, the+nuns+story+1959, 274 ms"
"2022-02-08T19:24:28.246218,232139,recommendation request 17645-team17.isri.cmu.edu:8082, status 200, result: gleaming+the+cube+1989, taps+1981, bigger+than+life+1956, the+robe+1953, l.i.e.+2001, pinky+1949, that+was+then...+this+is+now+1985, all+about+eve+1950, nightmare+alley+1947, grand+canyon+1991, the+verdict+1982, men+of+honor+2000, bulworth+1998, boomerang+1947, anywhere+but+here+1999, laura+1944, brubaker+1980, flicka+2006, dimples+1936, pushing+tin+1999, 167 ms"
"2022-02-08T19:24:29.444408,18804,recommendation request 17645-team17.isri.cmu.edu:8082, status 200, result: double+jeopardy+1999, frozen+2013, a+goofy+movie+1995, american+gigolo+1980, tarzan+1999, the+tigger+movie+2000, the+incredible+journey+1963, aladdin+1992, the+escort+1993, juice+1992, pocahontas+1995, the+godfather+1972, death+wish+1974, elsewhere+2009, the+rainmaker+1997, iron+will+1994, the+godfather+part+ii+1974, a+bugs+life+1998, the+untouchables+1987, the+incredibles+2004, 346 ms"
"2022-02-08T19:24:29.476137,115632,recommendation request 17645-team17.isri.cmu.edu:8082, status 200, result: the+gauntlet+1977, p.s.+2004, a+moment+to+remember+2004, barbarosa+1982, rambo+first+blood+part+ii+1985, dick+tracy+1990, the+island+1980, the+yakuza+1974, the+wizard+1989, painted+fire+2002, total+recall+1990, breath+2007, out+1+spectre+1972, today+you+die+2005, dark+horse+2005, portraits+chinois+1996, melvin+and+howard+1980, no+mercy+1986, back+to+the+future+part+ii+1989, lock+up+1989, 348 ms"
"2022-02-08T19:24:29.485274,95949,recommendation request 17645-team17.isri.cmu.edu:8082, status 200, result: cry+freedom+1987, forbidden+zone+1980, oh_+god+1977, notting+hill+1999, a+goofy+movie+1995, p.s.+2004, around+the+bend+2004, maze+2000, brimstone++treacle+1982, moving+1988, the+island+1980, the+brothers+2001, my+beautiful+laundrette+1985, junebug+2005, saw+vi+2009, island+2011, crush+2001, flowers+in+the+attic+1987, remember+the+night+1940, 10th++wolf+2006, 389 ms"
"2022-02-08T19:24:30.221934,18016,recommendation request 17645-team17.isri.cmu.edu:8082, status 200, result: billy+bathgate+1991, the+amazing+spider-man+2012, the+golden+voyage+of+sinbad+1973, catchfire+1990, wolf+1994, an+innocent+man+1989, apocalypto+2006, masterminds+1997, final+fantasy+the+spirits+within+2001, no+mans+land+1987, gone+in+sixty+seconds+2000, condition+red+1995, ink+2009, veronica+guerin+2003, crimson+tide+1995, in+hell+2003, leonard+part+6+1987, blankman+1994, skyfall+2012, how+to+be+a+man+2013, 154 ms"
"2022-02-08T19:24:30.450472,224591,recommendation request 17645-team17.isri.cmu.edu:8082, status 200, result: crush+1992, taps+1981, i+wake+up+screaming+1941, drop+zone+1994, the+house+of+yes+1997, 8+seconds+1994, enough+2002, light+it+up+1999, never+again+2002, midnight+1939, once+bitten+1985, star+trek+insurrection+1998, star+trek+iii+the+search+for+spock+1984, the+verdict+1982, the+saint+1997, you+and+i+2006, clockwatchers+1997, the+mighty+1998, junebug+2005, changing+lanes+2002, 379 ms"
"2022-02-08T19:24:30.520073,19310,recommendation request 17645-team17.isri.cmu.edu:8082, status 200, result: curdled+1996, melody+time+1948, six+pack+1982, punchline+1988, p.s.+2004, walle+2008, maze+2000, a+time+to+kill+1996, the+brothers+mcmullen+1995, dick+tracy+1990, one+man+band+2005, the+brothers+2001, winnie+the+pooh+2011, junebug+2005, crush+2001, island+2011, lifted+2006, his+girl+friday+1940, juno+2007, my+one+and+only+2009, 447 ms"
"2022-02-08T19:24:30.543125,295227,recommendation request 17645-team17.isri.cmu.edu:8082, status 200, result: the+cat+in+the+hat+2003, cry+freedom+1987, lockout+2012, ed+1996, a+goofy+movie+1995, deep+rising+1998, lethal+weapon+3+1992, a+time+to+kill+1996, freaky+friday+1976, haywire+2011, the+yakuza+1974, how+the+grinch+stole+christmas+2000, shes+having+a+baby+1988, the+matrix+1999, the+incredible+hulk+2008, the+nuns+story+1959, hook+1991, the+emperors+new+groove+2000, dinoshark+2010, ratatouille+2007, 465 ms"
"2022-02-08T19:24:30.599117,210663,recommendation request 17645-team17.isri.cmu.edu:8082, status 200, result: shampoo+1975, nothing+but+trouble+1991, the+five+senses+1999, intersection+1994, raging+bull+1980, doc+hollywood+1991, frenzy+1972, true+crime+1996, national+lampoons+van+wilder+2002, the+other+side+of+the+mountain+1975, incognito+1997, random+hearts+1999, the+verdict+1982, national+lampoons+vacation+1983, juice+1992, island+2011, proof+2005, texasville+1990, the+fury+1978, 7+seconds+2005, 523 ms"
"2022-02-08T19:24:30.596724,208043,recommendation request 17645-team17.isri.cmu.edu:8082, status 200, result: top+secret+1984, barbershop+2002, the+proprietor+1996, p.s.+2004, the+addams+family+1991, a+little+princess+1995, nims+island+2008, dont+say+a+word+2001, casper+1995, another+thin+man+1939, dead+reckoning+1947, the+client+1994, jurassic+park+1993, shes+having+a+baby+1988, look+whos+talking+too+1990, island+2011, juice+1992, eye+of+the+beholder+1999, side+out+1990, hook+1991, 506 ms"
"2022-02-08T19:24:31.574604,211036,recommendation request 17645-team17.isri.cmu.edu:8082, status 200, result: the+cat+in+the+hat+2003, cry+freedom+1987, drop+zone+1994, top+secret+1984, rollerball+1975, ed+1996, family+plot+1976, star+wars+episode+iii+-+revenge+of+the+sith+2005, barbarosa+1982, the+addams+family+1991, the+other+side+of+the+mountain+1975, without+a+paddle+2004, father+of+the+bride+1991, a+little+princess+1995, cabin+boy+1994, ice+castles+1978, wake+of+death+2004, planet+of+the+apes+2001, opportunity+knocks+1990, how+the+grinch+stole+christmas+2000, 460 ms"
"2022-02-08T19:24:31.571626,120314,recommendation request 17645-team17.isri.cmu.edu:8082, status 200, result: dead+of+winter+1987, mickeys+once+upon+a+christmas+1999, forbidden+zone+1980, the+magician+1958, bill+cosby+himself+1983, the+conspiracy+2012, p.s.+2004, through+a+glass+darkly+1961, the+other+side+of+the+mountain+1975, nine+queens+2000, summer+rental+1985, ice+castles+1978, chicken+run+2000, one+eight+seven+1997, albatross+2011, my+life+as+a+dog+1985, macabre+1958, a+man+and+a+woman+1966, white+palace+1990, the+passion+of+anna+1969, 445 ms"
"2022-02-08T19:24:31.591438,245745,recommendation request 17645-team17.isri.cmu.edu:8082, status 200, result: american+virgin+2000, the+conspiracy+2012, notting+hill+1999, p.s.+2004, maze+2000, asylum+1972, dick+tracy+1990, apocalypto+2006, the+saint+1997, gone+in+sixty+seconds+2000, the+brothers+2001, macabre+1958, my+beautiful+laundrette+1985, shes+having+a+baby+1988, island+2011, conan+the+barbarian+1982, crush+2001, an+american+carol+2008, untitled+2009, spasmo+1974, 412 ms"
"2022-02-08T19:24:31.607935,172365,recommendation request 17645-team17.isri.cmu.edu:8082, status 200, result: cry+freedom+1987, the+five+senses+1999, the+last+of+the+mohicans+1992, the+proprietor+1996, the+snowman+1982, the+aristocats+1970, freaky+friday+1976, z+1969, cabin+boy+1994, 42nd+street+1933, dead+reckoning+1947, from+here+to+eternity+1953, help+1965, a+knights+tale+2001, richard+iii+1955, hook+1991, carefree+1938, bingo+1991, come+see+the+paradise+1990, ratatouille+2007, 446 ms"
"2022-02-08T19:24:32.464015,297478,recommendation request 17645-team17.isri.cmu.edu:8082, status 200, result: rollerball+1975, the+conspiracy+2012, red+dawn+1984, nims+island+2008, colossus+the+forbin+project+1970, the+island+1980, planet+of+the+apes+2001, macabre+1958, for+keeps+1988, look+whos+talking+too+1990, blind+fury+1989, the+living+daylights+1987, the+women+2008, scarface+1932, above+the+law+1988, bingo+1991, lassie+2005, house+of+frankenstein+1944, benji+1974, the+allnighter+1987, 331 ms"
"2022-02-08T19:24:32.514856,40781,recommendation request 17645-team17.isri.cmu.edu:8082, status 200, result: curdled+1996, cry+freedom+1987, notting+hill+1999, p.s.+2004, frenzy+1972, the+other+side+of+the+mountain+1975, maze+2000, birdy+1984, moving+1988, harem+1985, the+yakuza+1974, the+brothers+2001, my+beautiful+laundrette+1985, shes+having+a+baby+1988, free+willy+3+the+rescue+1997, the+hitch-hiker+1953, crush+2001, mobsters+1991, 10th++wolf+2006, eight+men+out+1988, 361 ms"
"2022-02-08T19:24:32.633552,26768,recommendation request 17645-team17.isri.cmu.edu:8082, status 200, result: cry+freedom+1987, arranged+2007, the+five+senses+1999, my+man+godfrey+1957, 8+seconds+1994, ed+1996, front+of+the+class+2008, welcome+to+collinwood+2002, guest+house+paradiso+1999, the+aristocats+1970, moving+1988, the+island+1980, the+wizard+1989, full+speed+1996, the+triumph+of+love+2001, mr.+jealousy+1997, quartet+1981, the+women+2008, help+1965, the+emperors+new+groove+2000, 449 ms"
"2022-02-08T19:24:32.653814,117116,recommendation request 17645-team17.isri.cmu.edu:8082, status 200, result: cry+freedom+1987, barbershop+2002, frenzy+1972, the+other+side+of+the+mountain+1975, a+time+to+kill+1996, another+thin+man+1939, the+yakuza+1974, gravity+2013, a+man+and+a+woman+1966, the+game+1997, juice+1992, mobsters+1991, island+2011, side+out+1990, of+human+bondage+1934, man+on+the+moon+1999, they+made+me+a+criminal+1939, get+real+1998, contagion+2011, beyond+the+poseidon+adventure+1979, 494 ms"
"2022-02-08T19:24:32.687487,228805,recommendation request 17645-team17.isri.cmu.edu:8082, status 200, result: dreamgirls+2006, the+last+of+the+mohicans+1992, 8+seconds+1994, the+longest+day+1962, the+conspiracy+2012, doc+hollywood+1991, p.s.+2004, maze+2000, 633+squadron+1964, gumby+the+movie+1995, blacula+1972, dead+reckoning+1947, malice+1993, the+brothers+2001, albatross+2011, people+like+us+2012, time+bandits+1981, saw+vi+2009, crush+2001, the+fan+1981, 502 ms"
"2022-02-08T19:24:33.487707,41752,recommendation request 17645-team17.isri.cmu.edu:8082, status 200, result: rollerball+1975, dark+city+1950, the+last+of+the+mohicans+1992, how+i+won+the+war+1967, deep+rising+1998, dick+tracy+1990, tap+1989, critters+1986, apocalypto+2006, silver+city+2004, the+island+1980, planet+of+the+apes+2001, jurassic+park+1993, 2010+moby+dick+2010, kull+the+conqueror+1997, changing+lanes+2002, the+matrix+1999, x+the+unknown+1956, the+art+of+war+2000, dinoshark+2010, 330 ms"
"2022-02-08T19:24:33.529586,69000,recommendation request 17645-team17.isri.cmu.edu:8082, status 200, result: the+new+age+1994, rollerball+1975, coldblooded+1995, six+pack+1982, ed+1996, p.s.+2004, rambo+first+blood+part+ii+1985, a+time+to+kill+1996, freaky+friday+1976, dumb+and+dumber+to+2014, masterminds+1997, the+letter+1940, planet+of+the+apes+2001, the+wizard+1989, the+yakuza+1974, the+client+1994, 7+seconds+2005, today+you+die+2005, ratatouille+2007, hall+pass+2011, 426 ms"
"2022-02-08T19:24:33.528836,46248,recommendation request 17645-team17.isri.cmu.edu:8082, status 400, result: movie 1 not found, 398 ms"
"2022-02-08T19:24:34.436595,255774,recommendation request 17645-team17.isri.cmu.edu:8082, status 200, result: rollerball+1975, top+secret+1984, the+avengers+1998, house+2008, the+gauntlet+1977, the+amazing+spider-man+2012, star+wars+episode+iii+-+revenge+of+the+sith+2005, the+golden+voyage+of+sinbad+1973, frenzy+1972, a+very+harold++kumar+christmas+2011, son+of+the+mask+2005, p.s.+2004, strait-jacket+1964, macgruber+2010, incognito+1997, light+it+up+1999, in+the+line+of+fire+1993, caveman+1981, maze+2000, analyze+that+2002, 410 ms"
"2022-02-08T19:24:34.687511,306132,recommendation request 17645-team17.isri.cmu.edu:8082, status 200, result: drop+zone+1994, rollerball+1975, rio+bravo+1959, the+longest+day+1962, lockout+2012, without+a+paddle+2004, vision+quest+1985, lifeboat+1944, a+little+princess+1995, grand+illusion+1937, haywire+2011, the+witches+of+eastwick+1987, wake+of+death+2004, beneath+the+planet+of+the+apes+1970, changing+lanes+2002, shes+having+a+baby+1988, in+harms+way+1965, the+incredible+hulk+2008, hopscotch+1980, escape+from+the+planet+of+the+apes+1971, 660 ms"
"2022-02-08T19:24:34.701477,90407,recommendation request 17645-team17.isri.cmu.edu:8082, status 200, result: american+virgin+2000, life+is+beautiful+1997, arranged+2007, il+divo+2008, dont+move+2004, the+other+side+of+the+mountain+1975, 633+squadron+1964, lamerica+1994, detective+story+1951, lifeboat+1944, z+1969, grand+illusion+1937, big+trouble+2002, heavens+gate+1980, blood_+guts_+bullets+and+octane+1998, masterminds+1997, beneath+the+planet+of+the+apes+1970, the+comancheros+1961, an+education+2009, two+friends+2002, 670 ms"
"2022-02-08T19:24:34.705980,271332,recommendation request 17645-team17.isri.cmu.edu:8082, status 200, result: rollerball+1975, sleepers+1996, melody+time+1948, missing+1982, cookie+1989, light+it+up+1999, the+aristocats+1970, pitch+black+2000, fulltime+killer+2001, in+too+deep+1999, saludos+amigos+1942, planet+of+the+apes+2001, hackers+1995, shes+having+a+baby+1988, island+2011, mighty+aphrodite+1995, the+incredible+hulk+2008, above+the+law+1988, eight+men+out+1988, terminator+2+judgment+day+1991, 685 ms"
"2022-02-08T19:24:35.448885,26682,recommendation request 17645-team17.isri.cmu.edu:8082, status 200, result: robot+stories+2003, the+longest+day+1962, 8+seconds+1994, the+other+side+of+the+mountain+1975, spirit+stallion+of+the+cimarron+2002, lifeboat+1944, paul+2011, grand+illusion+1937, inception+2010, johnny+english+2003, the+island+1980, malice+1993, antz+1998, in+harms+way+1965, last+night+1998, ratatouille+2007, never+let+me+go+2010, sucker+punch+2011, shrek+the+third+2007, bulletproof+1996, 385 ms"
"2022-02-08T19:24:35.467591,82918,recommendation request 17645-team17.isri.cmu.edu:8082, status 200, result: the+parent+trap+1998, drop+zone+1994, the+fly+1986, the+proprietor+1996, return+of+the+fly+1959, loving+you+1957, the+other+side+of+the+mountain+1975, snow+dogs+2002, without+a+paddle+2004, freaky+friday+1976, detective+story+1951, dick+tracy+1990, four+friends+1981, casper+1995, apocalypto+2006, the+island+1980, wake+of+death+2004, an+education+2009, changing+lanes+2002, king+kong+lives+1986, 395 ms"
"2022-02-08T19:24:36.382578,97376,recommendation request 17645-team17.isri.cmu.edu:8082, status 200, result: starship+troopers+2+hero+of+the+federation+2004, johnny+mnemonic+1995, armageddon+1998, dick+tracy+1990, starship+troopers+3+marauder+2008, deepstar+six+1989, futureworld+1976, apocalypto+2006, shopping+1994, dj+vu+2006, the+shadow+1994, firefox+1982, toy+soldiers+1991, escape+from+l.a.+1996, the+big+hit+1998, metro+1997, thunderheart+1992, robocop+2+1990, alive+1993, i+am+number+four+2011, 286 ms"
"2022-02-08T19:24:36.561873,47768,recommendation request 17645-team17.isri.cmu.edu:8082, status 200, result: red+rock+west+1993, switchback+1997, the+replacements+2000, suddenly+1954, niagara+1953, g.i.+blues+1960, star+trek+nemesis+2002, goin+south+1978, uncommon+valor+1983, star+trek+insurrection+1998, moving+1988, monkey+business+1931, phoenix+1998, shopping+1994, flight+of+the+intruder+1991, the+truman+show+1998, cleanskin+2012, is+it+fall+yet+2000, so+fine+1981, elsewhere+2009, 449 ms"
"2022-02-08T19:24:36.600412,236999,recommendation request 17645-team17.isri.cmu.edu:8082, status 200, result: love+and+death+1975, angels+with+dirty+faces+1938, dial+m+for+murder+1954, the+errand+boy+1961, suddenly+1954, the+next+three+days+2010, midnight+1939, cq+2001, star+trek+insurrection+1998, a+family+thing+1996, big+top+pee-wee+1988, r.i.p.d.+2013, lets+do+it+again+1975, phoenix+1998, patriot+games+1992, the+yakuza+1974, the+losers+2010, changing+lanes+2002, juice+1992, good+burger+1997, 494 ms"
"2022-02-08T19:24:36.716113,245056,recommendation request 17645-team17.isri.cmu.edu:8082, status 200, result: dead+of+winter+1987, rio+2+2014, mickeys+once+upon+a+christmas+1999, ella+enchanted+2004, rollerball+1975, the+proprietor+1996, a+goofy+movie+1995, p.s.+2004, light+it+up+1999, the+aristocats+1970, freaky+friday+1976, inception+2010, chicken+run+2000, transformers+dark+of+the+moon+2011, the+poughkeepsie+tapes+2007, four+brothers+2005, the+matrix+revolutions+2003, jurassic+park+1993, murphys+romance+1985, above+the+law+1988, 615 ms"
"2022-02-08T19:24:36.749203,102860,recommendation request 17645-team17.isri.cmu.edu:8082, status 200, result: cry+freedom+1987, edmond+2005, barbershop+2002, dark+city+1950, ed+1996, street+fighter+the+legend+of+chun-li+2009, missing+1982, p.s.+2004, mystery_+alaska+1999, the+other+side+of+the+mountain+1975, light+it+up+1999, maze+2000, dick+tracy+1990, casper+1995, another+thin+man+1939, one+eight+seven+1997, the+island+1980, guilty+as+sin+1993, private+parts+1972, the+brothers+2001, 644 ms"
"2022-02-08T19:24:36.751574,258808,recommendation request 17645-team17.isri.cmu.edu:8082, status 200, result: the+last+of+the+mohicans+1992, a+goofy+movie+1995, p.s.+2004, courage+under+fire+1996, rambo+first+blood+part+ii+1985, light+it+up+1999, maze+2000, freaky+friday+1976, moving+1988, the+verdict+1982, the+brothers+2001, for+keeps+1988, shes+having+a+baby+1988, bottle+rocket+1996, free+willy+3+the+rescue+1997, island+2011, from+here+to+eternity+1953, ali+2001, the+incredible+hulk+2008, side+out+1990, 643 ms"
"2022-02-08T19:24:36.775708,185127,recommendation request 17645-team17.isri.cmu.edu:8082, status 200, result: about+last+night...+1986, six+pack+1982, the+last+of+the+mohicans+1992, 8+seconds+1994, p.s.+2004, a+goofy+movie+1995, courage+under+fire+1996, the+other+side+of+the+mountain+1975, maze+2000, a+family+thing+1996, freaky+friday+1976, forrest+gump+1994, harry+and+tonto+1974, love+story+1970, for+keeps+1988, winnie+the+pooh+2011, shes+having+a+baby+1988, island+2011, from+here+to+eternity+1953, crush+2001, 662 ms"
"2022-02-08T19:24:36.774969,90681,recommendation request 17645-team17.isri.cmu.edu:8082, status 200, result: north+by+northwest+1959, drop+zone+1994, rollerball+1975, ed+1996, star+wars+episode+iii+-+revenge+of+the+sith+2005, dick+tracy+1990, casper+1995, apocalypto+2006, the+saint+1997, planet+of+the+apes+2001, jurassic+park+1993, the+fury+1978, hook+1991, dinoshark+2010, poltergeist+iii+1988, back+to+the+future+part+ii+1989, d.a.r.y.l.+1985, divergent+2014, company+business+1991, species+1995, 643 ms"
"2022-02-08T19:24:37.379162,112217,recommendation request 17645-team17.isri.cmu.edu:8082, status 200, result: black+beauty+1994, the+glimmer+man+1996, eyewitness+1981, the+dresser+1983, intersection+1994, missing+1982, mystery_+alaska+1999, courage+under+fire+1996, brimstone++treacle+1982, frankenstein+meets+the+wolf+man+1943, detective+story+1951, dick+tracy+1990, the+man+without+a+face+1993, one+eight+seven+1997, guilty+as+sin+1993, albatross+2011, veronica+guerin+2003, island+2011, conan+the+barbarian+1982, six+weeks+1982, 335 ms"
"2022-02-08T19:24:37.398905,190553,recommendation request 17645-team17.isri.cmu.edu:8082, status 200, result: down+periscope+1996, rhinestone+1984, cry+freedom+1987, donovans+reef+1963, ed+1996, family+plot+1976, last+holiday+2006, airport+77+1977, billy+jack+1971, ghost+dad+1990, lethal+weapon+3+1992, dogma+1999, casper+1995, the+beverly+hillbillies+1993, the+island+1980, bulworth+1998, heartbeeps+1981, the+matrix+1999, hook+1991, hopscotch+1980, 348 ms"
"2022-02-08T19:24:37.390550,211521,recommendation request 17645-team17.isri.cmu.edu:8082, status 200, result: a+goofy+movie+1995, true+crime+1996, carnosaur+2+1995, barbarosa+1982, incognito+1997, fuck+2005, detective+story+1951, dick+tracy+1990, gumby+the+movie+1995, company+man+2000, the+yakuza+1974, the+client+1994, island+2011, sunday+bloody+sunday+1971, the+nuns+story+1959, outrage+2009, dinoshark+2010, jennifer+eight+1992, they+made+me+a+criminal+1939, l.i.e.+2001, 339 ms"
"2022-02-08T19:24:38.462283,78304,recommendation request 17645-team17.isri.cmu.edu:8082, status 200, result: 8+seconds+1994, the+conspiracy+2012, red+dawn+1984, true+crime+1996, the+other+side+of+the+mountain+1975, light+it+up+1999, incognito+1997, blacula+1972, masterminds+1997, the+story+of+adele+h+1975, money+train+1995, full+speed+1996, an+education+2009, juice+1992, quartet+1981, the+fan+1981, bloodsport+ii+1996, 7+seconds+2005, apartment+zero+1988, snakes+on+a+plane+2006, 431 ms"
"2022-02-08T19:24:38.502307,125462,recommendation request 17645-team17.isri.cmu.edu:8082, status 200, result: cry+freedom+1987, drop+zone+1994, top+secret+1984, robot+stories+2003, rollerball+1975, star+wars+episode+iii+-+revenge+of+the+sith+2005, p.s.+2004, barbarosa+1982, the+addams+family+1991, without+a+paddle+2004, northfork+2003, a+little+princess+1995, father+of+the+bride+1991, cabin+boy+1994, wake+of+death+2004, planet+of+the+apes+2001, changing+lanes+2002, last+night+1998, hopscotch+1980, the+professional+1981, 476 ms"
"2022-02-08T19:24:39.418248,229951,recommendation request 17645-team17.isri.cmu.edu:8082, status 200, result: rollerball+1975, six+pack+1982, the+last+of+the+mohicans+1992, raging+bull+1980, a+family+thing+1996, vision+quest+1985, a+little+princess+1995, pitch+black+2000, harry+and+tonto+1974, the+witches+of+eastwick+1987, one+eight+seven+1997, planet+of+the+apes+2001, albatross+2011, running+scared+1986, changing+lanes+2002, blind+fury+1989, the+incredible+hulk+2008, eye+of+the+beholder+1999, a+knights+tale+2001, bulletproof+1996, 183 ms"
"2022-02-08T19:24:40.434173,91503,recommendation request 17645-team17.isri.cmu.edu:8082, status 200, result: life+is+beautiful+1997, the+nest+2002, the+five+senses+1999, and+now...+ladies+and+gentlemen...+2002, mickeys+once+upon+a+christmas+1999, bossa+nova+2000, charisma+1999, what+doesnt+kill+you+2008, rancho+deluxe+1975, last+holiday+2006, p.s.+2004, barbarosa+1982, 633+squadron+1964, maze+2000, parker+2013, the+way+2010, the+brothers+mcmullen+1995, johnny+english+2003, chicken+run+2000, moving+1988, 362 ms"
"2022-02-08T19:24:40.435767,12838,recommendation request 17645-team17.isri.cmu.edu:8082, status 200, result: leave+it+to+beaver+1997, rollerball+1975, back+to+the+future+part+iii+1990, ed+1996, the+bridge+1959, the+incredible+shrinking+woman+1981, e.t.+the+extra-terrestrial+1982, casper+1995, star+wars+1977, wake+of+death+2004, planet+of+the+apes+2001, balto+1995, total+recall+1990, jurassic+park+1993, battle+of+britain+1969, hook+1991, all+quiet+on+the+western+front+1930, predator+1987, bingo+1991, patton+1970, 302 ms"
"2022-02-08T19:24:40.460665,103700,recommendation request 17645-team17.isri.cmu.edu:8082, status 200, result: north+by+northwest+1959, dead+of+winter+1987, shampoo+1975, eyewitness+1981, the+five+senses+1999, intersection+1994, punchline+1988, the+other+side+of+the+mountain+1975, birdy+1984, casper+1995, for+keeps+1988, jurassic+park+1993, junebug+2005, the+39+steps+2008, hook+1991, the+guest+2014, my+one+and+only+2009, my+girl+1991, spasmo+1974, get+real+1998, 330 ms"
"2022-02-08T19:24:40.460720,153544,recommendation request 17645-team17.isri.cmu.edu:8082, status 200, result: 8+seconds+1994, cookie+1989, p.s.+2004, son+of+the+mask+2005, courage+under+fire+1996, light+it+up+1999, gods+not+dead+2014, a+family+thing+1996, nims+island+2008, forrest+gump+1994, 3+godfathers+1948, iris+2001, phoenix+1998, money+train+1995, albatross+2011, the+women+2008, hook+1991, easy+money+1983, the+rocker+2008, kotch+1971, 358 ms"
"2022-02-08T19:24:41.398453,225102,recommendation request 17645-team17.isri.cmu.edu:8082, status 200, result: rollerball+1975, arranged+2007, the+last+of+the+mohicans+1992, the+proprietor+1996, doc+hollywood+1991, p.s.+2004, sling+blade+1996, maze+2000, the+dance+of+reality+2013, lifeboat+1944, moving+1988, dead+reckoning+1947, planet+of+the+apes+2001, the+brothers+2001, fabled+2002, the+mighty+1998, crush+2001, island+2011, above+the+law+1988, a+knights+tale+2001, 352 ms"
"2022-02-08T19:24:41.486356,141324,recommendation request 17645-team17.isri.cmu.edu:8082, status 200, result: my+man+godfrey+1957, ed+1996, james+and+the+giant+peach+1996, guest+house+paradiso+1999, a+goofy+movie+1995, a+christmas+carol+2009, the+tigger+movie+2000, jungle+2+jungle+1997, shrek+the+halls+2007, hook+1991, iron+will+1994, one+hundred+men+and+a+girl+1937, bingo+1991, ratatouille+2007, chicken+little+2005, the+principal+1987, shrek+the+third+2007, avalanche+1978, because+i+said+so+2007, beyond+the+poseidon+adventure+1979, 411 ms"
"2022-02-08T19:24:41.627214,95179,recommendation request 17645-team17.isri.cmu.edu:8082, status 200, result: criminal+law+1988, robot+stories+2003, royal+deceit+1994, p.s.+2004, courage+under+fire+1996, the+other+side+of+the+mountain+1975, maze+2000, edward+scissorhands+1990, brimstone++treacle+1982, a+family+thing+1996, asylum+1972, the+verdict+1982, malice+1993, the+brothers+2001, albatross+2011, junebug+2005, crush+2001, last+night+1998, my+one+and+only+2009, untitled+2009, 558 ms"
"2022-02-08T19:24:41.629048,174005,recommendation request 17645-team17.isri.cmu.edu:8082, status 200, result: american+virgin+2000, the+perfect+score+2004, rollerball+1975, bon+cop+bad+cop+2006, intersection+1994, thunderbolt+and+lightfoot+1974, my+man+godfrey+1957, ed+1996, star+wars+episode+iii+-+revenge+of+the+sith+2005, a+family+thing+1996, nims+island+2008, dick+tracy+1990, the+water+horse+2007, planet+of+the+apes+2001, serial+1980, junebug+2005, the+chronicles+of+narnia+the+voyage+of+the+dawn+treader+2010, conan+the+barbarian+1982, the+incredible+hulk+2008, hook+1991, 541 ms"
"2022-02-08T19:24:41.647358,231196,recommendation request 17645-team17.isri.cmu.edu:8082, status 200, result: black+beauty+1994, rollerball+1975, the+bounty+1984, lockout+2012, nothing+to+lose+1994, a+little+princess+1995, haywire+2011, the+island+1980, planet+of+the+apes+2001, patriot+games+1992, juice+1992, the+incredible+hulk+2008, hook+1991, above+the+law+1988, singham+2011, bingo+1991, today+you+die+2005, rumble+fish+1983, airport+1975+1974, bulletproof+1996, 599 ms"
"2022-02-08T19:24:41.672610,97806,recommendation request 17645-team17.isri.cmu.edu:8082, status 200, result: the+five+senses+1999, stick+it+2006, 8+seconds+1994, the+proprietor+1996, asylum+1972, cabin+boy+1994, dick+tracy+1990, paul+2011, johnny+english+2003, bad+girls+1994, in+too+deep+1999, the+verdict+1982, where+the+heart+is+2000, stonewall+1995, junebug+2005, waiting+to+exhale+1995, desk+set+1957, out+to+sea+1997, island+2011, crush+2001, 584 ms"
"2022-02-08T19:24:42.497019,106785,recommendation request 17645-team17.isri.cmu.edu:8082, status 200, result: the+nest+2002, drop+zone+1994, bill+cosby+himself+1983, what+doesnt+kill+you+2008, the+million+dollar+hotel+2000, the+gauntlet+1977, ed+1996, walle+2008, parker+2013, without+a+paddle+2004, a+little+princess+1995, pitch+black+2000, casper+1995, johnny+english+2003, one+man+band+2005, the+blue+max+1966, wake+of+death+2004, planet+of+the+apes+2001, beneath+the+planet+of+the+apes+1970, winnie+the+pooh+2011, 478 ms"
"2022-02-08T19:24:42.498013,221286,recommendation request 17645-team17.isri.cmu.edu:8082, status 200, result: drop+zone+1994, the+golden+voyage+of+sinbad+1973, frenzy+1972, maze+2000, casper+1995, the+island+1980, the+saint+1997, the+wizard+1989, dead+presidents+1995, jurassic+park+1993, changing+lanes+2002, kull+the+conqueror+1997, juice+1992, crush+2001, conan+the+barbarian+1982, ever+after+a+cinderella+story+1998, the+fury+1978, hook+1991, dinoshark+2010, jennifer+eight+1992, 481 ms"
"2022-02-08T19:24:42.499160,270388,recommendation request 17645-team17.isri.cmu.edu:8082, status 200, result: replicant+2001, black+beauty+1994, barbershop+2002, 8+seconds+1994, p.s.+2004, true+crime+1996, dead+of+night+1945, made+in+u.s.a+1966, a+little+princess+1995, nims+island+2008, cabin+boy+1994, another+thin+man+1939, conan+the+barbarian+1982, hook+1991, the+man+who+knew+too+much+1956, airport+1975+1974, dungeons++dragons+2000, bulletproof+1996, benji+1974, l.i.e.+2001, 480 ms"
"2022-02-08T19:24:42.570565,272805,recommendation request 17645-team17.isri.cmu.edu:8082, status 200, result: cry+freedom+1987, rollerball+1975, the+wedding+singer+1998, the+last+of+the+mohicans+1992, raging+bull+1980, the+longest+day+1962, p.s.+2004, the+other+side+of+the+mountain+1975, 633+squadron+1964, maze+2000, the+brothers+mcmullen+1995, taxi+2004, the+island+1980, the+brothers+2001, white+palace+1990, crush+2001, conan+the+barbarian+1982, king+kong+lives+1986, scary+movie+5+2013, the+women+2008, 530 ms"
"2022-02-08T19:24:42.585297,125670,recommendation request 17645-team17.isri.cmu.edu:8082, status 200, result: remember+me+2010, eyewitness+1981, rollerball+1975, about+last+night...+1986, the+longest+day+1962, my+man+godfrey+1957, ed+1996, star+wars+episode+iii+-+revenge+of+the+sith+2005, guest+house+paradiso+1999, sling+blade+1996, lifeboat+1944, grand+illusion+1937, harry+and+tonto+1974, planet+of+the+apes+2001, albatross+2011, the+mighty+1998, junebug+2005, shes+having+a+baby+1988, in+harms+way+1965, look+whos+talking+too+1990, 563 ms"
"2022-02-08T19:24:43.586008,246527,recommendation request 17645-team17.isri.cmu.edu:8082, status 200, result: bridget+joness+diary+2001, p.s.+2004, show+boat+1951, maze+2000, the+other+side+of+the+mountain+1975, analyze+this+1999, fuck+2005, moving+1988, iris+2001, the+letter+1940, the+brothers+2001, fabled+2002, my+beautiful+laundrette+1985, on+the+town+1949, crush+2001, mobsters+1991, island+2011, outrage+2009, dark+passage+1947, untitled+2009, 498 ms"
"2022-02-08T19:24:43.600601,161965,recommendation request 17645-team17.isri.cmu.edu:8082, status 200, result: curdled+1996, p.s.+2004, sling+blade+1996, the+other+side+of+the+mountain+1975, detective+story+1951, nims+island+2008, harry+and+tonto+1974, the+mighty+1998, an+education+2009, serial+1980, junebug+2005, the+hitch-hiker+1953, mobsters+1991, hook+1991, my+one+and+only+2009, jennifer+eight+1992, come+see+the+paradise+1990, trouble+in+paradise+1932, patton+1970, benji+1974, 509 ms"
"2022-02-08T19:24:43.530290,64529,recommendation request 17645-team17.isri.cmu.edu:8082, status 200, result: eyewitness+1981, curdled+1996, mary+poppins+1964, lockout+2012, a+goofy+movie+1995, the+addams+family+1991, freaky+friday+1976, haywire+2011, patriot+games+1992, winnie+the+pooh+2011, shes+having+a+baby+1988, the+hitch-hiker+1953, juice+1992, mobsters+1991, breakdown+1997, hopscotch+1980, the+emperors+new+groove+2000, today+you+die+2005, ratatouille+2007, shrek+the+third+2007, 486 ms"
"2022-02-08T19:24:43.599671,85859,recommendation request 17645-team17.isri.cmu.edu:8082, status 200, result: nothing+but+trouble+1991, rollerball+1975, p.s.+2004, caveman+1981, a+little+princess+1995, lifeboat+1944, gumby+the+movie+1995, planet+of+the+apes+2001, the+matrix+revolutions+2003, mobsters+1991, conan+the+barbarian+1982, the+brave+one+2007, romeo+and+juliet+1936, above+the+law+1988, spirited+away+2001, dungeons++dragons+2000, u-571+2000, fire+down+below+1997, exodus+1960, edge+of+tomorrow+2014, 540 ms"
"2022-02-08T19:24:43.635971,7832,recommendation request 17645-team17.isri.cmu.edu:8082, status 200, result: shampoo+1975, cry+freedom+1987, sleepers+1996, punchline+1988, think+like+a+man+too+2014, p.s.+2004, red+dawn+1984, maze+2000, a+family+thing+1996, the+woman+2011, the+island+1980, the+brothers+2001, the+client+1994, big+bad+mama+1974, junebug+2005, crush+2001, millions+2005, his+girl+friday+1940, shes+out+of+my+league+2010, the+fan+1981, 546 ms"
"2022-02-08T19:24:45.420200,184340,recommendation request 17645-team17.isri.cmu.edu:8082, status 200, result: murder+by+numbers+2002, the+petrified+forest+1936, mildred+pierce+1945, key+largo+1948, catchfire+1990, the+naked+prey+1965, uncommon+valor+1983, true+crime+1999, striptease+1996, clean_+shaven+1993, i+am+a+fugitive+from+a+chain+gang+1932, the+letter+1940, patriot+games+1992, condition+red+1995, flight+of+the+intruder+1991, sonny+2002, juice+1992, the+roaring+twenties+1939, murder+in+the+first+1995, in+hell+2003, 327 ms"
"2022-02-08T19:24:45.613176,256391,recommendation request 17645-team17.isri.cmu.edu:8082, status 200, result: the+perfect+score+2004, cry+freedom+1987, the+five+senses+1999, arranged+2007, the+house+of+yes+1997, 8+seconds+1994, the+snowman+1982, the+proprietor+1996, true+crime+1996, crossroads+2002, big+hero+6+2014, the+aristocats+1970, moving+1988, albatross+2011, the+longest+yard+1974, white+palace+1990, junebug+2005, the+juror+1996, the+incredible+hulk+2008, crush+2001, 529 ms"
"2022-02-08T19:24:45.719766,283422,recommendation request 17645-team17.isri.cmu.edu:8082, status 200, result: mickeys+once+upon+a+christmas+1999, rollerball+1975, melody+time+1948, the+house+of+yes+1997, frenzy+1972, p.s.+2004, the+aristocats+1970, northfork+2003, chicken+run+2000, saludos+amigos+1942, the+yakuza+1974, 9+2005, planet+of+the+apes+2001, gravity+2013, the+mighty+1998, the+game+1997, juice+1992, mobsters+1991, conan+the+barbarian+1982, the+nuns+story+1959, 608 ms"
"2022-02-08T19:24:45.829845,76332,recommendation request 17645-team17.isri.cmu.edu:8082, status 200, result: dead+of+winter+1987, wreck-it+ralph+2012, rollerball+1975, the+longest+day+1962, the+gauntlet+1977, star+wars+episode+iii+-+revenge+of+the+sith+2005, a+goofy+movie+1995, missing+1982, the+aristocats+1970, the+closet+2001, lifeboat+1944, grand+illusion+1937, planet+of+the+apes+2001, the+yakuza+1974, cars+2+2011, junebug+2005, in+harms+way+1965, sherlock+holmes+in+washington+1943, mobsters+1991, conan+the+barbarian+1982, 724 ms"
"2022-02-08T19:24:45.857553,280123,recommendation request 17645-team17.isri.cmu.edu:8082, status 200, result: eyewitness+1981, curdled+1996, the+red+shoes+1948, 8+seconds+1994, i+like+it+like+that+1994, the+other+side+of+the+mountain+1975, light+it+up+1999, rambo+first+blood+part+ii+1985, birdy+1984, love+story+1970, the+verdict+1982, harem+1985, lady+chatterley+2006, a+man+and+a+woman+1966, full+speed+1996, modesty+blaise+1966, the+hitch-hiker+1953, mobsters+1991, out+1+spectre+1972, little+white+lies+2010, 735 ms"
"2022-02-08T19:24:45.870445,73601,recommendation request 17645-team17.isri.cmu.edu:8082, status 200, result: cry+freedom+1987, rollerball+1975, notting+hill+1999, p.s.+2004, courage+under+fire+1996, maze+2000, love+story+1970, the+letter+1940, planet+of+the+apes+2001, the+brothers+2001, my+beautiful+laundrette+1985, winnie+the+pooh+2011, shes+having+a+baby+1988, island+2011, crush+2001, untitled+2009, ratatouille+2007, beyond+the+poseidon+adventure+1979, divergent+2014, seven+alone+1974, 701 ms"
"2022-02-08T19:24:45.895475,262029,recommendation request 17645-team17.isri.cmu.edu:8082, status 200, result: cry+freedom+1987, the+dresser+1983, the+last+of+the+mohicans+1992, a+goofy+movie+1995, the+other+side+of+the+mountain+1975, light+it+up+1999, lethal+weapon+3+1992, freaky+friday+1976, love+story+1970, masterminds+1997, patriot+games+1992, albatross+2011, for+keeps+1988, raising+victor+vargas+2002, juice+1992, the+matrix+1999, from+here+to+eternity+1953, side+out+1990, six+weeks+1982, breakdown+1997, 724 ms"
"2022-02-08T19:24:45.880659,82338,recommendation request 17645-team17.isri.cmu.edu:8082, status 200, result: rollerball+1975, the+golden+voyage+of+sinbad+1973, star+wars+episode+iii+-+revenge+of+the+sith+2005, a+goofy+movie+1995, p.s.+2004, shaft+in+africa+1973, the+other+side+of+the+mountain+1975, maze+2000, flashdance+1983, casper+1995, planet+of+the+apes+2001, the+brothers+2001, crush+2001, the+fury+1978, hook+1991, the+emperors+new+groove+2000, bingo+1991, untitled+2009, ratatouille+2007, chicken+little+2005, 753 ms"
"2022-02-08T19:24:46.415038,23192,recommendation request 17645-team17.isri.cmu.edu:8082, status 200, result: switchback+1997, the+boy+who+could+fly+1986, melody+time+1948, six+pack+1982, the+last+of+the+mohicans+1992, oh_+god+1977, notting+hill+1999, p.s.+2004, maze+2000, the+aristocats+1970, a+family+thing+1996, a+little+princess+1995, moving+1988, harry+and+tonto+1974, saludos+amigos+1942, the+brothers+2001, for+keeps+1988, my+beautiful+laundrette+1985, desk+set+1957, crush+2001, 304 ms"
"2022-02-08T19:24:46.461675,255733,recommendation request 17645-team17.isri.cmu.edu:8082, status 200, result: melody+time+1948, the+proprietor+1996, p.s.+2004, crossroads+2002, the+country+bears+2002, maze+2000, snow+dogs+2002, big+hero+6+2014, a+family+thing+1996, the+aristocats+1970, the+other+side+of+the+mountain+1975, forrest+gump+1994, the+brothers+mcmullen+1995, the+verdict+1982, iris+2001, saludos+amigos+1942, the+brothers+2001, dead+presidents+1995, a+man+and+a+woman+1966, for+keeps+1988, 318 ms"
"2022-02-08T19:24:47.462695,101319,recommendation request 17645-team17.isri.cmu.edu:8082, status 200, result: the+cat+in+the+hat+2003, happy+accidents+2000, about+last+night...+1986, melody+time+1948, the+dresser+1983, the+last+of+the+mohicans+1992, ed+1996, family+plot+1976, p.s.+2004, a+goofy+movie+1995, maze+2000, the+aristocats+1970, code+of+silence+1985, freaky+friday+1976, casper+1995, babe+pig+in+the+city+1998, phoenix+1998, saludos+amigos+1942, albatross+2011, opportunity+knocks+1990, 373 ms"
"2022-02-08T19:24:47.534762,115432,recommendation request 17645-team17.isri.cmu.edu:8082, status 200, result: cry+freedom+1987, the+five+senses+1999, angst+1983, criminal+law+1988, the+house+of+yes+1997, raging+bull+1980, rain+man+1988, missing+1982, p.s.+2004, sling+blade+1996, mystery_+alaska+1999, desert+blue+1999, maze+2000, a+family+thing+1996, the+brothers+mcmullen+1995, your+friends++neighbors+1998, one+eight+seven+1997, the+island+1980, guilty+as+sin+1993, the+brothers+2001, 438 ms"
"2022-02-08T19:24:47.537950,30224,recommendation request 17645-team17.isri.cmu.edu:8082, status 200, result: eyewitness+1981, six+pack+1982, frenzy+1972, true+crime+1996, courage+under+fire+1996, a+family+thing+1996, vision+quest+1985, a+little+princess+1995, harry+and+tonto+1974, the+witches+of+eastwick+1987, guilty+as+sin+1993, shes+having+a+baby+1988, island+2011, the+incredible+hulk+2008, hopscotch+1980, today+you+die+2005, spasmo+1974, they+made+me+a+criminal+1939, fire+down+below+1997, beyond+the+poseidon+adventure+1979, 454 ms"
"2022-02-08T19:24:47.535893,228720,recommendation request 17645-team17.isri.cmu.edu:8082, status 200, result: wreck-it+ralph+2012, about+last+night...+1986, robot+stories+2003, the+dresser+1983, lockout+2012, p.s.+2004, cookie+1989, a+goofy+movie+1995, the+other+side+of+the+mountain+1975, maze+2000, analyze+this+1999, wildcats+1986, northfork+2003, haywire+2011, moving+1988, albatross+2011, the+brothers+2001, the+mighty+1998, crush+2001, happy_+texas+1999, 448 ms"
"2022-02-08T19:24:48.358077,122157,recommendation request 17645-team17.isri.cmu.edu:8082, status 200, result: gleaming+the+cube+1989, taps+1981, the+five+senses+1999, bigger+than+life+1956, norma+rae+1979, that+was+then...+this+is+now+1985, five+times+two+2004, the+crucible+1996, beyond+the+clouds+1995, grand+canyon+1991, the+verdict+1982, bulworth+1998, before+sunrise+1995, laura+1944, four+daughters+1938, anthony+adverse+1936, barry+lyndon+1975, dimples+1936, the+snake+pit+1948, baby+face+1933, 319 ms"
"2022-02-08T19:24:48.377746,183220,recommendation request 17645-team17.isri.cmu.edu:8082, status 200, result: wreck-it+ralph+2012, the+next+three+days+2010, true+crime+1996, a+goofy+movie+1995, p.s.+2004, maze+2000, the+aristocats+1970, a+time+to+kill+1996, detective+story+1951, phoenix+1998, the+brothers+2001, beyond+the+sea+2004, bottle+rocket+1996, crush+2001, ali+2001, 7+seconds+2005, untitled+2009, jennifer+eight+1992, the+idolmaker+1980, romeo+is+bleeding+1993, 344 ms"
"2022-02-08T19:24:48.377693,209827,recommendation request 17645-team17.isri.cmu.edu:8082, status 200, result: drop+zone+1994, frenzy+1972, true+crime+1996, rambo+first+blood+part+ii+1985, light+it+up+1999, the+verdict+1982, the+saint+1997, patriot+games+1992, changing+lanes+2002, shes+having+a+baby+1988, juice+1992, mobsters+1991, breakdown+1997, dark+passage+1947, today+you+die+2005, spasmo+1974, they+made+me+a+criminal+1939, no+mercy+1986, fire+down+below+1997, beyond+the+poseidon+adventure+1979, 362 ms"
"2022-02-08T19:24:48.386722,170029,recommendation request 17645-team17.isri.cmu.edu:8082, status 200, result: cry+freedom+1987, the+avengers+1998, intersection+1994, ed+1996, punchline+1988, city+slickers+1991, my+man+godfrey+1957, frenzy+1972, barbarosa+1982, lethal+weapon+3+1992, incognito+1997, dick+tracy+1990, casper+1995, bad+girls+1994, analyze+that+2002, jurassic+park+1993, desk+set+1957, out+to+sea+1997, serial+1980, geronimo+an+american+legend+1993, 318 ms"
"2022-02-08T19:24:49.746932,94936,recommendation request 17645-team17.isri.cmu.edu:8082, status 200, result: replicant+2001, shampoo+1975, rollerball+1975, about+last+night...+1986, p.s.+2004, maze+2000, strait-jacket+1964, brimstone++treacle+1982, pretty+baby+1978, twentieth+century+1934, cabin+boy+1994, moving+1988, planet+of+the+apes+2001, the+brothers+2001, shes+having+a+baby+1988, look+whos+talking+too+1990, crush+2001, murphys+romance+1985, help+1965, side+out+1990, 636 ms"
"2022-02-08T19:24:49.855533,167280,recommendation request 17645-team17.isri.cmu.edu:8082, status 200, result: sullivans+travels+1941, robot+stories+2003, the+house+of+yes+1997, the+proprietor+1996, punchline+1988, last+holiday+2006, city+slickers+1991, p.s.+2004, missing+1982, mystery_+alaska+1999, barbarosa+1982, 633+squadron+1964, macgruber+2010, the+wash+2001, without+a+paddle+2004, northfork+2003, bad+girls+1994, in+too+deep+1999, one+eight+seven+1997, guilty+as+sin+1993, 684 ms"
"2022-02-08T19:24:49.852101,30208,recommendation request 17645-team17.isri.cmu.edu:8082, status 200, result: melody+time+1948, six+pack+1982, the+last+of+the+mohicans+1992, notting+hill+1999, p.s.+2004, deep+rising+1998, the+other+side+of+the+mountain+1975, maze+2000, the+aristocats+1970, a+family+thing+1996, harry+and+tonto+1974, saludos+amigos+1942, patriot+games+1992, the+brothers+2001, for+keeps+1988, my+beautiful+laundrette+1985, an+education+2009, shes+having+a+baby+1988, juice+1992, crush+2001, 744 ms"
"2022-02-08T19:24:49.855710,78703,recommendation request 17645-team17.isri.cmu.edu:8082, status 200, result: drop+zone+1994, rollerball+1975, top+secret+1984, sleepers+1996, star+wars+episode+iii+-+revenge+of+the+sith+2005, crossroads+2002, the+other+side+of+the+mountain+1975, the+addams+family+1991, the+country+bears+2002, snow+dogs+2002, without+a+paddle+2004, in+the+line+of+fire+1993, a+little+princess+1995, big+hero+6+2014, detective+story+1951, dead+reckoning+1947, wake+of+death+2004, malice+1993, the+client+1994, planet+of+the+apes+2001, 711 ms"
"2022-02-08T19:24:49.908745,47611,recommendation request 17645-team17.isri.cmu.edu:8082, status 200, result: remember+me+2010, cry+freedom+1987, the+five+senses+1999, the+last+of+the+mohicans+1992, leaving+normal+1992, desert+blue+1999, missing+1982, mystery_+alaska+1999, the+other+side+of+the+mountain+1975, an+evening+with+kevin+smith+2002, father+of+the+bride+1991, ice+castles+1978, your+friends++neighbors+1998, splash+1984, one+eight+seven+1997, guilty+as+sin+1993, stonewall+1995, the+mighty+1998, a+decade+under+the+influence+2003, junebug+2005, 750 ms"
"2022-02-08T19:24:49.911530,101549,recommendation request 17645-team17.isri.cmu.edu:8082, status 200, result: replicant+2001, cry+freedom+1987, shaft+in+africa+1973, warriors+2002, snow+dogs+2002, in+the+line+of+fire+1993, freaky+friday+1976, 42nd+street+1933, on+moonlight+bay+1951, nims+island+2008, lifeboat+1944, moving+1988, harry+and+tonto+1974, the+verdict+1982, dead+reckoning+1947, even+the+rain+2010, holy+motors+2012, malice+1993, junebug+2005, hook+1991, 742 ms"
"2022-02-08T19:24:50.366633,304082,recommendation request 17645-team17.isri.cmu.edu:8082, status 200, result: drop+zone+1994, bill+cosby+himself+1983, p.s.+2004, a+christmas+carol+2009, without+a+paddle+2004, the+saint+1997, the+truman+show+1998, changing+lanes+2002, time+bandits+1981, north+1994, beyond+therapy+1987, today+you+die+2005, spaced+invaders+1990, bulletproof+1996, muppets+from+space+1999, beyond+the+poseidon+adventure+1979, meatballs+4+1992, seven+alone+1974, mumford+1999, daylight+1996, 297 ms"
"2022-02-08T19:24:50.484734,163729,recommendation request 17645-team17.isri.cmu.edu:8082, status 200, result: black+beauty+1994, mickeys+once+upon+a+christmas+1999, barbershop+2002, bridget+joness+diary+2001, dark+city+1950, true+crime+1996, all+the+mornings+of+the+world+1991, a+little+princess+1995, mallrats+1995, chicken+run+2000, another+thin+man+1939, moving+1988, the+letter+1940, analyze+that+2002, fabled+2002, full+speed+1996, island+2011, the+nuns+story+1959, 7+seconds+2005, atonement+2007, 413 ms"
"2022-02-08T19:24:50.536090,132665,recommendation request 17645-team17.isri.cmu.edu:8082, status 200, result: north+by+northwest+1959, eyewitness+1981, rollerball+1975, coldblooded+1995, mary+poppins+1964, p.s.+2004, the+other+side+of+the+mountain+1975, maze+2000, vision+quest+1985, a+little+princess+1995, gumby+the+movie+1995, ice+castles+1978, dumb+and+dumber+to+2014, the+witches+of+eastwick+1987, the+letter+1940, planet+of+the+apes+2001, modesty+blaise+1966, crush+2001, from+here+to+eternity+1953, ali+2001, 459 ms"
"2022-02-08T19:24:50.619094,65532,recommendation request 17645-team17.isri.cmu.edu:8082, status 200, result: drop+zone+1994, mary+poppins+1964, 8+seconds+1994, the+other+side+of+the+mountain+1975, northfork+2003, the+saint+1997, gravity+2013, another+earth+2011, an+education+2009, changing+lanes+2002, dugs+special+mission+2009, ratatouille+2007, cars+2006, get+real+1998, bloomington+2010, dopamine+2003, bring+it+on+again+2004, la+luna+2011, l.i.e.+2001, johnny+belinda+1948, 548 ms"
"2022-02-08T19:24:50.644745,6133,recommendation request 17645-team17.isri.cmu.edu:8082, status 200, result: switchback+1997, a+goofy+movie+1995, red+dawn+1984, p.s.+2004, maze+2000, once+bitten+1985, without+a+paddle+2004, freaky+friday+1976, birdy+1984, guilty+as+sin+1993, harem+1985, the+brothers+2001, winnie+the+pooh+2011, serial+1980, changing+lanes+2002, the+living+daylights+1987, crush+2001, above+the+law+1988, eight+men+out+1988, untitled+2009, 567 ms"
"2022-02-08T19:24:50.658433,171860,recommendation request 17645-team17.isri.cmu.edu:8082, status 200, result: cry+freedom+1987, mary+poppins+1964, my+man+godfrey+1957, ed+1996, raging+bull+1980, a+goofy+movie+1995, the+country+bears+2002, snow+dogs+2002, lethal+weapon+3+1992, freaky+friday+1976, ice+castles+1978, moving+1988, desk+set+1957, free+willy+3+the+rescue+1997, from+here+to+eternity+1953, return+to+the+blue+lagoon+1991, the+women+2008, ali+2001, the+loves+of+carmen+1948, the+dream+team+1989, 582 ms"
"2022-02-08T19:24:51.580669,26849,recommendation request 17645-team17.isri.cmu.edu:8082, status 200, result: curdled+1996, major+league+ii+1994, frenzy+1972, a+goofy+movie+1995, the+andromeda+strain+1971, freaky+friday+1976, psycho+1998, moving+1988, the+island+1980, winnie+the+pooh+2011, the+hitch-hiker+1953, mobsters+1991, the+emperors+new+groove+2000, ratatouille+2007, spasmo+1974, hot+to+trot+1988, bulletproof+1996, shrek+the+third+2007, fire+down+below+1997, beyond+the+poseidon+adventure+1979, 496 ms"
"2022-02-08T19:24:51.637578,167203,recommendation request 17645-team17.isri.cmu.edu:8082, status 200, result: cry+freedom+1987, the+five+senses+1999, my+man+godfrey+1957, punchline+1988, 8+seconds+1994, the+proprietor+1996, ed+1996, frenzy+1972, true+crime+1996, z+1969, dick+tracy+1990, lifeboat+1944, dont+say+a+word+2001, apocalypto+2006, the+saint+1997, gone+in+sixty+seconds+2000, the+serpent+and+the+rainbow+1988, junebug+2005, my+one+and+only+2009, starship+troopers+1997, 550 ms"
"2022-02-08T19:24:51.675661,256915,recommendation request 17645-team17.isri.cmu.edu:8082, status 200, result: the+pride+and+the+passion+1957, nothing+but+trouble+1991, el+topo+1970, the+conspiracy+2012, childs+play+3+1991, p.s.+2004, son+of+the+mask+2005, barbarosa+1982, the+wash+2001, macgruber+2010, a+time+to+kill+1996, asylum+1972, dont+say+a+word+2001, national+lampoons+vacation+1983, topper+1937, jaws+3-d+1983, junebug+2005, the+serpent+and+the+rainbow+1988, shes+having+a+baby+1988, surfer_+dude+2008, 586 ms"
"2022-02-08T19:24:51.697607,79294,recommendation request 17645-team17.isri.cmu.edu:8082, status 200, result: eyewitness+1981, rollerball+1975, dreamgirls+2006, ed+1996, p.s.+2004, frenzy+1972, true+crime+1996, crossroads+2002, nims+island+2008, casper+1995, the+next+karate+kid+1994, steel+1997, planet+of+the+apes+2001, albatross+2011, jurassic+park+1993, modesty+blaise+1966, people+like+us+2012, hook+1991, hopscotch+1980, a+knights+tale+2001, 604 ms"
"2022-02-08T19:24:51.714163,277743,recommendation request 17645-team17.isri.cmu.edu:8082, status 200, result: eyewitness+1981, curdled+1996, switchback+1997, the+wood+1999, a+goofy+movie+1995, red+dawn+1984, p.s.+2004, the+lucky+ones+2008, freaky+friday+1976, birdy+1984, forrest+gump+1994, the+beverly+hillbillies+1993, love+story+1970, harem+1985, junebug+2005, shes+having+a+baby+1988, the+hitch-hiker+1953, the+living+daylights+1987, mobsters+1991, above+the+law+1988, 613 ms"
"2022-02-08T19:24:51.729963,134501,recommendation request 17645-team17.isri.cmu.edu:8082, status 200, result: cry+freedom+1987, mary+poppins+1964, the+proprietor+1996, the+snowman+1982, p.s.+2004, the+warriors+way+2010, the+other+side+of+the+mountain+1975, maze+2000, the+aristocats+1970, z+1969, lifeboat+1944, ice+castles+1978, the+island+1980, planet+of+the+apes+2001, another+earth+2011, beyond+the+sea+2004, crush+2001, saw+vi+2009, conan+the+barbarian+1982, ali+2001, 623 ms"
"2022-02-08T19:24:52.452201,115235,recommendation request 17645-team17.isri.cmu.edu:8082, status 200, result: cry+freedom+1987, rollerball+1975, the+five+senses+1999, what+doesnt+kill+you+2008, melody+time+1948, 8+seconds+1994, the+proprietor+1996, frenzy+1972, the+aristocats+1970, a+time+to+kill+1996, the+dancemaker+1998, phoenix+1998, the+island+1980, saludos+amigos+1942, planet+of+the+apes+2001, jurassic+park+1993, kull+the+conqueror+1997, warriors+of+heaven+and+earth+2003, island+2011, of+human+bondage+1934, 304 ms"
"2022-02-08T19:24:52.452385,134015,recommendation request 17645-team17.isri.cmu.edu:8082, status 200, result: born+american+1986, shampoo+1975, dreamgirls+2006, bride+of+the+wind+2001, now_+voyager+1942, loving+you+1957, that+was+then...+this+is+now+1985, house+of+dracula+1945, once+bitten+1985, gods+not+dead+2014, crossroads+1986, gidget+1959, ice+castles+1978, random+hearts+1999, the+letter+1940, albatross+2011, away+from+her+2006, people+like+us+2012, from+here+to+eternity+1953, m.+butterfly+1993, 383 ms"
"2022-02-08T19:24:52.507708,249173,recommendation request 17645-team17.isri.cmu.edu:8082, status 200, result: curdled+1996, drop+zone+1994, nothing+but+trouble+1991, ed+1996, paths+of+glory+1957, the+conspiracy+2012, family+plot+1976, how+i+won+the+war+1967, birdy+1984, the+last+legion+2007, casper+1995, the+island+1980, the+saint+1997, the+yakuza+1974, company+man+2000, macabre+1958, gravity+2013, jurassic+park+1993, changing+lanes+2002, the+game+1997, 395 ms"
"2022-02-08T19:24:53.433068,270467,recommendation request 17645-team17.isri.cmu.edu:8082, status 200, result: about+last+night...+1986, p.s.+2004, spartacus+1960, maze+2000, northfork+2003, nims+island+2008, written+on+the+wind+1956, phoenix+1998, the+brothers+2001, working+girl+1988, gravity+2013, another+earth+2011, junebug+2005, crush+2001, the+incredible+hulk+2008, side+out+1990, hook+1991, untitled+2009, my+one+and+only+2009, breakfast+on+pluto+2005, 377 ms"
"2022-02-08T19:24:54.377265,230095,recommendation request 17645-team17.isri.cmu.edu:8082, status 200, result: rollerball+1975, werewolves+on+wheels+1971, the+westerner+1940, the+golden+voyage+of+sinbad+1973, p.s.+2004, barbarosa+1982, the+wash+2001, father+of+the+bride+1991, nims+island+2008, tap+1989, pitch+black+2000, apocalypto+2006, the+island+1980, knights+of+badassdom+2013, planet+of+the+apes+2001, topper+1937, gone+in+sixty+seconds+2000, jurassic+park+1993, kull+the+conqueror+1997, veronica+guerin+2003, 347 ms"
"2022-02-08T19:24:54.476738,128390,recommendation request 17645-team17.isri.cmu.edu:8082, status 200, result: the+cat+in+the+hat+2003, mickeys+once+upon+a+christmas+1999, punchline+1988, 8+seconds+1994, city+slickers+1991, ed+1996, courage+under+fire+1996, barbarosa+1982, lethal+weapon+3+1992, a+time+to+kill+1996, in+the+line+of+fire+1993, a+little+princess+1995, bad+girls+1994, gumby+the+movie+1995, the+yakuza+1974, a+man+and+a+woman+1966, how+the+grinch+stole+christmas+2000, geronimo+an+american+legend+1993, island+2011, the+matrix+1999, 386 ms"
"2022-02-08T19:24:55.387599,147374,recommendation request 17645-team17.isri.cmu.edu:8082, status 200, result: abandon+2002, double+jeopardy+1999, the+firm+1993, primal+fear+1996, that+was+then...+this+is+now+1985, the+last+minute+2001, hoodlum+1997, even+money+2006, and+then+there+were+none+1945, zodiac+2007, sonny+2002, island+2011, elsewhere+2009, the+temp+1993, double+indemnity+1944, above+the+rim+1994, fire+in+the+sky+1993, the+final+cut+2004, boy+a+2007, blow+2001, 269 ms"
"2022-02-08T19:24:55.488497,105082,recommendation request 17645-team17.isri.cmu.edu:8082, status 200, result: rollerball+1975, the+dresser+1983, desert+blue+1999, a+goofy+movie+1995, warriors+2002, the+other+side+of+the+mountain+1975, an+amazing+couple+2002, your+friends++neighbors+1998, phoenix+1998, holy+motors+2012, even+the+rain+2010, planet+of+the+apes+2001, albatross+2011, dry+cleaning+1997, junebug+2005, bottle+rocket+1996, ali+2001, six+weeks+1982, my+one+and+only+2009, down+in+the+delta+1998, 390 ms"
"2022-02-08T19:24:55.493142,181771,recommendation request 17645-team17.isri.cmu.edu:8082, status 200, result: gleaming+the+cube+1989, melody+time+1948, six+pack+1982, last+holiday+2006, up+the+yangtze+2007, courage+under+fire+1996, the+nomi+song+2004, the+aristocats+1970, fuck+2005, lifeboat+1944, grand+canyon+1991, the+verdict+1982, saludos+amigos+1942, from+here+to+eternity+1953, ali+2001, hook+1991, hopscotch+1980, from+the+hip+1987, bingo+1991, pickup+on+south+street+1953, 396 ms"
"2022-02-08T19:24:55.523716,113381,recommendation request 17645-team17.isri.cmu.edu:8082, status 200, result: the+girl+next+door+2004, cry+freedom+1987, the+new+age+1994, top+secret+1984, bill+cosby+himself+1983, forces+of+nature+1999, the+conspiracy+2012, frenzy+1972, freddy+got+fingered+2001, maze+2000, inception+2010, excision+2012, the+island+1980, crush+2001, island+2011, bridesmaids+2011, unfinished+business+2015, beyond+therapy+1987, from+the+hip+1987, the+fan+1981, 427 ms"
"2022-02-08T19:24:55.576605,97787,recommendation request 17645-team17.isri.cmu.edu:8082, status 200, result: the+nest+2002, mickeys+once+upon+a+christmas+1999, what+doesnt+kill+you+2008, mary+poppins+1964, son+of+the+mask+2005, mystery_+alaska+1999, parker+2013, the+andromeda+strain+1971, the+world+unseen+2007, freaky+friday+1976, northfork+2003, the+flying+saucer+1950, the+rage+carrie+2+1999, chicken+run+2000, in+too+deep+1999, psycho+1998, johnny+english+2003, silver+city+2004, another+earth+2011, junebug+2005, 442 ms"
"2022-02-08T19:24:56.376106,216441,recommendation request 17645-team17.isri.cmu.edu:8082, status 200, result: cry+freedom+1987, the+cobbler+2014, suburban+commando+1991, robot+stories+2003, the+thief+of+bagdad+1924, male+and+female+1919, missing+1982, mystery_+alaska+1999, the+other+side+of+the+mountain+1975, spirit+stallion+of+the+cimarron+2002, the+last+laugh+1924, a+family+thing+1996, frozen+2007, mothlight+1963, c.h.o.m.p.s.+1979, one+eight+seven+1997, guilty+as+sin+1993, white+palace+1990, junebug+2005, island+2011, 266 ms"
"2022-02-08T19:24:56.518539,184035,recommendation request 17645-team17.isri.cmu.edu:8082, status 200, result: nothing+but+trouble+1991, top+secret+1984, arranged+2007, rio+bravo+1959, the+krays+1990, barbarosa+1982, the+addams+family+1991, lethal+weapon+3+1992, the+wash+2001, a+little+princess+1995, inception+2010, national+lampoons+vacation+1983, wake+of+death+2004, malice+1993, the+devils+1971, opportunity+knocks+1990, stand+and+deliver+1988, juice+1992, the+matrix+1999, synecdoche_+new+york+2008, 401 ms"
"2022-02-08T19:24:56.520316,44211,recommendation request 17645-team17.isri.cmu.edu:8082, status 200, result: dark+city+1950, my+man+godfrey+1957, 8+seconds+1994, ed+1996, intersection+1994, the+longest+day+1962, sling+blade+1996, parking+2008, p.s.+2004, a+goofy+movie+1995, the+other+side+of+the+mountain+1975, snow+dogs+2002, lifeboat+1944, grand+illusion+1937, the+mighty+1998, cars+2+2011, junebug+2005, in+harms+way+1965, warriors+of+heaven+and+earth+2003, island+2011, 383 ms"
"2022-02-08T19:24:57.296299,178258,recommendation request 17645-team17.isri.cmu.edu:8082, status 200, result: curdled+1996, angels+with+dirty+faces+1938, circus+2000, sling+blade+1996, dont+move+2004, jab+we+met+2007, that+was+then...+this+is+now+1985, the+last+minute+2001, the+lookout+2007, r.i.p.d.+2013, lets+do+it+again+1975, the+mighty+1998, s.w.a.t.+2003, the+hitch-hiker+1953, island+2011, proof+2005, laura+1944, mobsters+1991, side+out+1990, left+luggage+1998, 273 ms"
"2022-02-08T19:24:57.452572,217289,recommendation request 17645-team17.isri.cmu.edu:8082, status 200, result: committed+2000, on+the+waterfront+1954, boyhood+2014, elegy+2008, that+was+then...+this+is+now+1985, rudy+1993, 21+2008, american+hustle+2013, striptease+1996, dead+reckoning+1947, malice+1993, the+big+heat+1953, sonny+2002, baby+boy+2001, leon+the+professional+1994, silverado+1985, tumbleweeds+1999, home+room+2002, l.i.e.+2001, true+believer+1989, 400 ms"
"2022-02-08T19:24:57.481218,16616,recommendation request 17645-team17.isri.cmu.edu:8082, status 200, result: eyewitness+1981, cry+freedom+1987, rollerball+1975, curdled+1996, the+last+of+the+mohicans+1992, the+longest+day+1962, major+league+ii+1994, 633+squadron+1964, vision+quest+1985, a+little+princess+1995, moving+1988, the+witches+of+eastwick+1987, guilty+as+sin+1993, planet+of+the+apes+2001, modesty+blaise+1966, the+hitch-hiker+1953, mobsters+1991, romeo+and+juliet+1936, hopscotch+1980, hot+to+trot+1988, 432 ms"
"2022-02-08T19:24:57.489635,217440,recommendation request 17645-team17.isri.cmu.edu:8082, status 200, result: the+five+senses+1999, the+dresser+1983, 8+seconds+1994, the+proprietor+1996, p.s.+2004, true+crime+1996, the+next+three+days+2010, the+other+side+of+the+mountain+1975, maze+2000, northfork+2003, z+1969, camera+buff+1979, bad+girls+1994, the+verdict+1982, the+brothers+2001, albatross+2011, gravity+2013, another+earth+2011, crush+2001, island+2011, 446 ms"
"2022-02-08T19:24:57.495166,132214,recommendation request 17645-team17.isri.cmu.edu:8082, status 200, result: eyewitness+1981, rollerball+1975, melody+time+1948, ed+1996, frenzy+1972, sleeping+beauty+1959, the+andromeda+strain+1971, the+aristocats+1970, lethal+weapon+3+1992, casper+1995, psycho+1998, dead+reckoning+1947, saludos+amigos+1942, changing+lanes+2002, synecdoche_+new+york+2008, hook+1991, the+guest+2014, hopscotch+1980, bingo+1991, escape+from+the+planet+of+the+apes+1971, 447 ms"
"2022-02-08T19:24:57.490626,168481,recommendation request 17645-team17.isri.cmu.edu:8082, status 200, result: donovans+reef+1963, once+upon+a+forest+1993, the+five+senses+1999, the+snowman+1982, finding+nemo+2003, last+holiday+2006, black+sheep+1996, duck+soup+1933, dogma+1999, star+wars+1977, cars+2+2011, battle+for+terra+2007, before+sunrise+1995, hook+1991, hopscotch+1980, anthony+adverse+1936, dugs+special+mission+2009, barry+lyndon+1975, ratatouille+2007, bingo+1991, 439 ms"
"2022-02-08T19:24:58.275491,123647,recommendation request 17645-team17.isri.cmu.edu:8082, status 200, result: the+new+age+1994, switchback+1997, sleepers+1996, 8+seconds+1994, the+other+side+of+the+mountain+1975, birdy+1984, the+beverly+hillbillies+1993, guilty+as+sin+1993, harem+1985, albatross+2011, the+client+1994, desk+set+1957, junebug+2005, the+women+2008, six+weeks+1982, the+man+who+knew+too+much+1956, eight+men+out+1988, high+sierra+1941, my+one+and+only+2009, boys+and+girls+2000, 208 ms"
"2022-02-08T19:24:58.322762,36748,recommendation request 17645-team17.isri.cmu.edu:8082, status 200, result: worth+winning+1989, the+parent+trap+1961, bill+cosby+himself+1983, that+was+then...+this+is+now+1985, snow+dogs+2002, pauly+shore+is+dead+2003, maze+2000, one+hundred+and+one+dalmatians+1961, freaky+friday+1976, emma+2009, that+darn+cat+1997, green+card+1990, only+you+1994, dedication+2007, crush+2001, beyond+therapy+1987, the+300+spartans+1962, quiz+show+1994, zoot+suit+1981, meatballs+4+1992, 224 ms"
"2022-02-08T19:24:59.407668,252259,recommendation request 17645-team17.isri.cmu.edu:8082, status 200, result: american+virgin+2000, a+nightmare+on+elm+street+part+2+freddys+revenge+1985, raging+bull+1980, a+family+thing+1996, birdy+1984, fulltime+killer+2001, psycho+1998, in+too+deep+1999, critters+1986, bad+girls+1994, harem+1985, the+yakuza+1974, albatross+2011, beyond+the+sea+2004, american+psycho+2+all+american+girl+2002, juice+1992, scarface+1932, x+the+unknown+1956, eight+men+out+1988, dinoshark+2010, 361 ms"
"2022-02-08T19:24:59.625543,308519,recommendation request 17645-team17.isri.cmu.edu:8082, status 200, result: raging+bull+1980, dances+with+wolves+1990, the+other+side+of+the+mountain+1975, a+family+thing+1996, footloose+1984, detective+story+1951, ice+castles+1978, the+verdict+1982, a+patch+of+blue+1965, an+education+2009, warriors+of+heaven+and+earth+2003, from+here+to+eternity+1953, ali+2001, romeo+and+juliet+1936, azumi+2003, the+loves+of+carmen+1948, h.m.+pulham_+esq.+1941, jennifer+eight+1992, eight+men+out+1988, the+idolmaker+1980, 553 ms"
"2022-02-08T19:24:59.670368,83099,recommendation request 17645-team17.isri.cmu.edu:8082, status 200, result: rollerball+1975, nothing+but+trouble+1991, the+five+senses+1999, rio+bravo+1959, agnes+of+god+1985, the+proprietor+1996, star+wars+episode+iii+-+revenge+of+the+sith+2005, frenzy+1972, p.s.+2004, carnosaur+2+1995, in+the+line+of+fire+1993, detective+story+1951, forrest+gump+1994, planet+of+the+apes+2001, unforgiven+1992, island+2011, the+juror+1996, out+1+spectre+1972, x+the+unknown+1956, dinoshark+2010, 583 ms"
"2022-02-08T19:24:59.694054,92658,recommendation request 17645-team17.isri.cmu.edu:8082, status 200, result: cry+freedom+1987, ed+1996, bustin+loose+1981, p.s.+2004, loving+you+1957, the+wash+2001, the+other+side+of+the+mountain+1975, lethal+weapon+3+1992, a+family+thing+1996, birdy+1984, nims+island+2008, tap+1989, casper+1995, inception+2010, moving+1988, the+island+1980, wake+of+death+2004, for+keeps+1988, jurassic+park+1993, junebug+2005, 620 ms"
"2022-02-08T19:24:59.705744,61889,recommendation request 17645-team17.isri.cmu.edu:8082, status 200, result: drop+zone+1994, rollerball+1975, robot+stories+2003, mary+poppins+1964, ed+1996, p.s.+2004, a+goofy+movie+1995, the+other+side+of+the+mountain+1975, freaky+friday+1976, northfork+2003, a+shock+to+the+system+1990, the+saint+1997, planet+of+the+apes+2001, the+wizard+1989, changing+lanes+2002, have+rocket_+will+travel+1959, the+juror+1996, ali+2001, last+night+1998, the+three+stooges+in+orbit+1962, 621 ms"
"2022-02-08T19:24:59.705841,222545,recommendation request 17645-team17.isri.cmu.edu:8082, status 200, result: the+wood+1999, american+pimp+1999, the+house+of+yes+1997, intersection+1994, p.s.+2004, loving+you+1957, the+lucky+ones+2008, maze+2000, spirit+stallion+of+the+cimarron+2002, light+it+up+1999, the+verdict+1982, phoenix+1998, opportunity+knocks+1990, the+mighty+1998, junebug+2005, serial+1980, crush+2001, from+here+to+eternity+1953, ali+2001, the+hot+spot+1990, 615 ms"
"2022-02-08T19:25:00.439089,49210,recommendation request 17645-team17.isri.cmu.edu:8082, status 200, result: the+proprietor+1996, p.s.+2004, the+promise+2005, warriors+2002, the+other+side+of+the+mountain+1975, maze+2000, spirit+stallion+of+the+cimarron+2002, fighter+2007, the+yakuza+1974, beyond+the+sea+2004, an+education+2009, island+2011, crush+2001, scary+movie+5+2013, side+out+1990, atonement+2007, dark+horse+2005, spasmo+1974, white+chicks+2004, chicken+little+2005, 419 ms"
"2022-02-08T19:25:00.454277,8277,recommendation request 17645-team17.isri.cmu.edu:8082, status 200, result: cry+freedom+1987, the+magician+1958, rollerball+1975, what+doesnt+kill+you+2008, mary+poppins+1964, intersection+1994, the+snowman+1982, star+wars+episode+iii+-+revenge+of+the+sith+2005, through+a+glass+darkly+1961, the+warriors+way+2010, frenzy+1972, spirit+stallion+of+the+cimarron+2002, a+time+to+kill+1996, a+family+thing+1996, freaky+friday+1976, running+free+1999, planet+of+the+apes+2001, my+life+as+a+dog+1985, the+passion+of+anna+1969, yours_+mine+and+ours+1968, 405 ms"
"2022-02-08T19:25:00.439044,210518,recommendation request 17645-team17.isri.cmu.edu:8082, status 200, result: gleaming+the+cube+1989, rollerball+1975, suburban+commando+1991, double+team+1997, pitch+black+2000, spy+kids+3-d+game+over+2003, grand+canyon+1991, masterminds+1997, the+verdict+1982, hellboy+2004, planet+of+the+apes+2001, were+back+a+dinosaurs+story+1993, junebug+2005, island+2011, my+one+and+only+2009, teenage+mutant+ninja+turtles+2014, underdog+2007, back+to+the+future+part+ii+1989, maximum+risk+1996, divergent+2014, 386 ms"
"2022-02-08T19:25:00.454237,30576,recommendation request 17645-team17.isri.cmu.edu:8082, status 200, result: gleaming+the+cube+1989, eyewitness+1981, the+five+senses+1999, the+dresser+1983, contempt+1963, footloose+1984, lifeboat+1944, nighthawks+1981, grand+canyon+1991, the+verdict+1982, the+blue+max+1966, planet+of+the+apes+2001, albatross+2011, beneath+the+planet+of+the+apes+1970, on+deadly+ground+1994, serial+1980, youth+without+youth+2007, island+2011, eye+of+the+beholder+1999, six+weeks+1982, 368 ms"
"2022-02-08T19:25:01.309961,282259,recommendation request 17645-team17.isri.cmu.edu:8082, status 200, result: samurai+fiction+1998, dead+of+winter+1987, rollerball+1975, melody+time+1948, mutiny+on+the+bounty+1962, an+amazing+couple+2002, the+country+bears+2002, the+aristocats+1970, snow+dogs+2002, fuck+2005, r100+2013, lenfer+1994, saludos+amigos+1942, sanjuro+1962, dry+cleaning+1997, the+poughkeepsie+tapes+2007, planet+of+the+apes+2001, outrage+2009, a+taxing+woman+1987, rushmore+1998, 212 ms"
"2022-02-08T19:25:02.495040,238690,recommendation request 17645-team17.isri.cmu.edu:8082, status 200, result: cry+freedom+1987, the+outlaw+josey+wales+1976, bill+cosby+himself+1983, the+haunting+in+connecticut+2+ghosts+of+georgia+2013, doc+hollywood+1991, true+crime+1996, detective+story+1951, birdy+1984, johnny+english+2003, the+verdict+1982, phoenix+1998, the+island+1980, big+jake+1971, unforgiven+1992, jurassic+park+1993, lady+in+white+1988, saw+vi+2009, scary+movie+5+2013, beyond+therapy+1987, saw+iii+2006, 470 ms"
"2022-02-08T19:25:02.505590,98604,recommendation request 17645-team17.isri.cmu.edu:8082, status 200, result: black+beauty+1994, drop+zone+1994, nothing+but+trouble+1991, rollerball+1975, six+pack+1982, mary+poppins+1964, the+dresser+1983, crossroads+2002, under+siege+1992, edward+scissorhands+1990, freaky+friday+1976, gumby+the+movie+1995, the+verdict+1982, four+brothers+2005, planet+of+the+apes+2001, albatross+2011, free+willy+3+the+rescue+1997, six+weeks+1982, chicken+little+2005, down+in+the+delta+1998, 451 ms"
"2022-02-08T19:25:02.531328,59970,recommendation request 17645-team17.isri.cmu.edu:8082, status 200, result: rollerball+1975, sleepers+1996, intersection+1994, lockout+2012, prison+1988, p.s.+2004, the+wash+2001, dead+ringers+1988, nims+island+2008, haywire+2011, in+too+deep+1999, apocalypto+2006, dead+reckoning+1947, planet+of+the+apes+2001, the+client+1994, dead+presidents+1995, gone+in+sixty+seconds+2000, serial+1980, choose+2011, veronica+guerin+2003, 497 ms"
"2022-02-08T19:25:02.576048,193008,recommendation request 17645-team17.isri.cmu.edu:8082, status 200, result: top+secret+1984, a+chinese+ghost+story+ii+1990, the+mighty+peking+man+1977, forbidden+zone+1980, intersection+1994, the+border+1982, frenzy+1972, missing+1982, the+promise+2005, carnosaur+2+1995, light+it+up+1999, fuck+2005, how+to+get+ahead+in+advertising+1989, a+shock+to+the+system+1990, the+yakuza+1974, stonewall+1995, the+truman+show+1998, live+nude+girls+unite+2000, junebug+2005, island+2011, 521 ms"
"2022-02-08T19:25:02.554881,89436,recommendation request 17645-team17.isri.cmu.edu:8082, status 200, result: north+by+northwest+1959, eyewitness+1981, pandorum+2009, the+dresser+1983, the+conspiracy+2012, demons+1985, frenzy+1972, in+the+line+of+fire+1993, haywire+2011, critters+1986, the+fog+2005, phoenix+1998, paparazzi+2004, rosemarys+baby+1968, the+hidden+1987, albatross+2011, macabre+1958, the+hot+spot+1990, breakdown+1997, six+weeks+1982, 518 ms"
"2022-02-08T19:25:03.510781,278910,recommendation request 17645-team17.isri.cmu.edu:8082, status 200, result: and+now...+ladies+and+gentlemen...+2002, the+gauntlet+1977, japanese+story+2003, the+snowman+1982, my+own+private+idaho+1991, birdy+1984, z+1969, grand+illusion+1937, the+letter+1940, harem+1985, the+yakuza+1974, warriors+of+heaven+and+earth+2003, juice+1992, azumi+2003, eight+men+out+1988, stromboli+1950, taking+chance+2009, dark+passage+1947, dungeons++dragons+2000, the+hidden+fortress+1958, 441 ms"
"2022-02-08T19:25:03.522001,147310,recommendation request 17645-team17.isri.cmu.edu:8082, status 200, result: american+virgin+2000, my+man+godfrey+1957, ed+1996, loving+you+1957, the+other+side+of+the+mountain+1975, in+the+line+of+fire+1993, dollars+1971, malice+1993, bottle+rocket+1996, juice+1992, mobsters+1991, the+incredible+hulk+2008, island+2011, the+juror+1996, the+idolmaker+1980, the+dream+team+1989, get+real+1998, back+to+the+future+part+ii+1989, maximum+risk+1996, bring+it+on+again+2004, 444 ms"
"2022-02-08T19:25:03.526323,255783,recommendation request 17645-team17.isri.cmu.edu:8082, status 200, result: cry+freedom+1987, melody+time+1948, mary+poppins+1964, notting+hill+1999, sling+blade+1996, p.s.+2004, courage+under+fire+1996, the+other+side+of+the+mountain+1975, maze+2000, the+aristocats+1970, gumby+the+movie+1995, saludos+amigos+1942, the+yakuza+1974, the+brothers+2001, my+beautiful+laundrette+1985, the+mighty+1998, island+2011, proof+2005, crush+2001, 10th++wolf+2006, 450 ms"
"2022-02-08T19:25:03.527025,266350,recommendation request 17645-team17.isri.cmu.edu:8082, status 200, result: drop+zone+1994, ed+1996, the+proprietor+1996, a+goofy+movie+1995, in+the+line+of+fire+1993, footloose+1984, z+1969, harry+and+tonto+1974, dead+reckoning+1947, the+saint+1997, the+yakuza+1974, the+wizard+1989, malice+1993, junebug+2005, murphys+romance+1985, island+2011, look+whos+talking+too+1990, above+the+law+1988, my+one+and+only+2009, absolute+power+1997, 465 ms"
"2022-02-08T19:25:04.455942,20538,recommendation request 17645-team17.isri.cmu.edu:8082, status 200, result: top+secret+1984, desert+blue+1999, p.s.+2004, a+goofy+movie+1995, the+other+side+of+the+mountain+1975, maze+2000, fuck+2005, freaky+friday+1976, cabin+boy+1994, the+beverly+hillbillies+1993, your+friends++neighbors+1998, the+brothers+2001, working+girl+1988, junebug+2005, crush+2001, north+1994, help+1965, outrage+2009, from+the+hip+1987, untitled+2009, 408 ms"
"2022-02-08T19:25:04.657742,201378,recommendation request 17645-team17.isri.cmu.edu:8082, status 200, result: shampoo+1975, you+light+up+my+life+1977, get+real+1998, like+it+is+1998, nine+lives+2005, the+other+side+of+the+mountain+1975, maurice+1987, the+mother+2003, stepmom+1998, random+hearts+1999, groundhog+day+1993, away+from+her+2006, heat+and+dust+1983, one+day+2011, texasville+1990, the+bostonians+1984, st.+elmos+fire+1985, closer+2004, the+prince+of+tides+1991, the+locusts+1997, 600 ms"
"2022-02-08T19:25:04.727156,258606,recommendation request 17645-team17.isri.cmu.edu:8082, status 200, result: drop+zone+1994, rollerball+1975, robot+stories+2003, p.s.+2004, without+a+paddle+2004, northfork+2003, a+family+thing+1996, in+the+line+of+fire+1993, big+trouble+2002, paintball+2009, harry+and+tonto+1974, dead+reckoning+1947, one+eight+seven+1997, wake+of+death+2004, planet+of+the+apes+2001, gone+in+sixty+seconds+2000, malice+1993, desk+set+1957, out+to+sea+1997, changing+lanes+2002, 666 ms"
"2022-02-08T19:25:04.541162,68109,recommendation request 17645-team17.isri.cmu.edu:8082, status 200, result: gotcha+1985, the+wood+1999, barbershop+2002, the+dresser+1983, lucky+them+2013, ip+man+2+2010, that+was+then...+this+is+now+1985, k-9+1989, 47+samurai+1962, another+thin+man+1939, albatross+2011, the+boys+are+back+2009, the+adventures+of+pluto+nash+2002, six+weeks+1982, ashes+of+time+1994, training+day+2001, fallen+angels+1995, down+in+the+delta+1998, babes+in+toyland+1934, disorganized+crime+1989, 475 ms"
"2022-02-08T19:25:04.718143,41672,recommendation request 17645-team17.isri.cmu.edu:8082, status 200, result: cry+freedom+1987, man+of+the+year+2006, the+snowman+1982, p.s.+2004, sling+blade+1996, the+warriors+way+2010, the+wash+2001, the+other+side+of+the+mountain+1975, birdy+1984, nims+island+2008, the+island+1980, harem+1985, the+mighty+1998, white+palace+1990, shes+having+a+baby+1988, from+dusk+till+dawn+1996, conan+the+barbarian+1982, bridesmaids+2011, hook+1991, eight+men+out+1988, 661 ms"
"2022-02-08T19:25:04.727585,165402,recommendation request 17645-team17.isri.cmu.edu:8082, status 200, result: cry+freedom+1987, arranged+2007, about+last+night...+1986, barbershop+2002, what+doesnt+kill+you+2008, lockout+2012, rollerball+1975, p.s.+2004, frenzy+1972, maze+2000, a+time+to+kill+1996, casper+1995, big+trouble+2002, another+thin+man+1939, haywire+2011, blood_+guts_+bullets+and+octane+1998, masterminds+1997, the+letter+1940, planet+of+the+apes+2001, winnie+the+pooh+2011, 655 ms"
"2022-02-08T19:25:04.760573,25580,recommendation request 17645-team17.isri.cmu.edu:8082, status 200, result: edmond+2005, the+proprietor+1996, the+conspiracy+2012, frenzy+1972, true+crime+1996, warriors+2002, light+it+up+1999, lethal+weapon+3+1992, detective+story+1951, lifeboat+1944, dick+tracy+1990, excision+2012, the+fog+2005, even+the+rain+2010, holy+motors+2012, the+fan+1981, dinoshark+2010, jennifer+eight+1992, spasmo+1974, they+made+me+a+criminal+1939, 695 ms"
"2022-02-08T19:25:05.346900,288300,recommendation request 17645-team17.isri.cmu.edu:8082, status 200, result: greedy+1994, the+basketball+diaries+1995, suddenly+1954, niagara+1953, that+was+then...+this+is+now+1985, enough+2002, cop+and++1993, life+1999, 21+2008, cry-baby+1990, sgt.+bilko+1996, phoenix+1998, malice+1993, opportunity+knocks+1990, the+dilemma+2011, and+then+there+were+none+1945, i+am+sam+2001, sonny+2002, cleanskin+2012, elsewhere+2009, 260 ms"
"2022-02-08T19:25:05.385702,156839,recommendation request 17645-team17.isri.cmu.edu:8082, status 200, result: gleaming+the+cube+1989, dead+of+winter+1987, drop+zone+1994, rollerball+1975, barbershop+2002, the+bounty+1984, star+wars+episode+iii+-+revenge+of+the+sith+2005, fuck+2005, detective+story+1951, another+thin+man+1939, grand+canyon+1991, the+verdict+1982, four+brothers+2005, planet+of+the+apes+2001, sanjuro+1962, hackers+1995, the+sword+of+doom+1966, juice+1992, scarface+1932, jennifer+eight+1992, 294 ms"
"2022-02-08T19:25:05.499088,198244,recommendation request 17645-team17.isri.cmu.edu:8082, status 200, result: about+last+night...+1986, rio+bravo+1959, p.s.+2004, a+goofy+movie+1995, show+boat+1951, maze+2000, snow+dogs+2002, bellflower+2011, bachelor+in+paradise+1961, big+jake+1971, the+brothers+2001, working+girl+1988, cars+2+2011, running+scared+1986, junebug+2005, changing+lanes+2002, on+the+town+1949, look+whos+talking+too+1990, crush+2001, from+here+to+eternity+1953, 411 ms"
"2022-02-08T19:25:05.515782,109849,recommendation request 17645-team17.isri.cmu.edu:8082, status 200, result: gleaming+the+cube+1989, wreck-it+ralph+2012, nothing+but+trouble+1991, think+like+a+man+too+2014, a+goofy+movie+1995, how+i+won+the+war+1967, the+aristocats+1970, cabin+boy+1994, lifeboat+1944, grand+canyon+1991, the+verdict+1982, national+lampoons+vacation+1983, wake+of+death+2004, the+reader+2008, cars+2+2011, beyond+the+sea+2004, the+living+daylights+1987, conan+the+barbarian+1982, help+1965, hopscotch+1980, 395 ms"
"2022-02-08T19:25:05.557824,173842,recommendation request 17645-team17.isri.cmu.edu:8082, status 200, result: the+longest+day+1962, p.s.+2004, light+it+up+1999, lethal+weapon+3+1992, 633+squadron+1964, father+of+the+bride+1991, lifeboat+1944, dick+tracy+1990, grand+illusion+1937, z+1969, heavens+gate+1980, the+verdict+1982, apocalypto+2006, masterminds+1997, topper+1937, gone+in+sixty+seconds+2000, shes+having+a+baby+1988, in+harms+way+1965, veronica+guerin+2003, millions+2005, 436 ms"
"2022-02-08T19:25:06.086672,71176,recommendation request 17645-team17.isri.cmu.edu:8082, status 200, result: scrooged+1988, angela+1995, reach+the+rock+1998, saved+2004, p.s.+2004, the+bishops+wife+1947, heaven+can+wait+1943, look+at+me+2004, amy+1997, ruby+sparks+2012, groundhog+day+1993, stardom+2000, clockwatchers+1997, junebug+2005, nothing+2003, charly+2002, no+such+thing+2001, resurrection+1980, my+one+and+only+2009, s.f.w.+1994, 59 ms"
"2022-02-08T19:25:06.294035,101737,recommendation request 17645-team17.isri.cmu.edu:8082, status 200, result: cry+freedom+1987, whisper+of+the+heart+1995, rollerball+1975, paths+of+glory+1957, star+wars+episode+iii+-+revenge+of+the+sith+2005, red+dawn+1984, how+i+won+the+war+1967, nims+island+2008, birdy+1984, dick+tracy+1990, johnny+english+2003, paul+2011, the+island+1980, 9+2005, planet+of+the+apes+2001, patriot+games+1992, juice+1992, the+living+daylights+1987, days+of+glory+1944, hook+1991, 178 ms"
"2022-02-08T19:25:06.285152,38949,recommendation request 17645-team17.isri.cmu.edu:8082, status 200, result: black+beauty+1994, forbidden+zone+1980, oh_+god+1977, p.s.+2004, little+secrets+2001, the+other+side+of+the+mountain+1975, maze+2000, light+it+up+1999, bellflower+2011, a+little+princess+1995, harem+1985, the+brothers+2001, crush+2001, texasville+1990, an+american+carol+2008, untitled+2009, absolute+power+1997, rumble+fish+1983, old+gringo+1989, beautiful+girls+1996, 199 ms"
"2022-02-08T19:25:08.189076,57626,recommendation request 17645-team17.isri.cmu.edu:8082, status 200, result: circus+2000, the+way+of+the+gun+2000, scarface+1983, music+box+1989, dead+man+down+2013, gilda+1946, killing+zoe+1993, one+false+move+1992, the+chase+1966, gloria+1980, frantic+1988, city+of+industry+1997, sleeping+with+the+enemy+1991, mobsters+1991, elsewhere+2009, havoc+2005, strangers+on+a+train+1951, dark+passage+1947, marnie+1964, get+the+gringo+2012, 92 ms"
"2022-02-08T19:25:08.486477,107665,recommendation request 17645-team17.isri.cmu.edu:8082, status 200, result: six+pack+1982, p.s.+2004, son+of+the+mask+2005, courage+under+fire+1996, the+other+side+of+the+mountain+1975, rambo+first+blood+part+ii+1985, a+family+thing+1996, freaky+friday+1976, harry+and+tonto+1974, dead+reckoning+1947, patriot+games+1992, topper+1937, shes+having+a+baby+1988, juice+1992, island+2011, the+women+2008, breakdown+1997, today+you+die+2005, ratatouille+2007, no+mercy+1986, 381 ms"
"2022-02-08T19:25:08.502289,223359,recommendation request 17645-team17.isri.cmu.edu:8082, status 200, result: american+virgin+2000, the+last+of+the+mohicans+1992, the+longest+day+1962, p.s.+2004, cookie+1989, barbarosa+1982, light+it+up+1999, the+wash+2001, nims+island+2008, the+verdict+1982, the+great+escape+1963, planet+of+the+apes+2001, junebug+2005, bottle+rocket+1996, ali+2001, hook+1991, my+one+and+only+2009, all+or+nothing+2002, little+murders+1971, holiday+1938, 397 ms"
"2022-02-08T19:25:09.422087,75318,recommendation request 17645-team17.isri.cmu.edu:8082, status 200, result: rollerball+1975, barbershop+2002, another+thin+man+1939, the+letter+1940, phoenix+1998, lionheart+1990, wake+of+death+2004, planet+of+the+apes+2001, patriot+games+1992, running+scared+1986, changing+lanes+2002, juice+1992, have+rocket_+will+travel+1959, breakdown+1997, the+three+stooges+in+orbit+1962, today+you+die+2005, airport+1975+1974, romeo+is+bleeding+1993, private+lives+1931, bulletproof+1996, 382 ms"
"2022-02-08T19:25:09.425182,183918,recommendation request 17645-team17.isri.cmu.edu:8082, status 200, result: cry+freedom+1987, intersection+1994, oh_+god+1977, p.s.+2004, courage+under+fire+1996, the+other+side+of+the+mountain+1975, lifeboat+1944, inception+2010, moving+1988, the+witches+of+eastwick+1987, a+patch+of+blue+1965, the+reader+2008, white+palace+1990, bottle+rocket+1996, island+2011, ali+2001, romeo+and+juliet+1936, the+unknown+1927, h.m.+pulham_+esq.+1941, the+art+of+war+2000, 380 ms"
"2022-02-08T19:25:09.475502,256923,recommendation request 17645-team17.isri.cmu.edu:8082, status 200, result: shampoo+1975, rollerball+1975, p.s.+2004, maze+2000, ice+castles+1978, where+the+heart+is+2000, planet+of+the+apes+2001, the+brothers+2001, waiting+to+exhale+1995, crush+2001, from+here+to+eternity+1953, return+to+the+blue+lagoon+1991, class+1983, ali+2001, ever+after+a+cinderella+story+1998, the+loves+of+carmen+1948, untitled+2009, boys+town+1938, dugs+special+mission+2009, easy+money+1983, 431 ms"
"2022-02-08T19:25:09.487016,114408,recommendation request 17645-team17.isri.cmu.edu:8082, status 200, result: black+beauty+1994, eyewitness+1981, wreck-it+ralph+2012, rollerball+1975, a+goofy+movie+1995, lethal+weapon+3+1992, the+aristocats+1970, fuck+2005, a+little+princess+1995, inception+2010, silver+city+2004, the+matrix+revolutions+2003, cars+2+2011, junebug+2005, warriors+of+heaven+and+earth+2003, the+matrix+1999, conan+the+barbarian+1982, above+the+law+1988, outrage+2009, azumi+2003, 444 ms"
"2022-02-08T19:25:10.392087,238801,recommendation request 17645-team17.isri.cmu.edu:8082, status 200, result: sullivans+travels+1941, the+perfect+score+2004, cry+freedom+1987, bon+cop+bad+cop+2006, punchline+1988, city+slickers+1991, last+holiday+2006, barbarosa+1982, light+it+up+1999, the+other+side+of+the+mountain+1975, without+a+paddle+2004, bad+girls+1994, harry+and+tonto+1974, the+verdict+1982, a+patch+of+blue+1965, white+palace+1990, junebug+2005, geronimo+an+american+legend+1993, the+women+2008, romeo+and+juliet+1936, 381 ms"
"2022-02-08T19:25:10.469066,10520,recommendation request 17645-team17.isri.cmu.edu:8082, status 200, result: curdled+1996, mickeys+once+upon+a+christmas+1999, p.s.+2004, maze+2000, the+pompatus+of+love+1996, northfork+2003, nims+island+2008, chicken+run+2000, moving+1988, love+story+1970, the+brothers+2001, gravity+2013, another+earth+2011, the+hitch-hiker+1953, crush+2001, mobsters+1991, ever+after+a+cinderella+story+1998, hook+1991, leprechaun+2+1994, made+of+honor+2008, 356 ms"
"2022-02-08T19:25:10.468757,245881,recommendation request 17645-team17.isri.cmu.edu:8082, status 200, result: how+to+make+an+american+quilt+1995, nothing+but+trouble+1991, bossa+nova+2000, american+gangster+2007, the+way+2010, another+thin+man+1939, critters+1986, moving+1988, the+letter+1940, national+lampoons+vacation+1983, phoenix+1998, white+palace+1990, junebug+2005, the+truman+show+1998, island+2011, mr.+jealousy+1997, the+women+2008, my+one+and+only+2009, boys+and+girls+2000, rumble+fish+1983, 447 ms"
"2022-02-08T19:25:10.470231,83950,recommendation request 17645-team17.isri.cmu.edu:8082, status 200, result: drop+zone+1994, barbershop+2002, ed+1996, the+conspiracy+2012, childs+play+3+1991, p.s.+2004, frenzy+1972, without+a+paddle+2004, gods+not+dead+2014, nims+island+2008, casper+1995, psycho+1998, another+thin+man+1939, the+saint+1997, jaws+3-d+1983, macabre+1958, jurassic+park+1993, the+serpent+and+the+rainbow+1988, changing+lanes+2002, desk+set+1957, 397 ms"
"2022-02-08T19:25:11.255565,155031,recommendation request 17645-team17.isri.cmu.edu:8082, status 200, result: rapid+fire+1992, demetrius+and+the+gladiators+1954, hero+wanted+2008, firestorm+1998, flight+of+the+phoenix+2004, broken+arrow+1950, the+enemy+below+1957, nowhere+to+run+1993, flight+of+the+intruder+1991, the+poseidon+adventure+2005, ransom+1975, next+of+kin+1989, limbo+1999, in+hell+2003, enigma+1983, above+the+law+1988, commando+1985, the+marine+2006, hiding+out+1987, emperor+of+the+north+1973, 182 ms"
"2022-02-08T19:25:11.380248,179613,recommendation request 17645-team17.isri.cmu.edu:8082, status 200, result: eyewitness+1981, mary+poppins+1964, a+goofy+movie+1995, carnosaur+2+1995, the+addams+family+1991, in+the+line+of+fire+1993, freaky+friday+1976, taxi+2004, gravity+2013, modesty+blaise+1966, ali+2001, above+the+law+1988, lone+star+1996, hopscotch+1980, the+emperors+new+groove+2000, jennifer+eight+1992, dugs+special+mission+2009, the+lady+from+shanghai+1947, ratatouille+2007, chicken+little+2005, 319 ms"
"2022-02-08T19:25:11.560677,243418,recommendation request 17645-team17.isri.cmu.edu:8082, status 200, result: black+beauty+1994, shampoo+1975, mary+poppins+1964, p.s.+2004, playing+the+victim+2006, maze+2000, dark+blue+world+2001, a+little+princess+1995, the+brothers+mcmullen+1995, splash+1984, gumby+the+movie+1995, where+the+heart+is+2000, waiting+to+exhale+1995, crush+2001, have+rocket_+will+travel+1959, shes+out+of+my+league+2010, juno+2007, holiday+1938, the+survivors+1983, the+allnighter+1987, 451 ms"
"2022-02-08T19:25:11.589218,8621,recommendation request 17645-team17.isri.cmu.edu:8082, status 200, result: the+family+man+2000, cry+freedom+1987, bride+of+the+wind+2001, nine+lives+2005, airport+77+1977, p.s.+2004, loving+you+1957, billy+jack+1971, the+other+side+of+the+mountain+1975, never+again+2002, the+mother+2003, maze+2000, emma+2009, the+island+1980, the+brothers+2001, only+you+1994, away+from+her+2006, dedication+2007, crush+2001, from+the+hip+1987, 483 ms"
"2022-02-08T19:25:11.601310,43661,recommendation request 17645-team17.isri.cmu.edu:8082, status 200, result: drop+zone+1994, rollerball+1975, bill+cosby+himself+1983, my+man+godfrey+1957, ed+1996, star+wars+episode+iii+-+revenge+of+the+sith+2005, frenzy+1972, the+other+side+of+the+mountain+1975, without+a+paddle+2004, father+of+the+bride+1991, cabin+boy+1994, dollars+1971, wake+of+death+2004, planet+of+the+apes+2001, the+truman+show+1998, changing+lanes+2002, have+rocket_+will+travel+1959, from+here+to+eternity+1953, millions+2005, beyond+therapy+1987, 538 ms"
"2022-02-08T19:25:11.646147,160962,recommendation request 17645-team17.isri.cmu.edu:8082, status 200, result: whisper+of+the+heart+1995, bossa+nova+2000, the+proprietor+1996, red+dawn+1984, frenzy+1972, how+i+won+the+war+1967, the+andromeda+strain+1971, the+way+2010, lifeboat+1944, prince+of+persia+the+sands+of+time+2010, psycho+1998, phoenix+1998, platoon+1986, desk+set+1957, out+to+sea+1997, in+harms+way+1965, help+1965, three+fugitives+1989, carefree+1938, spasmo+1974, 584 ms"
"2022-02-08T19:25:11.657614,262319,recommendation request 17645-team17.isri.cmu.edu:8082, status 200, result: arranged+2007, frenzy+1972, true+crime+1996, courage+under+fire+1996, sleeping+beauty+1959, lethal+weapon+3+1992, incognito+1997, the+letter+1940, phoenix+1998, masterminds+1997, patriot+games+1992, winnie+the+pooh+2011, shes+having+a+baby+1988, juice+1992, island+2011, the+matrix+1999, the+incredible+hulk+2008, breakdown+1997, 7+seconds+2005, dark+passage+1947, 559 ms"
"2022-02-08T19:25:12.496858,82316,recommendation request 17645-team17.isri.cmu.edu:8082, status 200, result: eyewitness+1981, drop+zone+1994, the+golden+voyage+of+sinbad+1973, p.s.+2004, missing+1982, sling+blade+1996, mystery_+alaska+1999, walle+2008, without+a+paddle+2004, nims+island+2008, harry+and+tonto+1974, one+man+band+2005, one+eight+seven+1997, guilty+as+sin+1993, wake+of+death+2004, the+island+1980, masterminds+1997, opportunity+knocks+1990, the+mighty+1998, junebug+2005, 414 ms"
"2022-02-08T19:25:12.535086,61127,recommendation request 17645-team17.isri.cmu.edu:8082, status 200, result: clue+1985, the+new+age+1994, rollerball+1975, white+heat+1949, the+island+at+the+top+of+the+world+1974, captain+america+the+first+avenger+2011, key+largo+1948, mysterious+island+1961, the+color+purple+1985, the+last+starfighter+1984, the+avengers+2012, a+time+to+kill+1996, vision+quest+1985, a+little+princess+1995, the+pumaman+1980, megaforce+1982, the+witches+of+eastwick+1987, iron+man+3+2013, a+perfect+world+1993, superman+returns+2006, 483 ms"
"2022-02-08T19:25:12.359073,210994,recommendation request 17645-team17.isri.cmu.edu:8082, status 200, result: eyewitness+1981, drop+zone+1994, rollerball+1975, switchback+1997, pandorum+2009, the+gauntlet+1977, the+conspiracy+2012, star+wars+episode+iii+-+revenge+of+the+sith+2005, light+it+up+1999, a+time+to+kill+1996, chronicle+2012, paparazzi+2004, rosemarys+baby+1968, lionheart+1990, planet+of+the+apes+2001, the+yakuza+1974, the+client+1994, gravity+2013, mobsters+1991, from+here+to+eternity+1953, 320 ms"
"2022-02-08T19:25:12.497783,2015,recommendation request 17645-team17.isri.cmu.edu:8082, status 200, result: cry+freedom+1987, rollerball+1975, the+avengers+1998, the+last+of+the+mohicans+1992, the+gauntlet+1977, the+proprietor+1996, missing+1982, mystery_+alaska+1999, 633+squadron+1964, the+dance+of+reality+2013, incognito+1997, a+time+to+kill+1996, northfork+2003, the+great+escape+1963, one+eight+seven+1997, guilty+as+sin+1993, analyze+that+2002, the+yakuza+1974, planet+of+the+apes+2001, the+client+1994, 426 ms"
"2022-02-08T19:25:13.369568,127996,recommendation request 17645-team17.isri.cmu.edu:8082, status 200, result: the+magician+1958, rio+bravo+1959, let+it+ride+1989, 8+seconds+1994, through+a+glass+darkly+1961, true+crime+1996, dont+move+2004, light+it+up+1999, a+family+thing+1996, the+great+escape+1963, albatross+2011, still+bill+2010, stand+and+deliver+1988, the+nuns+story+1959, above+the+law+1988, 7+seconds+2005, taking+chance+2009, down+in+the+delta+1998, patton+1970, pale+rider+1985, 313 ms"
"2022-02-08T19:25:13.415036,161640,recommendation request 17645-team17.isri.cmu.edu:8082, status 200, result: bill+cosby+himself+1983, arranged+2007, the+longest+day+1962, the+gauntlet+1977, the+snowman+1982, walle+2008, big+hero+6+2014, lifeboat+1944, prince+of+persia+the+sands+of+time+2010, grand+illusion+1937, nighthawks+1981, the+yakuza+1974, mothra+vs.+godzilla+1964, cars+2+2011, jurassic+park+1993, in+harms+way+1965, juice+1992, mobsters+1991, scary+movie+5+2013, beyond+therapy+1987, 332 ms"
"2022-02-08T19:25:13.433167,294376,recommendation request 17645-team17.isri.cmu.edu:8082, status 200, result: nothing+but+trouble+1991, barbershop+2002, coldblooded+1995, cookie+1989, courage+under+fire+1996, lethal+weapon+3+1992, caveman+1981, big+trouble+2002, another+thin+man+1939, dumb+and+dumber+to+2014, apocalypto+2006, gone+in+sixty+seconds+2000, the+horse+soldiers+1959, another+earth+2011, serial+1980, veronica+guerin+2003, island+2011, dinoshark+2010, spasmo+1974, hall+pass+2011, 366 ms"
"2022-02-08T19:25:14.412625,175630,recommendation request 17645-team17.isri.cmu.edu:8082, status 200, result: shampoo+1975, rollerball+1975, barbershop+2002, the+magician+1958, the+house+of+yes+1997, ed+1996, punchline+1988, star+wars+episode+iii+-+revenge+of+the+sith+2005, through+a+glass+darkly+1961, smiles+of+a+summer+night+1955, a+family+thing+1996, casper+1995, another+thin+man+1939, mousehunt+1997, planet+of+the+apes+2001, opportunity+knocks+1990, the+mighty+1998, jurassic+park+1993, junebug+2005, unaccompanied+minors+2006, 324 ms"
"2022-02-08T19:25:14.510054,233894,recommendation request 17645-team17.isri.cmu.edu:8082, status 200, result: whisper+of+the+heart+1995, the+snowman+1982, p.s.+2004, the+sky+crawlers+2008, maze+2000, detective+story+1951, the+brothers+mcmullen+1995, gunner+palace+2004, the+yakuza+1974, 9+2005, opportunity+knocks+1990, gravity+2013, the+brothers+2001, the+game+1997, crush+2001, zeitgeist+addendum+2008, untitled+2009, jennifer+eight+1992, ratatouille+2007, contagion+2011, 417 ms"
"2022-02-08T19:25:14.519383,308066,recommendation request 17645-team17.isri.cmu.edu:8082, status 200, result: dead+of+winter+1987, gods+not+dead+2014, fuck+2005, splash+1984, the+old+dark+house+1932, the+matrix+revolutions+2003, junebug+2005, rat+2001, from+here+to+eternity+1953, ali+2001, the+brave+one+2007, above+the+law+1988, outrage+2009, my+one+and+only+2009, bingo+1991, firestarter+1984, the+thin+man+goes+home+1945, the+company+of+wolves+1984, the+muppet+movie+1979, every+which+way+but+loose+1978, 399 ms"
"2022-02-08T19:25:14.514269,24012,recommendation request 17645-team17.isri.cmu.edu:8082, status 200, result: curdled+1996, cry+freedom+1987, drop+zone+1994, p.s.+2004, barbarosa+1982, light+it+up+1999, the+other+side+of+the+mountain+1975, maze+2000, without+a+paddle+2004, northfork+2003, a+little+princess+1995, guilty+as+sin+1993, wake+of+death+2004, the+brothers+2001, the+mighty+1998, an+education+2009, changing+lanes+2002, the+hitch-hiker+1953, mobsters+1991, crush+2001, 365 ms"
"2022-02-08T19:25:15.487241,300553,recommendation request 17645-team17.isri.cmu.edu:8082, status 200, result: shutter+2008, pandorum+2009, the+conspiracy+2012, strait-jacket+1964, brimstone++treacle+1982, pretty+baby+1978, resident+evil+apocalypse+2004, scream+4+2011, the+pact+2012, shes+having+a+baby+1988, the+fan+1981, the+two+jakes+1990, double+indemnity+1944, jennifer+eight+1992, dinoshark+2010, mirrors+2+2010, spasmo+1974, stay+2005, carnival+of+souls+1962, soul+survivors+2001, 378 ms"
"2022-02-08T19:25:15.561663,206366,recommendation request 17645-team17.isri.cmu.edu:8082, status 200, result: sullivans+travels+1941, eyewitness+1981, intersection+1994, ed+1996, lockout+2012, last+holiday+2006, red+dawn+1984, without+a+paddle+2004, chronicle+2012, casper+1995, pitch+black+2000, haywire+2011, masterminds+1997, jurassic+park+1993, serial+1980, island+2011, hook+1991, hopscotch+1980, above+the+law+1988, the+allnighter+1987, 444 ms"
"2022-02-08T19:25:15.607194,247659,recommendation request 17645-team17.isri.cmu.edu:8082, status 200, result: dead+of+winter+1987, drop+zone+1994, rollerball+1975, suburban+commando+1991, paths+of+glory+1957, star+wars+episode+iii+-+revenge+of+the+sith+2005, how+i+won+the+war+1967, macgruber+2010, birdy+1984, ice+castles+1978, psycho+1998, c.h.o.m.p.s.+1979, the+letter+1940, four+brothers+2005, planet+of+the+apes+2001, from+here+to+eternity+1953, return+to+the+blue+lagoon+1991, ali+2001, m.+butterfly+1993, days+of+glory+1944, 499 ms"
"2022-02-08T19:25:15.700256,48912,recommendation request 17645-team17.isri.cmu.edu:8082, status 200, result: the+nest+2002, wreck-it+ralph+2012, lady+jane+1986, a+goofy+movie+1995, light+it+up+1999, parker+2013, american+gangster+2007, the+aristocats+1970, northfork+2003, a+field+in+england+2013, birdy+1984, in+too+deep+1999, one+eight+seven+1997, wake+of+death+2004, harem+1985, hackers+1995, another+earth+2011, cars+2+2011, changing+lanes+2002, shes+having+a+baby+1988, 535 ms"
"2022-02-08T19:25:15.722865,215840,recommendation request 17645-team17.isri.cmu.edu:8082, status 200, result: rollerball+1975, sleepers+1996, the+dresser+1983, the+high+and+the+mighty+1954, big+hero+6+2014, edward+scissorhands+1990, lethal+weapon+3+1992, fuck+2005, a+little+princess+1995, spy+kids+3-d+game+over+2003, the+verdict+1982, the+letter+1940, albatross+2011, the+client+1994, juice+1992, six+weeks+1982, above+the+law+1988, high+sierra+1941, down+in+the+delta+1998, they+made+me+a+criminal+1939, 521 ms"
"2022-02-08T19:25:15.731316,189692,recommendation request 17645-team17.isri.cmu.edu:8082, status 200, result: the+glimmer+man+1996, mickeys+once+upon+a+christmas+1999, barbershop+2002, the+gauntlet+1977, a+goofy+movie+1995, p.s.+2004, maze+2000, lethal+weapon+3+1992, the+aristocats+1970, another+thin+man+1939, moving+1988, phoenix+1998, coffy+1973, the+brothers+2001, junebug+2005, desk+set+1957, out+to+sea+1997, crush+2001, island+2011, the+hot+spot+1990, 582 ms"
"2022-02-08T19:25:16.395181,133118,recommendation request 17645-team17.isri.cmu.edu:8082, status 200, result: cry+freedom+1987, the+five+senses+1999, dark+city+1950, raging+bull+1980, missing+1982, the+other+side+of+the+mountain+1975, a+family+thing+1996, northfork+2003, birdy+1984, highlander+the+search+for+vengeance+2007, harem+1985, ira++abby+2006, the+white+sheik+1952, the+matrix+revolutions+2003, island+2011, tank+girl+1995, above+the+law+1988, eight+men+out+1988, they+made+me+a+criminal+1939, melvin+and+howard+1980, 381 ms"
"2022-02-08T19:25:16.703999,29717,recommendation request 17645-team17.isri.cmu.edu:8082, status 200, result: top+secret+1984, forbidden+zone+1980, 8+seconds+1994, raging+bull+1980, cazuza+time+doesnt+stop+2004, p.s.+2004, around+the+bend+2004, nothing+to+lose+1994, maze+2000, behind+the+sun+2001, father+of+the+bride+1991, northfork+2003, birdy+1984, harem+1985, topper+1937, the+brothers+2001, full+speed+1996, another+earth+2011, ready+to+rumble+2000, crush+2001, 680 ms"
"2022-02-08T19:25:16.790658,206292,recommendation request 17645-team17.isri.cmu.edu:8082, status 200, result: wreck-it+ralph+2012, the+cobbler+2014, broken+embraces+2009, 8+seconds+1994, street+fighter+the+legend+of+chun-li+2009, loving+you+1957, an+amazing+couple+2002, light+it+up+1999, the+aristocats+1970, spirit+stallion+of+the+cimarron+2002, flashdance+1983, footloose+1984, planet+of+the+apes+2001, dry+cleaning+1997, full+speed+1996, beyond+the+sea+2004, junebug+2005, cherrybomb+2009, have+rocket_+will+travel+1959, quartet+1981, 766 ms"
"2022-02-08T19:25:16.830980,292186,recommendation request 17645-team17.isri.cmu.edu:8082, status 200, result: north+by+northwest+1959, american+virgin+2000, the+five+senses+1999, and+now...+ladies+and+gentlemen...+2002, drunken+angel+1948, return+of+the+fly+1959, p.s.+2004, carnosaur+2+1995, mystery_+alaska+1999, 633+squadron+1964, lifeboat+1944, psycho+1998, hot+tub+time+machine+2010, the+verdict+1982, sanjuro+1962, junebug+2005, island+2011, x+the+unknown+1956, dinoshark+2010, my+one+and+only+2009, 814 ms"
"2022-02-08T19:25:16.831011,41396,recommendation request 17645-team17.isri.cmu.edu:8082, status 200, result: wreck-it+ralph+2012, cry+freedom+1987, bossa+nova+2000, forbidden+zone+1980, jesus+christ+superstar+1973, stick+it+2006, rancho+deluxe+1975, p.s.+2004, a+goofy+movie+1995, barbarosa+1982, the+aristocats+1970, the+way+2010, the+woman+2011, flash+of+genius+2008, lightning+jack+1994, cars+2+2011, the+late+shift+1996, the+nuns+story+1959, the+fury+1978, the+fan+1981, 788 ms"
"2022-02-08T19:25:16.830932,189491,recommendation request 17645-team17.isri.cmu.edu:8082, status 200, result: black+beauty+1994, top+secret+1984, the+snowman+1982, the+lost+weekend+1945, a+little+princess+1995, grand+illusion+1937, gumby+the+movie+1995, the+next+karate+kid+1994, the+brood+1979, 9+2005, shivers+1975, junebug+2005, island+2011, lifted+2006, dinoshark+2010, my+one+and+only+2009, batman+beyond+return+of+the+joker+2000, benji+1974, american+splendor+2003, beyond+the+poseidon+adventure+1979, 801 ms"
"2022-02-08T19:25:16.830997,257883,recommendation request 17645-team17.isri.cmu.edu:8082, status 200, result: drop+zone+1994, the+five+senses+1999, and+now...+ladies+and+gentlemen...+2002, dreamgirls+2006, ed+1996, missing+1982, hollow+man+2000, mystery_+alaska+1999, the+dance+of+reality+2013, northfork+2003, r100+2013, casper+1995, phoenix+1998, one+eight+seven+1997, guilty+as+sin+1993, albatross+2011, jurassic+park+1993, people+like+us+2012, island+2011, mobsters+1991, 802 ms"
"2022-02-08T19:25:16.853672,301788,recommendation request 17645-team17.isri.cmu.edu:8082, status 200, result: shampoo+1975, drop+zone+1994, rollerball+1975, the+last+of+the+mohicans+1992, the+longest+day+1962, star+wars+episode+iii+-+revenge+of+the+sith+2005, dont+move+2004, light+it+up+1999, code+of+silence+1985, 633+squadron+1964, vision+quest+1985, a+little+princess+1995, random+hearts+1999, the+verdict+1982, the+witches+of+eastwick+1987, phoenix+1998, the+saint+1997, planet+of+the+apes+2001, changing+lanes+2002, the+hot+spot+1990, 800 ms"
"2022-02-08T19:25:17.432513,167723,recommendation request 17645-team17.isri.cmu.edu:8082, status 200, result: north+by+northwest+1959, black+beauty+1994, eyewitness+1981, the+last+of+the+mohicans+1992, the+sky+crawlers+2008, a+little+princess+1995, dick+tracy+1990, gumby+the+movie+1995, hot+tub+time+machine+2010, a+patch+of+blue+1965, 9+2005, romeo+and+juliet+1936, hopscotch+1980, taking+chance+2009, h.m.+pulham_+esq.+1941, today+you+die+2005, gone+with+the+wind+1939, bulletproof+1996, patton+1970, steamboy+2004, 406 ms"
"2022-02-08T19:25:17.498026,209344,recommendation request 17645-team17.isri.cmu.edu:8082, status 200, result: crush+1992, murder+by+numbers+2002, the+sting+1973, that+was+then...+this+is+now+1985, the+lookout+2007, striptease+1996, a+shock+to+the+system+1990, the+letter+1940, clockwatchers+1997, sonny+2002, surfer_+dude+2008, the+roaring+twenties+1939, scary+movie+5+2013, faithful+1996, breakfast+on+pluto+2005, jacknife+1989, they+drive+by+night+1940, atl+2006, melvin+and+howard+1980, about+a+boy+2002, 443 ms"
"2022-02-08T19:25:17.501737,6040,recommendation request 17645-team17.isri.cmu.edu:8082, status 200, result: drop+zone+1994, rollerball+1975, mary+poppins+1964, the+last+of+the+mohicans+1992, 28+weeks+later+2007, the+conspiracy+2012, how+i+won+the+war+1967, altered+2006, the+aristocats+1970, ice+castles+1978, four+brothers+2005, ghoulies+ii+1987, the+matrix+1999, conan+the+barbarian+1982, the+juror+1996, from+here+to+eternity+1953, the+art+of+war+2000, dinoshark+2010, bloodstone+subspecies+ii+1993, spasmo+1974, 497 ms"
"2022-02-08T19:25:18.454965,262922,recommendation request 17645-team17.isri.cmu.edu:8082, status 200, result: the+cat+in+the+hat+2003, eyewitness+1981, switchback+1997, the+new+age+1994, mary+poppins+1964, ed+1996, p.s.+2004, the+addams+family+1991, a+time+to+kill+1996, vision+quest+1985, freaky+friday+1976, a+little+princess+1995, forrest+gump+1994, in+the+line+of+fire+1993, casper+1995, babe+pig+in+the+city+1998, the+witches+of+eastwick+1987, masterminds+1997, dead+reckoning+1947, money+train+1995, 378 ms"
"2022-02-08T19:25:18.517398,297299,recommendation request 17645-team17.isri.cmu.edu:8082, status 200, result: cry+freedom+1987, melody+time+1948, intersection+1994, the+house+of+yes+1997, p.s.+2004, sling+blade+1996, loving+you+1957, maze+2000, the+aristocats+1970, northfork+2003, frozen+2007, freaky+friday+1976, saludos+amigos+1942, harem+1985, the+brothers+2001, the+mighty+1998, hogfather+2006, crush+2001, sunday+bloody+sunday+1971, the+nuns+story+1959, 439 ms"
"2022-02-08T19:25:18.523870,10306,recommendation request 17645-team17.isri.cmu.edu:8082, status 200, result: rollerball+1975, arranged+2007, the+bounty+1984, double+team+1997, crossroads+2002, incognito+1997, vision+quest+1985, fuck+2005, a+little+princess+1995, written+on+the+wind+1956, dont+say+a+word+2001, the+next+karate+kid+1994, critters+1986, the+witches+of+eastwick+1987, the+letter+1940, phoenix+1998, another+earth+2011, beyond+the+sea+2004, mobsters+1991, outrage+2009, 438 ms"
"2022-02-08T19:25:18.518809,209131,recommendation request 17645-team17.isri.cmu.edu:8082, status 200, result: eyewitness+1981, a+goofy+movie+1995, red+dawn+1984, p.s.+2004, maze+2000, vision+quest+1985, freaky+friday+1976, a+little+princess+1995, the+witches+of+eastwick+1987, guilty+as+sin+1993, patriot+games+1992, the+brothers+2001, winnie+the+pooh+2011, juice+1992, the+living+daylights+1987, crush+2001, breakdown+1997, above+the+law+1988, hopscotch+1980, the+emperors+new+groove+2000, 443 ms"
"2022-02-08T19:25:19.446397,78468,recommendation request 17645-team17.isri.cmu.edu:8082, status 200, result: drop+zone+1994, rollerball+1975, the+gauntlet+1977, maze+2000, northfork+2003, dick+tracy+1990, where+the+heart+is+2000, the+yakuza+1974, waiting+to+exhale+1995, veronica+guerin+2003, eragon+2006, crush+2001, the+women+2008, 7+seconds+2005, rescue+dawn+2006, underdog+2007, no+mercy+1986, the+allnighter+1987, captain+america+the+winter+soldier+2014, dopamine+2003, 341 ms"
"2022-02-08T19:25:19.481240,297538,recommendation request 17645-team17.isri.cmu.edu:8082, status 200, result: rollerball+1975, edmond+2005, sleepers+1996, sleep_+my+love+1948, the+gauntlet+1977, the+last+of+the+mohicans+1992, the+longest+day+1962, star+wars+episode+iii+-+revenge+of+the+sith+2005, frenzy+1972, red+dawn+1984, light+it+up+1999, 633+squadron+1964, a+time+to+kill+1996, planet+of+the+apes+2001, island+2011, above+the+law+1988, dark+passage+1947, dugs+special+mission+2009, jennifer+eight+1992, ratatouille+2007, 380 ms"
"2022-02-08T19:25:19.539223,87013,recommendation request 17645-team17.isri.cmu.edu:8082, status 200, result: the+five+senses+1999, cazuza+time+doesnt+stop+2004, p.s.+2004, nothing+to+lose+1994, behind+the+sun+2001, phoenix+1998, topper+1937, out+to+sea+1997, conan+the+barbarian+1982, above+the+law+1988, made+of+honor+2008, ruby++quentin+2003, romeo+is+bleeding+1993, dungeons++dragons+2000, patton+1970, the+house+of+sand+2005, the+allnighter+1987, fire+down+below+1997, unfaithfully+yours+1984, beyond+the+poseidon+adventure+1979, 414 ms"
"2022-02-08T19:25:19.648575,76007,recommendation request 17645-team17.isri.cmu.edu:8082, status 200, result: the+glimmer+man+1996, arranged+2007, robot+stories+2003, punchline+1988, 8+seconds+1994, city+slickers+1991, a+goofy+movie+1995, frenzy+1972, true+crime+1996, under+siege+1992, barbarosa+1982, a+time+to+kill+1996, freaky+friday+1976, a+little+princess+1995, the+virgin+suicides+1999, bad+girls+1994, big+trouble+2002, blood_+guts_+bullets+and+octane+1998, masterminds+1997, the+yakuza+1974, 495 ms"
"2022-02-08T19:25:19.650733,35282,recommendation request 17645-team17.isri.cmu.edu:8082, status 200, result: rollerball+1975, star+wars+episode+iii+-+revenge+of+the+sith+2005, the+other+side+of+the+mountain+1975, light+it+up+1999, detective+story+1951, ice+castles+1978, phoenix+1998, planet+of+the+apes+2001, marooned+1969, the+mighty+1998, from+here+to+eternity+1953, ali+2001, the+loves+of+carmen+1948, absolute+power+1997, jennifer+eight+1992, romeo+is+bleeding+1993, the+allnighter+1987, get+real+1998, quiz+show+1994, zoot+suit+1981, 525 ms"
"2022-02-08T19:25:20.595012,157149,recommendation request 17645-team17.isri.cmu.edu:8082, status 200, result: barbershop+2002, p.s.+2004, courage+under+fire+1996, the+other+side+of+the+mountain+1975, maze+2000, another+thin+man+1939, dead+reckoning+1947, the+yakuza+1974, the+brothers+2001, an+education+2009, crush+2001, from+here+to+eternity+1953, island+2011, above+the+law+1988, richard+iii+1955, untitled+2009, babes+in+toyland+1934, they+made+me+a+criminal+1939, patton+1970, fire+down+below+1997, 404 ms"
"2022-02-08T19:25:20.884739,80681,recommendation request 17645-team17.isri.cmu.edu:8082, status 200, result: the+living+dead+girl+1982, rollerball+1975, bill+cosby+himself+1983, voices+of+a+distant+star+2002, the+conspiracy+2012, childs+play+3+1991, star+wars+episode+iii+-+revenge+of+the+sith+2005, walle+2008, carnosaur+2+1995, dead+of+night+1945, the+return+of+the+living+dead+1985, psycho+1998, one+man+band+2005, wake+of+death+2004, 9+2005, planet+of+the+apes+2001, jaws+3-d+1983, the+matrix+revolutions+2003, the+serpent+and+the+rainbow+1988, the+brave+one+2007, 664 ms"
"2022-02-08T19:25:20.903947,303901,recommendation request 17645-team17.isri.cmu.edu:8082, status 200, result: gleaming+the+cube+1989, drop+zone+1994, ed+1996, raging+bull+1980, sling+blade+1996, walle+2008, the+bridge+at+remagen+1969, brimstone++treacle+1982, code+of+silence+1985, asylum+1972, casper+1995, grand+canyon+1991, the+verdict+1982, one+man+band+2005, phoenix+1998, four+brothers+2005, the+mighty+1998, jurassic+park+1993, the+hot+spot+1990, lifted+2006, 661 ms"
"2022-02-08T19:25:20.909828,309275,recommendation request 17645-team17.isri.cmu.edu:8082, status 200, result: the+five+senses+1999, barbershop+2002, rollerball+1975, the+longest+day+1962, raging+bull+1980, lockout+2012, the+snowman+1982, solomon+kane+2009, detective+story+1951, lifeboat+1944, nims+island+2008, grand+illusion+1937, pitch+black+2000, haywire+2011, another+thin+man+1939, private+parts+1972, planet+of+the+apes+2001, in+harms+way+1965, conan+the+barbarian+1982, hook+1991, 634 ms"
"2022-02-08T19:25:21.214968,8046,recommendation request 17645-team17.isri.cmu.edu:8082, status 200, result: cry+freedom+1987, the+fly+1986, lockout+2012, the+proprietor+1996, return+of+the+fly+1959, 28+weeks+later+2007, the+conspiracy+2012, the+snowman+1982, changeling+2008, altered+2006, fuck+2005, detective+story+1951, haywire+2011, phoenix+1998, the+yakuza+1974, gravity+2013, the+game+1997, outrage+2009, dinoshark+2010, jennifer+eight+1992, 157 ms"
"2022-02-08T19:25:22.405915,109969,recommendation request 17645-team17.isri.cmu.edu:8082, status 200, result: wreck-it+ralph+2012, robot+stories+2003, paranorman+2012, now+you+see+him_+now+you+dont+1972, p.s.+2004, a+goofy+movie+1995, never+again+2002, lethal+weapon+3+1992, a+time+to+kill+1996, one+hundred+and+one+dalmatians+1961, northfork+2003, the+naked+prey+1965, uncommon+valor+1983, the+sixth+man+1997, the+yakuza+1974, patriot+games+1992, condition+red+1995, only+you+1994, flight+of+the+intruder+1991, frantic+1988, 295 ms"
"2022-02-08T19:25:22.473703,217279,recommendation request 17645-team17.isri.cmu.edu:8082, status 200, result: eyewitness+1981, rollerball+1975, ed+1996, p.s.+2004, son+of+the+mask+2005, analyze+this+1999, northfork+2003, inception+2010, pitch+black+2000, gumby+the+movie+1995, casper+1995, moving+1988, planet+of+the+apes+2001, topper+1937, jurassic+park+1993, have+rocket_+will+travel+1959, north+1994, the+women+2008, the+three+stooges+in+orbit+1962, hook+1991, 373 ms"
"2022-02-08T19:25:22.482554,181704,recommendation request 17645-team17.isri.cmu.edu:8082, status 200, result: narc+2002, shampoo+1975, black+beauty+1994, drop+zone+1994, switchback+1997, 8+seconds+1994, p.s.+2004, barbarosa+1982, without+a+paddle+2004, a+little+princess+1995, pitch+black+2000, splash+1984, bad+girls+1994, the+saint+1997, albatross+2011, changing+lanes+2002, the+women+2008, the+fury+1978, above+the+law+1988, bloodsport+ii+1996, 352 ms"
"2022-02-08T19:25:23.429943,217883,recommendation request 17645-team17.isri.cmu.edu:8082, status 200, result: shampoo+1975, dark+city+1950, punchline+1988, p.s.+2004, true+crime+1996, walle+2008, maze+2000, spirit+stallion+of+the+cimarron+2002, footloose+1984, bachelor+in+paradise+1961, one+man+band+2005, love+crazy+1941, phoenix+1998, opportunity+knocks+1990, on+the+town+1949, serial+1980, junebug+2005, crush+2001, lifted+2006, his+girl+friday+1940, 357 ms"
"2022-02-08T19:25:23.451812,236848,recommendation request 17645-team17.isri.cmu.edu:8082, status 200, result: american+virgin+2000, about+last+night...+1986, mary+poppins+1964, intersection+1994, barbarosa+1982, the+wash+2001, macgruber+2010, the+addams+family+1991, detective+story+1951, freaky+friday+1976, the+company+men+2010, planet+of+the+apes+2001, albatross+2011, serial+1980, desk+set+1957, out+to+sea+1997, surfer_+dude+2008, look+whos+talking+too+1990, side+out+1990, eight+men+out+1988, 357 ms"
"2022-02-08T19:25:23.479548,149996,recommendation request 17645-team17.isri.cmu.edu:8082, status 200, result: raging+bull+1980, the+conspiracy+2012, around+the+bend+2004, the+other+side+of+the+mountain+1975, the+andromeda+strain+1971, a+family+thing+1996, this+is+the+end+2013, attack+the+gas+station+1999, the+flying+saucer+1950, inception+2010, masterminds+1997, 9+2005, albatross+2011, money+train+1995, macabre+1958, the+hills+have+eyes+2+2007, an+education+2009, the+fury+1978, down+in+the+delta+1998, the+one+2001, 317 ms"
"2022-02-08T19:25:23.480306,112226,recommendation request 17645-team17.isri.cmu.edu:8082, status 200, result: cry+freedom+1987, top+secret+1984, dark+city+1950, p.s.+2004, around+the+bend+2004, courage+under+fire+1996, the+addams+family+1991, the+andromeda+strain+1971, lethal+weapon+3+1992, jungle+fever+1991, edward+scissorhands+1990, a+little+princess+1995, maze+2000, the+flying+saucer+1950, big+trouble+2002, the+brothers+mcmullen+1995, the+verdict+1982, silver+city+2004, 9+2005, the+brothers+2001, 363 ms"
"2022-02-08T19:25:24.532751,180936,recommendation request 17645-team17.isri.cmu.edu:8082, status 200, result: shampoo+1975, eyewitness+1981, the+five+senses+1999, robot+stories+2003, punchline+1988, 8+seconds+1994, the+proprietor+1996, the+conspiracy+2012, a+goofy+movie+1995, p.s.+2004, barbarosa+1982, altered+2006, the+other+side+of+the+mountain+1975, harem+1985, beyond+the+sea+2004, junebug+2005, murphys+romance+1985, some+days+are+better+than+others+2011, last+night+1998, the+fury+1978, 424 ms"
"2022-02-08T19:25:24.527432,142880,recommendation request 17645-team17.isri.cmu.edu:8082, status 200, result: rollerball+1975, the+five+senses+1999, sleepers+1996, mary+poppins+1964, the+last+of+the+mohicans+1992, the+conspiracy+2012, childs+play+3+1991, courage+under+fire+1996, the+addams+family+1991, freaky+friday+1976, a+little+princess+1995, psycho+1998, the+verdict+1982, planet+of+the+apes+2001, the+client+1994, jaws+3-d+1983, patriot+games+1992, the+serpent+and+the+rainbow+1988, juice+1992, breakdown+1997, 420 ms"
"2022-02-08T19:25:24.536254,245522,recommendation request 17645-team17.isri.cmu.edu:8082, status 200, result: drop+zone+1994, rollerball+1975, robot+stories+2003, charisma+1999, voices+of+a+distant+star+2002, the+other+side+of+the+mountain+1975, without+a+paddle+2004, steel+1997, wake+of+death+2004, 9+2005, the+yakuza+1974, fabled+2002, planet+of+the+apes+2001, on+deadly+ground+1994, changing+lanes+2002, island+2011, conan+the+barbarian+1982, fail+safe+2000, last+night+1998, above+the+law+1988, 428 ms"
"2022-02-08T19:25:25.344941,187253,recommendation request 17645-team17.isri.cmu.edu:8082, status 200, result: american+virgin+2000, gleaming+the+cube+1989, curdled+1996, cry+freedom+1987, mickeys+once+upon+a+christmas+1999, about+last+night...+1986, frenzy+1972, gumby+the+movie+1995, grand+canyon+1991, the+verdict+1982, the+matrix+revolutions+2003, junebug+2005, the+hitch-hiker+1953, juice+1992, mobsters+1991, from+here+to+eternity+1953, ali+2001, look+whos+talking+too+1990, side+out+1990, the+brave+one+2007, 268 ms"
"2022-02-08T19:25:25.449362,239151,recommendation request 17645-team17.isri.cmu.edu:8082, status 200, result: rollerball+1975, the+five+senses+1999, barbershop+2002, six+pack+1982, 8+seconds+1994, the+proprietor+1996, star+wars+episode+iii+-+revenge+of+the+sith+2005, in+the+line+of+fire+1993, a+family+thing+1996, cabin+boy+1994, another+thin+man+1939, harry+and+tonto+1974, apocalypto+2006, planet+of+the+apes+2001, gone+in+sixty+seconds+2000, junebug+2005, veronica+guerin+2003, ali+2001, help+1965, lone+star+1996, 340 ms"
"2022-02-08T19:25:25.487258,299332,recommendation request 17645-team17.isri.cmu.edu:8082, status 200, result: the+pelican+brief+1993, dial+m+for+murder+1954, murder+at+1600+1997, disclosure+1994, deathtrap+1982, the+unsuspected+1947, the+big+sleep+1946, a+time+to+kill+1996, dead+ringer+1964, crossfire+1947, the+yakuza+1974, the+client+1994, blink+1994, frantic+1988, zodiac+2007, harper+1966, the+negotiator+1998, murder+in+the+first+1995, presumed+innocent+1990, they+made+me+a+criminal+1939, 379 ms"
"2022-02-08T19:25:25.512459,227693,recommendation request 17645-team17.isri.cmu.edu:8082, status 200, result: the+perfect+score+2004, eyewitness+1981, arranged+2007, top+secret+1984, the+conspiracy+2012, barbarosa+1982, a+family+thing+1996, freaky+friday+1976, without+a+paddle+2004, johnny+english+2003, critters+1986, harry+and+tonto+1974, phoenix+1998, the+hidden+1987, the+longest+yard+1974, junebug+2005, the+incredible+hulk+2008, hopscotch+1980, my+one+and+only+2009, today+you+die+2005, 397 ms"
"2022-02-08T19:25:25.511210,185204,recommendation request 17645-team17.isri.cmu.edu:8082, status 200, result: the+magician+1958, last+holiday+2006, think+like+a+man+too+2014, monsieur+lazhar+2011, notting+hill+1999, p.s.+2004, through+a+glass+darkly+1961, light+it+up+1999, maze+2000, dick+tracy+1990, phoenix+1998, the+brothers+2001, my+life+as+a+dog+1985, my+beautiful+laundrette+1985, hackers+1995, junebug+2005, the+passion+of+anna+1969, cherrybomb+2009, crush+2001, morning+glory+1933, 399 ms"
"2022-02-08T19:25:26.465108,95219,recommendation request 17645-team17.isri.cmu.edu:8082, status 200, result: cry+freedom+1987, the+five+senses+1999, forbidden+zone+1980, the+house+of+yes+1997, the+longest+day+1962, p.s.+2004, true+crime+1996, hollow+man+2000, identity+2003, the+other+side+of+the+mountain+1975, maze+2000, in+the+line+of+fire+1993, vision+quest+1985, lifeboat+1944, grand+illusion+1937, moving+1988, analyze+that+2002, the+mighty+1998, junebug+2005, in+harms+way+1965, 424 ms"
"2022-02-08T19:25:26.477923,70731,recommendation request 17645-team17.isri.cmu.edu:8082, status 200, result: the+nest+2002, rio+2+2014, drop+zone+1994, rollerball+1975, robot+stories+2003, royal+deceit+1994, barbarosa+1982, the+wash+2001, the+aristocats+1970, a+time+to+kill+1996, parker+2013, the+virgin+suicides+1999, in+too+deep+1999, steel+1997, the+saint+1997, for+keeps+1988, beyond+the+sea+2004, changing+lanes+2002, the+brave+one+2007, last+night+1998, 431 ms"
"2022-02-08T19:25:26.603810,26945,recommendation request 17645-team17.isri.cmu.edu:8082, status 200, result: the+perfect+score+2004, wreck-it+ralph+2012, six+pack+1982, the+house+of+yes+1997, a+goofy+movie+1995, p.s.+2004, courage+under+fire+1996, the+other+side+of+the+mountain+1975, maze+2000, a+family+thing+1996, harry+and+tonto+1974, the+yakuza+1974, the+brothers+2001, patriot+games+1992, the+longest+yard+1974, the+mighty+1998, junebug+2005, juice+1992, island+2011, crush+2001, 513 ms"
"2022-02-08T19:25:26.603729,260124,recommendation request 17645-team17.isri.cmu.edu:8082, status 200, result: cry+freedom+1987, rollerball+1975, arranged+2007, lockout+2012, 8+seconds+1994, star+wars+episode+iii+-+revenge+of+the+sith+2005, haywire+2011, the+island+1980, harem+1985, planet+of+the+apes+2001, the+incredible+hulk+2008, above+the+law+1988, today+you+die+2005, rumble+fish+1983, airport+1975+1974, the+idolmaker+1980, never+let+me+go+2010, bulletproof+1996, crazy+love+2007, beyond+the+poseidon+adventure+1979, 504 ms"
"2022-02-08T19:25:26.603825,264618,recommendation request 17645-team17.isri.cmu.edu:8082, status 200, result: dead+of+winter+1987, the+five+senses+1999, dark+city+1950, p.s.+2004, all+the+mornings+of+the+world+1991, barbarosa+1982, the+wash+2001, fuck+2005, a+family+thing+1996, nims+island+2008, ice+castles+1978, albatross+2011, full+speed+1996, junebug+2005, millions+2005, hook+1991, outrage+2009, come+see+the+paradise+1990, the+thin+man+goes+home+1945, down+in+the+delta+1998, 429 ms"
"2022-02-08T19:25:27.430217,144834,recommendation request 17645-team17.isri.cmu.edu:8082, status 200, result: the+five+senses+1999, the+house+of+yes+1997, ed+1996, raging+bull+1980, the+longest+day+1962, throw+momma+from+the+train+1987, cookie+1989, lifeboat+1944, grand+illusion+1937, casper+1995, working+girl+1988, the+mighty+1998, jurassic+park+1993, the+matrix+revolutions+2003, in+harms+way+1965, conan+the+barbarian+1982, the+brave+one+2007, class+1983, from+the+hip+1987, hook+1991, 354 ms"
"2022-02-08T19:25:27.512380,161161,recommendation request 17645-team17.isri.cmu.edu:8082, status 200, result: the+shaggy+dog+1959, into+eternity+2010, point+of+no+return+1993, unhook+the+stars+1996, mary+poppins+1964, murder+by+numbers+2002, now+you+see+him_+now+you+dont+1972, ed+1996, nine+lives+2005, punchline+1988, that+darn+cat+1965, the+shaggy+d.a.+1976, the+other+side+of+the+mountain+1975, the+aristocats+1970, my+kid+could+paint+that+2007, one+hundred+and+one+dalmatians+1961, fuck+2005, the+mother+2003, that+was+then...+this+is+now+1985, the+lords+of+flatbush+1974, 426 ms"
"2022-02-08T19:25:27.692904,143551,recommendation request 17645-team17.isri.cmu.edu:8082, status 200, result: shampoo+1975, rollerball+1975, the+last+of+the+mohicans+1992, punchline+1988, the+longest+day+1962, barbarosa+1982, 633+squadron+1964, a+family+thing+1996, cabin+boy+1994, planet+of+the+apes+2001, junebug+2005, changing+lanes+2002, some+days+are+better+than+others+2011, from+here+to+eternity+1953, ali+2001, his+girl+friday+1940, my+one+and+only+2009, they+made+me+a+criminal+1939, holiday+1938, the+survivors+1983, 613 ms"
"2022-02-08T19:25:27.701405,193696,recommendation request 17645-team17.isri.cmu.edu:8082, status 200, result: north+by+northwest+1959, rollerball+1975, barbershop+2002, intersection+1994, star+wars+episode+iii+-+revenge+of+the+sith+2005, a+goofy+movie+1995, a+time+to+kill+1996, freaky+friday+1976, another+thin+man+1939, hot+tub+time+machine+2010, planet+of+the+apes+2001, the+yakuza+1974, the+client+1994, the+emperors+new+groove+2000, ratatouille+2007, private+lives+1931, they+made+me+a+criminal+1939, babes+in+toyland+1934, the+rocker+2008, shrek+the+third+2007, 585 ms"
"2022-02-08T19:25:27.708711,206277,recommendation request 17645-team17.isri.cmu.edu:8082, status 200, result: rollerball+1975, barbershop+2002, intersection+1994, the+longest+day+1962, rancho+deluxe+1975, loving+you+1957, crossroads+2002, barbarosa+1982, flashdance+1983, lifeboat+1944, grand+illusion+1937, casper+1995, another+thin+man+1939, moving+1988, lightning+jack+1994, private+parts+1972, planet+of+the+apes+2001, my+fair+lady+1964, serial+1980, shes+having+a+baby+1988, 606 ms"
"2022-02-08T19:25:27.708542,159882,recommendation request 17645-team17.isri.cmu.edu:8082, status 200, result: drop+zone+1994, rollerball+1975, barbershop+2002, arranged+2007, star+wars+episode+iii+-+revenge+of+the+sith+2005, lethal+weapon+3+1992, without+a+paddle+2004, inception+2010, another+thin+man+1939, harry+and+tonto+1974, phoenix+1998, planet+of+the+apes+2001, beneath+the+planet+of+the+apes+1970, the+matrix+revolutions+2003, the+mighty+1998, music+and+lyrics+2007, changing+lanes+2002, junebug+2005, the+matrix+1999, help+1965, 616 ms"
"2022-02-08T19:25:28.383356,71070,recommendation request 17645-team17.isri.cmu.edu:8082, status 200, result: drop+zone+1994, six+pack+1982, punchline+1988, city+slickers+1991, notting+hill+1999, p.s.+2004, red+dawn+1984, barbarosa+1982, maze+2000, the+other+side+of+the+mountain+1975, a+family+thing+1996, without+a+paddle+2004, vision+quest+1985, a+little+princess+1995, bad+girls+1994, moving+1988, harry+and+tonto+1974, the+witches+of+eastwick+1987, wake+of+death+2004, the+brothers+2001, 350 ms"
"2022-02-08T19:25:28.403647,262876,recommendation request 17645-team17.isri.cmu.edu:8082, status 200, result: romance+2012, lucas+1986, commandments+1997, the+wendell+baker+story+2005, cherry+2011, p.s.+2004, once+around+1991, tempest+1982, an+unmarried+woman+1978, maze+2000, emma+2009, sex+and+the+city+2008, where+the+heart+is+2000, the+object+of+my+affection+1998, numb+2007, anastasia+1956, bulworth+1998, only+you+1994, youre+a+big+boy+now+1966, the+brothers+2001, 279 ms"
"2022-02-08T19:25:29.481458,87292,recommendation request 17645-team17.isri.cmu.edu:8082, status 200, result: the+nest+2002, the+cat+in+the+hat+2003, rollerball+1975, bill+cosby+himself+1983, ed+1996, double+team+1997, parker+2013, dick+tracy+1990, in+too+deep+1999, apocalypto+2006, the+island+1980, the+saint+1997, gone+in+sixty+seconds+2000, opportunity+knocks+1990, how+the+grinch+stole+christmas+2000, jurassic+park+1993, kull+the+conqueror+1997, the+living+daylights+1987, scary+movie+5+2013, the+eagle+has+landed+1976, 424 ms"
"2022-02-08T19:25:29.502728,34446,recommendation request 17645-team17.isri.cmu.edu:8082, status 200, result: eyewitness+1981, mary+poppins+1964, the+last+of+the+mohicans+1992, a+goofy+movie+1995, deep+rising+1998, the+addams+family+1991, vision+quest+1985, freaky+friday+1976, a+little+princess+1995, birdy+1984, the+witches+of+eastwick+1987, harem+1985, patriot+games+1992, winnie+the+pooh+2011, juice+1992, breakdown+1997, a+knights+tale+2001, hopscotch+1980, eight+men+out+1988, dinoshark+2010, 447 ms"
"2022-02-08T19:25:29.517769,129370,recommendation request 17645-team17.isri.cmu.edu:8082, status 200, result: coldblooded+1995, lockout+2012, p.s.+2004, a+goofy+movie+1995, son+of+the+mask+2005, courage+under+fire+1996, vision+quest+1985, freaky+friday+1976, a+little+princess+1995, haywire+2011, dumb+and+dumber+to+2014, the+witches+of+eastwick+1987, the+yakuza+1974, topper+1937, winnie+the+pooh+2011, shes+having+a+baby+1988, island+2011, the+women+2008, 10th++wolf+2006, the+emperors+new+groove+2000, 421 ms"
"2022-02-08T19:25:29.517813,123688,recommendation request 17645-team17.isri.cmu.edu:8082, status 200, result: rollerball+1975, robot+stories+2003, star+wars+episode+iii+-+revenge+of+the+sith+2005, warriors+2002, the+other+side+of+the+mountain+1975, walle+2008, the+dance+of+reality+2013, freaky+friday+1976, the+last+legion+2007, dont+say+a+word+2001, the+island+1980, planet+of+the+apes+2001, the+truman+show+1998, junebug+2005, kull+the+conqueror+1997, proof+2005, last+night+1998, above+the+law+1988, my+one+and+only+2009, conan+the+destroyer+1984, 460 ms"
"2022-02-08T19:25:30.426273,155446,recommendation request 17645-team17.isri.cmu.edu:8082, status 200, result: six+pack+1982, notting+hill+1999, p.s.+2004, frenzy+1972, true+crime+1996, snow+dogs+2002, the+aristocats+1970, lethal+weapon+3+1992, a+time+to+kill+1996, maze+2000, the+beverly+hillbillies+1993, the+yakuza+1974, the+brothers+2001, my+beautiful+laundrette+1985, the+matrix+1999, crush+2001, the+incredible+hulk+2008, untitled+2009, spasmo+1974, indestructible+man+1956, 386 ms"
"2022-02-08T19:25:30.396214,253532,recommendation request 17645-team17.isri.cmu.edu:8082, status 200, result: city+hall+1996, wisegirls+2002, sink+the+bismarck+1960, punchline+1988, hangmen+also+die+1943, city+slickers+1991, my+giant+1998, flags+of+our+fathers+2006, midway+1976, barbarosa+1982, the+bridge+1959, cromwell+1970, bad+girls+1994, a+bridge+too+far+1977, geronimo+an+american+legend+1993, battle+of+britain+1969, leonard+part+6+1987, all+quiet+on+the+western+front+1930, patton+1970, silverado+1985, 316 ms"
"2022-02-08T19:25:30.506806,183610,recommendation request 17645-team17.isri.cmu.edu:8082, status 200, result: eyewitness+1981, curdled+1996, six+pack+1982, lockout+2012, p.s.+2004, a+goofy+movie+1995, son+of+the+mask+2005, courage+under+fire+1996, a+family+thing+1996, freaky+friday+1976, vision+quest+1985, a+little+princess+1995, haywire+2011, harry+and+tonto+1974, the+witches+of+eastwick+1987, topper+1937, the+hitch-hiker+1953, island+2011, the+incredible+hulk+2008, mobsters+1991, 429 ms"
"2022-02-08T19:25:30.568727,198754,recommendation request 17645-team17.isri.cmu.edu:8082, status 200, result: mary+poppins+1964, the+conspiracy+2012, the+golden+voyage+of+sinbad+1973, the+watch+2012, show+boat+1951, brimstone++treacle+1982, freaky+friday+1976, splash+1984, bachelor+in+paradise+1961, love+crazy+1941, the+island+1980, macabre+1958, on+the+town+1949, kull+the+conqueror+1997, body+double+1984, conan+the+barbarian+1982, above+the+law+1988, made+of+honor+2008, ruby++quentin+2003, phantoms+1998, 500 ms"
"2022-02-08T19:25:30.569611,18067,recommendation request 17645-team17.isri.cmu.edu:8082, status 200, result: robot+stories+2003, agnes+of+god+1985, the+proprietor+1996, doc+hollywood+1991, p.s.+2004, a+goofy+movie+1995, the+princess+diaries+2+royal+engagement+2004, my+own+private+idaho+1991, the+other+side+of+the+mountain+1975, maze+2000, true+crime+1996, the+next+three+days+2010, lifeboat+1944, moving+1988, phoenix+1998, the+brothers+2001, albatross+2011, an+education+2009, serial+1980, geronimo+an+american+legend+1993, 513 ms"
"2022-02-08T19:25:30.622616,283562,recommendation request 17645-team17.isri.cmu.edu:8082, status 200, result: american+virgin+2000, p.s.+2004, frenzy+1972, fuck+2005, footloose+1984, nims+island+2008, r100+2013, wake+of+death+2004, the+yakuza+1974, fabled+2002, desk+set+1957, out+to+sea+1997, hook+1991, hopscotch+1980, eating+raoul+1982, today+you+die+2005, an+american+werewolf+in+paris+1997, the+idolmaker+1980, rashomon+1950, benji+1974, 516 ms"
"2022-02-08T19:25:31.438868,90572,recommendation request 17645-team17.isri.cmu.edu:8082, status 200, result: the+perfect+score+2004, the+naked+gun+33+the+final+insult+1994, a+slave+of+love+1976, running+out+of+time+1999, police+academy+1984, ever+since+the+world+ended+2001, nighthawks+1981, casshern+2004, the+yakuza+1974, gravity+2013, the+longest+yard+1974, mo+money+1992, the+game+1997, threads+1984, 7+seconds+2005, clean+2004, the+professional+1981, police+academy+6+city+under+siege+1989, the+naked+gun+2+the+smell+of+fear+1991, ballad+of+a+soldier+1959, 365 ms"
"2022-02-08T19:25:31.272848,27229,recommendation request 17645-team17.isri.cmu.edu:8082, status 200, result: the+perfect+score+2004, eyewitness+1981, rollerball+1975, bon+cop+bad+cop+2006, mary+poppins+1964, the+snowman+1982, the+errand+boy+1961, big+hero+6+2014, the+other+side+of+the+mountain+1975, the+addams+family+1991, a+time+to+kill+1996, freaky+friday+1976, cabin+boy+1994, forrest+gump+1994, the+beverly+hillbillies+1993, the+yakuza+1974, planet+of+the+apes+2001, for+keeps+1988, shes+having+a+baby+1988, hopscotch+1980, 215 ms"
"2022-02-08T19:25:32.450821,37768,recommendation request 17645-team17.isri.cmu.edu:8082, status 200, result: cry+freedom+1987, about+last+night...+1986, mary+poppins+1964, the+errand+boy+1961, major+league+ii+1994, p.s.+2004, the+other+side+of+the+mountain+1975, the+addams+family+1991, maze+2000, freaky+friday+1976, cabin+boy+1994, casper+1995, moving+1988, jurassic+park+1993, serial+1980, junebug+2005, an+education+2009, crush+2001, side+out+1990, my+one+and+only+2009, 349 ms"
"2022-02-08T19:25:32.506705,86722,recommendation request 17645-team17.isri.cmu.edu:8082, status 200, result: new+nightmare+1994, bossa+nova+2000, something+new+2006, in+the+mouth+of+madness+1994, bride+of+the+wind+2001, freddys+dead+the+final+nightmare+1991, brimstone++treacle+1982, that+was+then...+this+is+now+1985, the+final+destination+2009, scream+4+2011, emma+2009, you+and+i+2006, the+mighty+1998, music+and+lyrics+2007, dedication+2007, sonny+2002, crush+2001, help+1965, rushmore+1998, carnival+of+souls+1962, 387 ms"
"2022-02-08T19:25:32.505327,260223,recommendation request 17645-team17.isri.cmu.edu:8082, status 200, result: the+house+of+yes+1997, punchline+1988, p.s.+2004, analyze+this+1999, birdy+1984, forrest+gump+1994, the+man+without+a+face+1993, moving+1988, iris+2001, harem+1985, the+mighty+1998, the+matrix+revolutions+2003, serial+1980, conan+the+barbarian+1982, the+brave+one+2007, from+the+hip+1987, above+the+law+1988, eight+men+out+1988, trouble+in+paradise+1932, dungeons++dragons+2000, 371 ms"
"2022-02-08T19:25:33.365147,170077,recommendation request 17645-team17.isri.cmu.edu:8082, status 200, result: eyewitness+1981, the+new+age+1994, rollerball+1975, the+avengers+1998, mary+poppins+1964, the+house+of+yes+1997, the+gauntlet+1977, dark+city+1950, intersection+1994, star+wars+episode+iii+-+revenge+of+the+sith+2005, a+goofy+movie+1995, p.s.+2004, the+addams+family+1991, a+time+to+kill+1996, freaky+friday+1976, planet+of+the+apes+2001, the+yakuza+1974, the+client+1994, the+mighty+1998, on+deadly+ground+1994, 313 ms"
"2022-02-08T19:25:33.453496,62068,recommendation request 17645-team17.isri.cmu.edu:8082, status 200, result: eyewitness+1981, drop+zone+1994, six+pack+1982, a+family+thing+1996, without+a+paddle+2004, detective+story+1951, haywire+2011, casper+1995, harry+and+tonto+1974, paparazzi+2004, wake+of+death+2004, jurassic+park+1993, changing+lanes+2002, look+whos+talking+too+1990, the+fury+1978, above+the+law+1988, predator+1987, hopscotch+1980, hook+1991, today+you+die+2005, 423 ms"
"2022-02-08T19:25:34.339630,251387,recommendation request 17645-team17.isri.cmu.edu:8082, status 200, result: dead+of+winter+1987, drop+zone+1994, top+secret+1984, sleepers+1996, forbidden+zone+1980, p.s.+2004, maze+2000, a+time+to+kill+1996, dick+tracy+1990, not+my+day+2014, apocalypto+2006, the+saint+1997, four+brothers+2005, the+brothers+2001, gone+in+sixty+seconds+2000, crush+2001, the+brave+one+2007, island+2011, from+the+hip+1987, hopscotch+1980, 276 ms"
"2022-02-08T19:25:34.637013,204493,recommendation request 17645-team17.isri.cmu.edu:8082, status 200, result: barbershop+2002, the+proprietor+1996, think+like+a+man+too+2014, the+brother+from+another+planet+1984, the+next+three+days+2010, in+the+line+of+fire+1993, dick+tracy+1990, paul+2011, johnny+english+2003, another+thin+man+1939, dead+reckoning+1947, private+parts+1972, phoenix+1998, malice+1993, marooned+1969, the+comancheros+1961, junebug+2005, from+here+to+eternity+1953, ali+2001, burnt+offerings+1976, 566 ms"
"2022-02-08T19:25:34.639436,80853,recommendation request 17645-team17.isri.cmu.edu:8082, status 200, result: curdled+1996, the+new+age+1994, rollerball+1975, the+conspiracy+2012, parking+2008, a+time+to+kill+1996, the+hound+of+the+baskervilles+1978, gumby+the+movie+1995, not+my+day+2014, the+brood+1979, 9+2005, big+bad+mama+1974, shivers+1975, the+yakuza+1974, the+client+1994, day+of+the+wacko+2002, juice+1992, mobsters+1991, from+here+to+eternity+1953, the+story+of+xinghua+1994, 524 ms"
"2022-02-08T19:25:34.674583,80194,recommendation request 17645-team17.isri.cmu.edu:8082, status 200, result: eyewitness+1981, the+outlaw+josey+wales+1976, switchback+1997, doc+hollywood+1991, the+dirty+dozen+next+mission+1985, the+other+side+of+the+mountain+1975, father+of+the+bride+1991, moving+1988, one+eight+seven+1997, big+jake+1971, unforgiven+1992, serial+1980, juice+1992, breakdown+1997, hot+to+trot+1988, rescue+dawn+2006, the+desert+rats+1953, cutthroat+island+1995, get+real+1998, beyond+the+poseidon+adventure+1979, 566 ms"
"2022-02-08T19:25:34.698723,164972,recommendation request 17645-team17.isri.cmu.edu:8082, status 200, result: bill+cosby+himself+1983, top+secret+1984, rollerball+1975, mary+poppins+1964, my+man+godfrey+1957, ed+1996, melody+time+1948, mickeys+once+upon+a+christmas+1999, the+addams+family+1991, the+aristocats+1970, freaky+friday+1976, a+little+princess+1995, fulltime+killer+2001, chicken+run+2000, in+too+deep+1999, saludos+amigos+1942, the+yakuza+1974, planet+of+the+apes+2001, junebug+2005, juice+1992, 570 ms"
"2022-02-08T19:25:34.698047,16843,recommendation request 17645-team17.isri.cmu.edu:8082, status 200, result: cry+freedom+1987, barbershop+2002, six+pack+1982, a+goofy+movie+1995, sling+blade+1996, red+dawn+1984, the+broadway+melody+1929, light+it+up+1999, a+family+thing+1996, freaky+friday+1976, another+thin+man+1939, harry+and+tonto+1974, the+great+ziegfeld+1936, the+island+1980, the+mighty+1998, juice+1992, island+2011, the+living+daylights+1987, above+the+law+1988, the+emperors+new+groove+2000, 590 ms"
"2022-02-08T19:25:35.595954,173722,recommendation request 17645-team17.isri.cmu.edu:8082, status 200, result: cry+freedom+1987, nothing+but+trouble+1991, barbershop+2002, the+longest+day+1962, the+proprietor+1996, sling+blade+1996, true+crime+1996, the+other+side+of+the+mountain+1975, maze+2000, dead+of+night+1945, gods+not+dead+2014, made+in+u.s.a+1966, lifeboat+1944, grand+illusion+1937, z+1969, another+thin+man+1939, national+lampoons+vacation+1983, the+island+1980, the+wizard+1989, the+mighty+1998, 564 ms"
"2022-02-08T19:25:35.685888,80998,recommendation request 17645-team17.isri.cmu.edu:8082, status 200, result: replicant+2001, about+last+night...+1986, rambo+first+blood+part+ii+1985, maze+2000, spirit+stallion+of+the+cimarron+2002, snow+dogs+2002, fuck+2005, freaky+friday+1976, pitch+black+2000, nighthawks+1981, planet+of+the+apes+2001, evil+dead+ii+1987, crush+2001, mobsters+1991, side+out+1990, outrage+2009, above+the+law+1988, today+you+die+2005, chicken+little+2005, orgy+of+the+dead+1965, 654 ms"
"2022-02-08T19:25:35.681571,177372,recommendation request 17645-team17.isri.cmu.edu:8082, status 200, result: drop+zone+1994, arranged+2007, the+avengers+1998, oh_+god+1977, the+snowman+1982, the+golden+voyage+of+sinbad+1973, barbarosa+1982, the+wash+2001, incognito+1997, nims+island+2008, big+trouble+2002, moving+1988, the+letter+1940, phoenix+1998, the+witches+of+eastwick+1987, four+brothers+2005, analyze+that+2002, the+brave+one+2007, hook+1991, dark+passage+1947, 583 ms"
"2022-02-08T19:25:35.712555,100238,recommendation request 17645-team17.isri.cmu.edu:8082, status 200, result: six+pack+1982, lockout+2012, notting+hill+1999, p.s.+2004, rambo+first+blood+part+ii+1985, maze+2000, a+time+to+kill+1996, a+family+thing+1996, birdy+1984, haywire+2011, harry+and+tonto+1974, the+letter+1940, harem+1985, the+yakuza+1974, the+brothers+2001, my+beautiful+laundrette+1985, crush+2001, the+incredible+hulk+2008, eight+men+out+1988, untitled+2009, 672 ms"
"2022-02-08T19:25:36.425492,80,recommendation request 17645-team17.isri.cmu.edu:8082, status 200, result: rollerball+1975, about+last+night...+1986, the+house+of+yes+1997, 8+seconds+1994, star+wars+episode+iii+-+revenge+of+the+sith+2005, p.s.+2004, the+other+side+of+the+mountain+1975, maze+2000, planet+of+the+apes+2001, the+mighty+1998, desk+set+1957, out+to+sea+1997, have+rocket_+will+travel+1959, crush+2001, the+women+2008, side+out+1990, the+three+stooges+in+orbit+1962, romeo+and+juliet+1936, holiday+1938, get+real+1998, 396 ms"
"2022-02-08T19:25:36.485104,222611,recommendation request 17645-team17.isri.cmu.edu:8082, status 200, result: the+cat+in+the+hat+2003, eyewitness+1981, mary+poppins+1964, ed+1996, p.s.+2004, courage+under+fire+1996, maze+2000, the+addams+family+1991, vision+quest+1985, freaky+friday+1976, a+little+princess+1995, birdy+1984, the+witches+of+eastwick+1987, harem+1985, patriot+games+1992, the+brothers+2001, how+the+grinch+stole+christmas+2000, juice+1992, island+2011, crush+2001, 455 ms"
"2022-02-08T19:25:36.485039,127553,recommendation request 17645-team17.isri.cmu.edu:8082, status 200, result: ed+1996, the+golden+voyage+of+sinbad+1973, frenzy+1972, the+andromeda+strain+1971, dick+tracy+1990, dont+say+a+word+2001, casper+1995, psycho+1998, apocalypto+2006, the+island+1980, the+saint+1997, gone+in+sixty+seconds+2000, jurassic+park+1993, desk+set+1957, kull+the+conqueror+1997, out+to+sea+1997, conan+the+barbarian+1982, hook+1991, starship+troopers+1997, spasmo+1974, 457 ms"
"2022-02-08T19:25:36.491218,178578,recommendation request 17645-team17.isri.cmu.edu:8082, status 200, result: curdled+1996, drop+zone+1994, cry+freedom+1987, my+man+godfrey+1957, ed+1996, the+house+of+yes+1997, raging+bull+1980, the+other+side+of+the+mountain+1975, without+a+paddle+2004, vision+quest+1985, a+little+princess+1995, a+family+thing+1996, the+witches+of+eastwick+1987, wake+of+death+2004, albatross+2011, the+mighty+1998, junebug+2005, changing+lanes+2002, the+hitch-hiker+1953, an+education+2009, 461 ms"
"2022-02-08T19:25:37.380200,156510,recommendation request 17645-team17.isri.cmu.edu:8082, status 200, result: happy+accidents+2000, the+house+of+yes+1997, punchline+1988, last+holiday+2006, p.s.+2004, father+of+the+bride+1991, gumby+the+movie+1995, topper+1937, the+mighty+1998, time+bandits+1981, junebug+2005, serial+bad+weddings+2014, class+1983, from+the+hip+1987, his+girl+friday+1940, hook+1991, hopscotch+1980, bingo+1991, my+one+and+only+2009, ruby++quentin+2003, 342 ms"
"2022-02-08T19:25:37.359330,138385,recommendation request 17645-team17.isri.cmu.edu:8082, status 200, result: replicant+2001, rollerball+1975, sleepers+1996, dark+city+1950, frenzy+1972, true+crime+1996, the+next+three+days+2010, a+time+to+kill+1996, vision+quest+1985, a+little+princess+1995, pitch+black+2000, fulltime+killer+2001, in+too+deep+1999, the+witches+of+eastwick+1987, silver+city+2004, phoenix+1998, the+letter+1940, planet+of+the+apes+2001, hackers+1995, x+the+unknown+1956, 317 ms"
"2022-02-08T19:25:37.383654,35567,recommendation request 17645-team17.isri.cmu.edu:8082, status 200, result: eyewitness+1981, rollerball+1975, robot+stories+2003, courage+under+fire+1996, the+watch+2012, the+other+side+of+the+mountain+1975, inception+2010, critters+1986, transformers+dark+of+the+moon+2011, four+brothers+2005, the+hidden+1987, jurassic+park+1993, 2010+moby+dick+2010, from+dusk+till+dawn+1996, last+night+1998, the+fury+1978, 7+seconds+2005, dinoshark+2010, spasmo+1974, letters+from+iwo+jima+2006, 341 ms"
"2022-02-08T19:25:38.315971,213817,recommendation request 17645-team17.isri.cmu.edu:8082, status 200, result: donovans+reef+1963, 28+weeks+later+2007, last+holiday+2006, the+conspiracy+2012, mars+attacks+1996, altered+2006, mimic+2+2001, the+10th+kingdom+2000, dogma+1999, terrorvision+1986, flatliners+1990, bio+slime+2010, the+machine+1994, the+3+worlds+of+gulliver+1960, hook+1991, hopscotch+1980, dinoshark+2010, bingo+1991, house+of+frankenstein+1944, little+monsters+1989, 298 ms"
"2022-02-08T19:25:38.392170,93211,recommendation request 17645-team17.isri.cmu.edu:8082, status 200, result: bill+cosby+himself+1983, lockout+2012, p.s.+2004, red+dawn+1984, son+of+the+mask+2005, mystery_+alaska+1999, maze+2000, fuck+2005, pride+2014, haywire+2011, patriot+games+1992, topper+1937, juice+1992, the+living+daylights+1987, crush+2001, the+women+2008, breakdown+1997, outrage+2009, above+the+law+1988, beyond+therapy+1987, 375 ms"
"2022-02-08T19:25:38.496466,174017,recommendation request 17645-team17.isri.cmu.edu:8082, status 200, result: rollerball+1975, barbershop+2002, son+of+godzilla+1967, return+of+the+fly+1959, p.s.+2004, true+crime+1996, hollow+man+2000, carnosaur+2+1995, identity+2003, son+of+the+mask+2005, in+the+line+of+fire+1993, nims+island+2008, 42nd+street+1933, on+moonlight+bay+1951, another+thin+man+1939, moving+1988, the+island+1980, planet+of+the+apes+2001, topper+1937, mothra+vs.+godzilla+1964, 472 ms"
"2022-02-08T19:25:38.497796,35197,recommendation request 17645-team17.isri.cmu.edu:8082, status 200, result: black+beauty+1994, eyewitness+1981, the+nest+2002, rollerball+1975, walle+2008, lethal+weapon+3+1992, parker+2013, in+the+line+of+fire+1993, a+little+princess+1995, in+too+deep+1999, harry+and+tonto+1974, one+man+band+2005, planet+of+the+apes+2001, junebug+2005, crush+2001, island+2011, the+juror+1996, body+double+1984, lifted+2006, the+matrix+1999, 429 ms"
"2022-02-08T19:25:38.508700,160543,recommendation request 17645-team17.isri.cmu.edu:8082, status 200, result: rio+2+2014, rollerball+1975, ed+1996, p.s.+2004, maze+2000, the+aristocats+1970, cabin+boy+1994, casper+1995, where+the+heart+is+2000, planet+of+the+apes+2001, the+client+1994, the+brothers+2001, jurassic+park+1993, waiting+to+exhale+1995, island+2011, crush+2001, ever+after+a+cinderella+story+1998, help+1965, of+human+bondage+1934, hook+1991, 461 ms"
"2022-02-08T19:25:39.381416,89927,recommendation request 17645-team17.isri.cmu.edu:8082, status 200, result: life+is+beautiful+1997, the+five+senses+1999, the+last+of+the+mohicans+1992, the+longest+day+1962, i+like+it+like+that+1994, the+other+side+of+the+mountain+1975, 633+squadron+1964, code+of+silence+1985, gods+not+dead+2014, father+of+the+bride+1991, bean+1997, splash+1984, love+story+1970, phoenix+1998, the+yakuza+1974, the+mighty+1998, the+hot+spot+1990, the+incredible+hulk+2008, blood+and+sand+1989, stromboli+1950, 185 ms"
"2022-02-08T19:25:39.422542,303904,recommendation request 17645-team17.isri.cmu.edu:8082, status 200, result: black+beauty+1994, rollerball+1975, the+gauntlet+1977, the+snowman+1982, star+wars+episode+iii+-+revenge+of+the+sith+2005, the+watch+2012, a+little+princess+1995, prince+of+persia+the+sands+of+time+2010, planet+of+the+apes+2001, the+yakuza+1974, juice+1992, island+2011, conan+the+barbarian+1982, dark+passage+1947, dinoshark+2010, dungeons++dragons+2000, shrek+the+third+2007, lady+in+a+cage+1964, city+of+ember+2008, shrek+2+2004, 329 ms"
"2022-02-08T19:25:40.472490,33392,recommendation request 17645-team17.isri.cmu.edu:8082, status 200, result: eyewitness+1981, curdled+1996, the+next+three+days+2010, true+crime+1996, without+a+paddle+2004, detective+story+1951, dick+tracy+1990, big+trouble+2002, phoenix+1998, junebug+2005, desk+set+1957, out+to+sea+1997, the+hitch-hiker+1953, the+incredible+hulk+2008, millions+2005, hopscotch+1980, today+you+die+2005, jennifer+eight+1992, bingo+1991, bulletproof+1996, 356 ms"
"2022-02-08T19:25:40.478146,218598,recommendation request 17645-team17.isri.cmu.edu:8082, status 200, result: rancho+deluxe+1975, black+sheep+1996, suddenly+1954, the+sting+1973, that+was+then...+this+is+now+1985, barbarosa+1982, duck+soup+1933, detective+story+1951, the+jolson+story+1946, moving+1988, lightning+jack+1994, phoenix+1998, clockwatchers+1997, 4+for+texas+1963, the+producers+1967, sonny+2002, hair+1979, so+fine+1981, breakfast+on+pluto+2005, romeo+is+bleeding+1993, 357 ms"
"2022-02-08T19:25:40.506996,131195,recommendation request 17645-team17.isri.cmu.edu:8082, status 200, result: the+perfect+score+2004, bon+cop+bad+cop+2006, punchline+1988, city+slickers+1991, p.s.+2004, red+dawn+1984, son+of+the+mask+2005, deep+rising+1998, barbarosa+1982, maze+2000, bad+girls+1994, moving+1988, topper+1937, the+brothers+2001, winnie+the+pooh+2011, free+willy+3+the+rescue+1997, geronimo+an+american+legend+1993, the+living+daylights+1987, the+incredible+hulk+2008, crush+2001, 373 ms"
"2022-02-08T19:25:40.509134,260194,recommendation request 17645-team17.isri.cmu.edu:8082, status 200, result: replicant+2001, drop+zone+1994, cry+freedom+1987, barbershop+2002, my+man+godfrey+1957, ed+1996, prince+of+persia+the+sands+of+time+2010, another+thin+man+1939, the+letter+1940, the+island+1980, the+saint+1997, four+brothers+2005, changing+lanes+2002, conan+the+barbarian+1982, rumble+fish+1983, airport+1975+1974, private+lives+1931, they+made+me+a+criminal+1939, bulletproof+1996, dungeons++dragons+2000, 389 ms"
"2022-02-08T19:25:41.421789,81580,recommendation request 17645-team17.isri.cmu.edu:8082, status 200, result: eyewitness+1981, punchline+1988, the+snowman+1982, prison+1988, the+conspiracy+2012, brimstone++treacle+1982, the+aristocats+1970, taxi+2004, masterminds+1997, money+train+1995, armed+and+dangerous+1986, the+chronicles+of+narnia+the+voyage+of+the+dawn+treader+2010, mobsters+1991, conan+the+barbarian+1982, saw+vi+2009, tough+guys+1986, above+the+law+1988, hopscotch+1980, his+girl+friday+1940, a+muppet+family+christmas+1987, 306 ms"
"2022-02-08T19:25:41.497717,290253,recommendation request 17645-team17.isri.cmu.edu:8082, status 200, result: narc+2002, drop+zone+1994, and+now...+ladies+and+gentlemen...+2002, the+proprietor+1996, the+brother+from+another+planet+1984, p.s.+2004, missing+1982, maze+2000, die+another+day+2002, lethal+weapon+3+1992, z+1969, lifeboat+1944, masterminds+1997, the+great+escape+1963, money+train+1995, marooned+1969, armed+and+dangerous+1986, sherlock+holmes+in+washington+1943, mobsters+1991, crush+2001, 306 ms"
"2022-02-08T19:25:41.502004,261427,recommendation request 17645-team17.isri.cmu.edu:8082, status 200, result: bill+cosby+himself+1983, serpico+1973, undercover+brother+2002, running+out+of+time+1999, never+again+2002, k-9+1989, a+time+to+kill+1996, detective+story+1951, johnny+english+2003, the+replacement+killers+1998, putzel+2012, shopping+1994, the+island+1980, screwed+2000, nothing+to+lose+1997, morocco+1930, the+roaring+twenties+1939, help+1965, night+nurse+1931, the+godfather+1972, 361 ms"
"2022-02-08T19:25:42.427404,201384,recommendation request 17645-team17.isri.cmu.edu:8082, status 200, result: the+parent+trap+1998, melody+time+1948, punchline+1988, the+snowman+1982, p.s.+2004, snow+dogs+2002, maze+2000, the+aristocats+1970, flashdance+1983, freaky+friday+1976, asylum+1972, forrest+gump+1994, saludos+amigos+1942, the+matrix+revolutions+2003, shes+having+a+baby+1988, island+2011, crush+2001, the+brave+one+2007, the+women+2008, his+girl+friday+1940, 315 ms"
"2022-02-08T19:25:42.441932,63382,recommendation request 17645-team17.isri.cmu.edu:8082, status 200, result: a+couch+in+new+york+1996, 8+seconds+1994, the+proprietor+1996, the+edukators+2004, walle+2008, light+it+up+1999, wintersleepers+1997, the+pompatus+of+love+1996, lifeboat+1944, not+my+day+2014, one+man+band+2005, the+reader+2008, junebug+2005, crush+2001, conan+the+barbarian+1982, lifted+2006, from+the+hip+1987, my+one+and+only+2009, dugs+special+mission+2009, ratatouille+2007, 295 ms"
"2022-02-08T19:25:43.518547,298171,recommendation request 17645-team17.isri.cmu.edu:8082, status 200, result: the+last+of+the+mohicans+1992, a+matter+of+loaf+and+death+2008, suddenly+1954, money+talks+1997, how+i+won+the+war+1967, gorky+park+1983, code+of+silence+1985, spirit+stallion+of+the+cimarron+2002, the+matrix+reloaded+2003, the+falcon+and+the+snowman+1985, phoenix+1998, harem+1985, the+matrix+revolutions+2003, antz+1998, the+hot+spot+1990, conan+the+barbarian+1982, the+brave+one+2007, swordfish+2001, i+was+a+male+war+bride+1949, come+see+the+paradise+1990, 396 ms"
"2022-02-08T19:25:43.596252,178389,recommendation request 17645-team17.isri.cmu.edu:8082, status 200, result: cry+freedom+1987, mickeys+once+upon+a+christmas+1999, suburban+commando+1991, rollerball+1975, the+dresser+1983, star+wars+episode+iii+-+revenge+of+the+sith+2005, cookie+1989, the+other+side+of+the+mountain+1975, ice+castles+1978, chicken+run+2000, c.h.o.m.p.s.+1979, silver+city+2004, the+island+1980, planet+of+the+apes+2001, albatross+2011, junebug+2005, island+2011, from+here+to+eternity+1953, ali+2001, six+weeks+1982, 502 ms"
"2022-02-08T19:25:43.623550,291057,recommendation request 17645-team17.isri.cmu.edu:8082, status 200, result: north+by+northwest+1959, eyewitness+1981, the+magician+1958, about+last+night...+1986, raging+bull+1980, p.s.+2004, barbarosa+1982, maze+2000, a+family+thing+1996, northfork+2003, frozen+2007, hot+tub+time+machine+2010, albatross+2011, the+brothers+2001, gravity+2013, another+earth+2011, unforgiven+1992, the+passion+of+anna+1969, look+whos+talking+too+1990, crush+2001, 487 ms"
"2022-02-08T19:25:43.620613,245730,recommendation request 17645-team17.isri.cmu.edu:8082, status 200, result: the+glimmer+man+1996, top+secret+1984, forbidden+zone+1980, robot+stories+2003, the+westerner+1940, doc+hollywood+1991, p.s.+2004, under+siege+1992, barbarosa+1982, maze+2000, light+it+up+1999, a+time+to+kill+1996, dont+tell+her+its+me+1990, northfork+2003, the+virgin+suicides+1999, tap+1989, lionheart+1990, wake+of+death+2004, guilty+as+sin+1993, the+brothers+2001, 494 ms"
"2022-02-08T19:25:43.625668,255265,recommendation request 17645-team17.isri.cmu.edu:8082, status 200, result: cry+freedom+1987, rollerball+1975, barbershop+2002, the+westerner+1940, what+doesnt+kill+you+2008, the+gauntlet+1977, star+wars+episode+iii+-+revenge+of+the+sith+2005, p.s.+2004, frenzy+1972, the+lucky+ones+2008, barbarosa+1982, show+boat+1951, a+time+to+kill+1996, a+family+thing+1996, nims+island+2008, tap+1989, another+thin+man+1939, harry+and+tonto+1974, bachelor+in+paradise+1961, love+crazy+1941, 466 ms"
"2022-02-08T19:25:44.489570,274709,recommendation request 17645-team17.isri.cmu.edu:8082, status 200, result: shampoo+1975, eyewitness+1981, rio+2+2014, cry+freedom+1987, barbershop+2002, top+secret+1984, doc+hollywood+1991, missing+1982, the+other+side+of+the+mountain+1975, the+aristocats+1970, the+beverly+hillbillies+1993, another+thin+man+1939, in+too+deep+1999, random+hearts+1999, the+letter+1940, silver+city+2004, working+girl+1988, junebug+2005, mercenary+for+justice+2006, texasville+1990, 416 ms"
"2022-02-08T19:25:44.506045,278111,recommendation request 17645-team17.isri.cmu.edu:8082, status 200, result: the+wedding+singer+1998, street+fighter+the+legend+of+chun-li+2009, p.s.+2004, maze+2000, spy+kids+3-d+game+over+2003, pitch+black+2000, phoenix+1998, planet+of+the+apes+2001, the+brothers+2001, time+bandits+1981, shes+having+a+baby+1988, crush+2001, conan+the+barbarian+1982, island+2011, the+women+2008, the+hot+spot+1990, untitled+2009, atonement+2007, terminator+2+judgment+day+1991, dungeons++dragons+2000, 432 ms"
"2022-02-08T19:25:44.503630,171124,recommendation request 17645-team17.isri.cmu.edu:8082, status 200, result: cry+freedom+1987, drop+zone+1994, top+secret+1984, rollerball+1975, star+wars+episode+iii+-+revenge+of+the+sith+2005, cookie+1989, light+it+up+1999, the+addams+family+1991, a+time+to+kill+1996, without+a+paddle+2004, a+little+princess+1995, the+beverly+hillbillies+1993, lionheart+1990, wake+of+death+2004, planet+of+the+apes+2001, the+mighty+1998, desk+set+1957, changing+lanes+2002, the+brave+one+2007, happy_+texas+1999, 436 ms"
"2022-02-08T19:25:44.506366,238852,recommendation request 17645-team17.isri.cmu.edu:8082, status 200, result: barbershop+2002, ed+1996, sling+blade+1996, p.s.+2004, true+crime+1996, warriors+2002, the+other+side+of+the+mountain+1975, northfork+2003, casper+1995, another+thin+man+1939, moving+1988, even+the+rain+2010, holy+motors+2012, fabled+2002, the+mighty+1998, jurassic+park+1993, junebug+2005, hogfather+2006, island+2011, from+here+to+eternity+1953, 442 ms"
"2022-02-08T19:25:45.353888,117654,recommendation request 17645-team17.isri.cmu.edu:8082, status 200, result: the+nest+2002, mickeys+once+upon+a+christmas+1999, what+doesnt+kill+you+2008, robot+stories+2003, the+other+side+of+the+mountain+1975, parker+2013, code+of+silence+1985, detective+story+1951, nims+island+2008, johnny+english+2003, chicken+run+2000, nighthawks+1981, phoenix+1998, the+water+horse+2007, the+yakuza+1974, harem+1985, the+chronicles+of+narnia+the+voyage+of+the+dawn+treader+2010, rush+hour+3+2007, the+truman+show+1998, the+hot+spot+1990, 325 ms"
"2022-02-08T19:25:45.436665,218185,recommendation request 17645-team17.isri.cmu.edu:8082, status 200, result: shampoo+1975, rollerball+1975, the+house+of+yes+1997, punchline+1988, book+of+shadows+blair+witch+2+2000, the+conspiracy+2012, star+wars+episode+iii+-+revenge+of+the+sith+2005, p.s.+2004, missing+1982, frenzy+1972, mystery_+alaska+1999, courage+under+fire+1996, maze+2000, edward+scissorhands+1990, sling+blade+1996, the+brothers+mcmullen+1995, forrest+gump+1994, the+verdict+1982, iris+2001, one+eight+seven+1997, 366 ms"
"2022-02-08T19:25:45.463155,62250,recommendation request 17645-team17.isri.cmu.edu:8082, status 200, result: drop+zone+1994, robot+stories+2003, lockout+2012, p.s.+2004, true+crime+1996, missing+1982, courage+under+fire+1996, edward+scissorhands+1990, northfork+2003, paul+2011, haywire+2011, harry+and+tonto+1974, the+verdict+1982, the+saint+1997, junebug+2005, sherlock+holmes+in+washington+1943, the+juror+1996, conan+the+barbarian+1982, mobsters+1991, last+night+1998, 388 ms"
"2022-02-08T19:25:45.476353,233193,recommendation request 17645-team17.isri.cmu.edu:8082, status 200, result: shampoo+1975, the+wedding+singer+1998, the+dresser+1983, the+house+of+yes+1997, punchline+1988, frenzy+1972, true+crime+1996, sling+blade+1996, the+other+side+of+the+mountain+1975, the+brothers+mcmullen+1995, the+yakuza+1974, albatross+2011, big+bad+mama+1974, gravity+2013, the+mighty+1998, serial+1980, the+triumph+of+love+2001, the+game+1997, changing+lanes+2002, juice+1992, 404 ms"
"2022-02-08T19:25:46.380291,140511,recommendation request 17645-team17.isri.cmu.edu:8082, status 200, result: shampoo+1975, drop+zone+1994, switchback+1997, dark+city+1950, punchline+1988, p.s.+2004, warriors+2002, the+other+side+of+the+mountain+1975, maze+2000, dont+tell+her+its+me+1990, birdy+1984, even+the+rain+2010, holy+motors+2012, the+brothers+2001, the+matrix+revolutions+2003, junebug+2005, crush+2001, the+brave+one+2007, the+women+2008, his+girl+friday+1940, 376 ms"
"2022-02-08T19:25:46.473231,167909,recommendation request 17645-team17.isri.cmu.edu:8082, status 200, result: dead+of+winter+1987, rollerball+1975, about+last+night...+1986, barbershop+2002, p.s.+2004, strait-jacket+1964, brimstone++treacle+1982, maze+2000, it+came+from+outer+space+1953, pretty+baby+1978, another+thin+man+1939, the+lawless+heart+2002, junebug+2005, shes+having+a+baby+1988, from+beyond+1986, crush+2001, king+kong+lives+1986, the+women+2008, side+out+1990, north+1994, 444 ms"
"2022-02-08T19:25:46.498999,268475,recommendation request 17645-team17.isri.cmu.edu:8082, status 200, result: six+pack+1982, lockout+2012, red+dawn+1984, light+it+up+1999, a+family+thing+1996, vision+quest+1985, a+little+princess+1995, forrest+gump+1994, haywire+2011, harry+and+tonto+1974, the+verdict+1982, love+story+1970, guilty+as+sin+1993, the+witches+of+eastwick+1987, patriot+games+1992, shes+having+a+baby+1988, juice+1992, the+living+daylights+1987, the+incredible+hulk+2008, breakdown+1997, 471 ms"
"2022-02-08T19:25:46.502164,63499,recommendation request 17645-team17.isri.cmu.edu:8082, status 200, result: shampoo+1975, rollerball+1975, the+gauntlet+1977, lockout+2012, notting+hill+1999, p.s.+2004, dont+move+2004, frenzy+1972, the+other+side+of+the+mountain+1975, maze+2000, the+andromeda+strain+1971, a+time+to+kill+1996, haywire+2011, psycho+1998, random+hearts+1999, the+brothers+2001, my+beautiful+laundrette+1985, serial+1980, an+education+2009, crush+2001, 460 ms"
"2022-02-08T19:25:46.501888,34690,recommendation request 17645-team17.isri.cmu.edu:8082, status 200, result: gleaming+the+cube+1989, shampoo+1975, eyewitness+1981, black+beauty+1994, rollerball+1975, the+avengers+1998, p.s.+2004, incognito+1997, a+little+princess+1995, splash+1984, grand+canyon+1991, the+verdict+1982, analyze+that+2002, planet+of+the+apes+2001, the+brave+one+2007, hook+1991, today+you+die+2005, bingo+1991, divergent+2014, the+substitute+1996, 458 ms"
"2022-02-08T19:25:47.398113,183856,recommendation request 17645-team17.isri.cmu.edu:8082, status 200, result: american+virgin+2000, cry+freedom+1987, mary+poppins+1964, p.s.+2004, frenzy+1972, a+goofy+movie+1995, snow+dogs+2002, lethal+weapon+3+1992, freaky+friday+1976, dick+tracy+1990, gumby+the+movie+1995, apocalypto+2006, the+saint+1997, gone+in+sixty+seconds+2000, cars+2+2011, warriors+of+heaven+and+earth+2003, the+matrix+1999, conan+the+barbarian+1982, azumi+2003, ratatouille+2007, 294 ms"
"2022-02-08T19:25:48.336423,110496,recommendation request 17645-team17.isri.cmu.edu:8082, status 200, result: eyewitness+1981, p.s.+2004, red+dawn+1984, frenzy+1972, courage+under+fire+1996, true+crime+1996, maze+2000, 633+squadron+1964, detective+story+1951, lifeboat+1944, z+1969, grand+illusion+1937, heavens+gate+1980, the+brothers+2001, crush+2001, island+2011, the+living+daylights+1987, above+the+law+1988, untitled+2009, today+you+die+2005, 292 ms"
"2022-02-08T19:25:49.471793,260963,recommendation request 17645-team17.isri.cmu.edu:8082, status 200, result: dreamgirls+2006, intersection+1994, p.s.+2004, little+secrets+2001, loving+you+1957, one+little+indian+1973, the+wash+2001, maze+2000, spirit+stallion+of+the+cimarron+2002, footloose+1984, nims+island+2008, bellflower+2011, crush+2001, hook+1991, blood+and+sand+1989, a+place+in+the+sun+1951, boys+and+girls+2000, atonement+2007, come+see+the+paradise+1990, the+idolmaker+1980, 411 ms"
"2022-02-08T19:25:49.557538,41737,recommendation request 17645-team17.isri.cmu.edu:8082, status 200, result: cry+freedom+1987, punchline+1988, the+proprietor+1996, city+slickers+1991, p.s.+2004, frenzy+1972, barbarosa+1982, maze+2000, an+amazing+couple+2002, in+the+line+of+fire+1993, z+1969, lifeboat+1944, grand+illusion+1937, bad+girls+1994, ice+castles+1978, the+verdict+1982, dry+cleaning+1997, fabled+2002, full+speed+1996, geronimo+an+american+legend+1993, 456 ms"
"2022-02-08T19:25:49.581497,192070,recommendation request 17645-team17.isri.cmu.edu:8082, status 200, result: dead+of+winter+1987, rollerball+1975, barbershop+2002, ed+1996, the+golden+voyage+of+sinbad+1973, star+wars+episode+iii+-+revenge+of+the+sith+2005, the+brother+from+another+planet+1984, cookie+1989, red+dawn+1984, a+family+thing+1996, another+thin+man+1939, mousehunt+1997, the+island+1980, planet+of+the+apes+2001, kull+the+conqueror+1997, unaccompanied+minors+2006, ernest+in+the+army+1998, shes+having+a+baby+1988, conan+the+barbarian+1982, heartbreakers+2001, 522 ms"
"2022-02-08T19:25:50.340099,306740,recommendation request 17645-team17.isri.cmu.edu:8082, status 200, result: gleaming+the+cube+1989, intersection+1994, doc+hollywood+1991, missing+1982, p.s.+2004, mystery_+alaska+1999, light+it+up+1999, dick+tracy+1990, moving+1988, grand+canyon+1991, the+verdict+1982, one+eight+seven+1997, guilty+as+sin+1993, phoenix+1998, a+patch+of+blue+1965, analyze+that+2002, shes+having+a+baby+1988, veronica+guerin+2003, cherrybomb+2009, island+2011, 248 ms"
"2022-02-08T19:25:50.394493,288981,recommendation request 17645-team17.isri.cmu.edu:8082, status 200, result: curdled+1996, helen+of+troy+1956, paths+of+glory+1957, nine+lives+2005, lolita+1997, circus+2000, p.s.+2004, the+other+side+of+the+mountain+1975, maze+2000, the+mother+2003, the+bridge+1959, nims+island+2008, emma+2009, the+lookout+2007, iris+2001, the+great+escape+1963, the+water+horse+2007, harem+1985, the+brothers+2001, only+you+1994, 321 ms"
"2022-02-08T19:25:50.407884,175663,recommendation request 17645-team17.isri.cmu.edu:8082, status 200, result: fantastic+voyage+1966, rollerball+1975, damnation+alley+1977, divergent+2014, the+empire+strikes+back+1980, firestorm+1998, speed+1994, the+poseidon+adventure+1972, dune+1984, the+pumaman+1980, babys+day+out+1994, the+abyss+1989, planet+of+the+apes+1968, star+wars+1977, return+of+the+jedi+1983, planet+of+the+apes+2001, stargate+1994, the+day+after+tomorrow+2004, dinotopia+2002, alien+1992, 298 ms"
"2022-02-08T19:25:51.546716,254234,recommendation request 17645-team17.isri.cmu.edu:8082, status 200, result: black+beauty+1994, p.s.+2004, frenzy+1972, shaft+in+africa+1973, the+wash+2001, light+it+up+1999, maze+2000, gods+not+dead+2014, in+the+line+of+fire+1993, a+little+princess+1995, nims+island+2008, the+brothers+2001, the+house+on+sorority+row+1983, island+2011, proof+2005, crush+2001, the+nuns+story+1959, hook+1991, untitled+2009, they+made+me+a+criminal+1939, 529 ms"
"2022-02-08T19:25:51.589562,112362,recommendation request 17645-team17.isri.cmu.edu:8082, status 200, result: rollerball+1975, ed+1996, raging+bull+1980, return+of+the+fly+1959, carnosaur+2+1995, courage+under+fire+1996, edward+scissorhands+1990, casper+1995, critters+1986, the+verdict+1982, the+yakuza+1974, planet+of+the+apes+2001, gravity+2013, the+game+1997, island+2011, the+incredible+hulk+2008, have+rocket_+will+travel+1959, hook+1991, dinoshark+2010, the+fly+ii+1989, 559 ms"
"2022-02-08T19:25:51.541631,94048,recommendation request 17645-team17.isri.cmu.edu:8082, status 200, result: the+parent+trap+1998, american+pimp+1999, 8+seconds+1994, the+conspiracy+2012, playing+the+victim+2006, a+moment+to+remember+2004, a+slave+of+love+1976, the+country+bears+2002, snow+dogs+2002, a+family+thing+1996, fuck+2005, paul+2011, dick+tracy+1990, johnny+english+2003, the+ambassador+2011, macabre+1958, painted+fire+2002, junebug+2005, murphys+romance+1985, breath+2007, 519 ms"
"2022-02-08T19:25:51.575094,170466,recommendation request 17645-team17.isri.cmu.edu:8082, status 200, result: dead+of+winter+1987, barbershop+2002, p.s.+2004, the+promise+2005, the+country+bears+2002, snow+dogs+2002, big+hero+6+2014, lethal+weapon+3+1992, detective+story+1951, big+trouble+2002, gumby+the+movie+1995, another+thin+man+1939, the+next+karate+kid+1994, harry+and+tonto+1974, phoenix+1998, the+brood+1979, the+poughkeepsie+tapes+2007, 9+2005, shivers+1975, junebug+2005, 550 ms"
"2022-02-08T19:25:52.365209,77090,recommendation request 17645-team17.isri.cmu.edu:8082, status 200, result: drop+zone+1994, rollerball+1975, the+fly+1986, the+krays+1990, the+proprietor+1996, the+conspiracy+2012, the+brother+from+another+planet+1984, rambo+first+blood+part+ii+1985, altered+2006, lethal+weapon+3+1992, dick+tracy+1990, pitch+black+2000, steel+1997, the+letter+1940, the+saint+1997, the+devils+1971, a+patch+of+blue+1965, marooned+1969, ali+2001, romeo+and+juliet+1936, 271 ms"
"2022-02-08T19:25:52.806932,12040,recommendation request 17645-team17.isri.cmu.edu:8082, status 200, result: the+house+of+yes+1997, return+of+the+fly+1959, carnosaur+2+1995, maze+2000, the+world+unseen+2007, father+of+the+bride+1991, cabin+boy+1994, harry+and+tonto+1974, phoenix+1998, the+mighty+1998, running+scared+1986, junebug+2005, changing+lanes+2002, in+this+world+2002, have+rocket_+will+travel+1959, crush+2001, the+women+2008, side+out+1990, the+three+stooges+in+orbit+1962, from+the+hip+1987, 679 ms"
"2022-02-08T19:25:52.961050,157117,recommendation request 17645-team17.isri.cmu.edu:8082, status 200, result: bill+cosby+himself+1983, man+of+the+year+2006, raging+bull+1980, rancho+deluxe+1975, missing+1982, barbarosa+1982, a+family+thing+1996, cabin+boy+1994, moving+1988, lightning+jack+1994, shes+having+a+baby+1988, bottle+rocket+1996, sherlock+holmes+in+washington+1943, mobsters+1991, bridesmaids+2011, beyond+therapy+1987, the+fan+1981, eight+men+out+1988, rushmore+1998, u-571+2000, 836 ms"
"2022-02-08T19:25:52.963734,3966,recommendation request 17645-team17.isri.cmu.edu:8082, status 200, result: curdled+1996, the+house+of+yes+1997, raging+bull+1980, sling+blade+1996, true+crime+1996, warriors+2002, a+family+thing+1996, grand+canyon+1991, albatross+2011, the+mighty+1998, 2010+moby+dick+2010, the+hitch-hiker+1953, juice+1992, island+2011, redbelt+2008, the+juror+1996, eight+men+out+1988, spasmo+1974, down+in+the+delta+1998, starship+troopers+1997, 833 ms"
"2022-02-08T19:25:52.963765,175167,recommendation request 17645-team17.isri.cmu.edu:8082, status 200, result: my+man+godfrey+1957, ed+1996, p.s.+2004, maze+2000, lethal+weapon+3+1992, light+it+up+1999, northfork+2003, the+brothers+mcmullen+1995, inception+2010, johnny+english+2003, masterminds+1997, the+island+1980, guilty+as+sin+1993, the+brothers+2001, the+matrix+revolutions+2003, warriors+of+heaven+and+earth+2003, crush+2001, the+matrix+1999, blind+fury+1989, above+the+law+1988, 832 ms"
"2022-02-08T19:25:52.957719,114532,recommendation request 17645-team17.isri.cmu.edu:8082, status 200, result: dolores+claiborne+1995, the+five+senses+1999, barbershop+2002, dark+city+1950, intersection+1994, nine+lives+2005, the+curious+case+of+benjamin+button+2008, off+limits+1988, p.s.+2004, dont+move+2004, an+amazing+couple+2002, jean+de+florette+1986, the+last+minute+2001, the+other+side+of+the+mountain+1975, the+mother+2003, camera+buff+1979, another+thin+man+1939, fatal+instinct+1993, to+catch+a+thief+1955, the+yakuza+1974, 821 ms"
"2022-02-08T19:25:52.963704,176078,recommendation request 17645-team17.isri.cmu.edu:8082, status 0, result: java.util.concurrent.TimeoutException: Request timeout to 17645-team17.isri.cmu.edu/128.2.205.118:8082 after 800 ms, 837 ms"
"2022-02-08T19:25:52.963756,52932,recommendation request 17645-team17.isri.cmu.edu:8082, status 0, result: java.util.concurrent.TimeoutException: Request timeout to 17645-team17.isri.cmu.edu/128.2.205.118:8082 after 800 ms, 837 ms"
"2022-02-08T19:25:53.426315,229200,recommendation request 17645-team17.isri.cmu.edu:8082, status 200, result: last+holiday+2006, lethal+weapon+3+1992, detective+story+1951, lifeboat+1944, gumby+the+movie+1995, moving+1988, patriot+games+1992, the+reader+2008, juice+1992, mobsters+1991, king+kong+lives+1986, the+living+daylights+1987, dragon+ball+z+the+tree+of+might+1990, breakdown+1997, lifted+2006, scarface+1932, look+whos+talking+too+1990, dark+passage+1947, pumpkinhead+1988, jennifer+eight+1992, 309 ms"
"2022-02-08T19:25:53.480512,185680,recommendation request 17645-team17.isri.cmu.edu:8082, status 200, result: american+virgin+2000, curdled+1996, nothing+but+trouble+1991, raging+bull+1980, crossroads+2002, incognito+1997, a+family+thing+1996, the+last+legion+2007, psycho+1998, the+next+karate+kid+1994, the+island+1980, albatross+2011, the+matrix+revolutions+2003, kull+the+conqueror+1997, the+hitch-hiker+1953, mobsters+1991, the+incredible+hulk+2008, the+brave+one+2007, x+the+unknown+1956, a+knights+tale+2001, 351 ms"
"2022-02-08T19:25:53.476051,215754,recommendation request 17645-team17.isri.cmu.edu:8082, status 200, result: the+perfect+score+2004, eyewitness+1981, switchback+1997, six+pack+1982, notting+hill+1999, p.s.+2004, courage+under+fire+1996, maze+2000, edward+scissorhands+1990, without+a+paddle+2004, a+family+thing+1996, big+trouble+2002, moving+1988, the+verdict+1982, harry+and+tonto+1974, paintball+2009, the+saint+1997, the+brothers+2001, gone+in+sixty+seconds+2000, my+beautiful+laundrette+1985, 327 ms"
"2022-02-08T19:25:54.405338,29759,recommendation request 17645-team17.isri.cmu.edu:8082, status 200, result: black+beauty+1994, the+longest+day+1962, raging+bull+1980, james+and+the+giant+peach+1996, p.s.+2004, a+goofy+movie+1995, lethal+weapon+3+1992, nine+queens+2000, inception+2010, a+little+princess+1995, lifeboat+1944, grand+illusion+1937, one+eight+seven+1997, the+island+1980, the+matrix+revolutions+2003, the+truman+show+1998, in+harms+way+1965, the+matrix+1999, king+kong+lives+1986, remember+the+night+1940, 351 ms"
"2022-02-08T19:25:54.469612,192159,recommendation request 17645-team17.isri.cmu.edu:8082, status 200, result: bossa+nova+2000, about+last+night...+1986, 8+seconds+1994, p.s.+2004, frenzy+1972, missing+1982, mystery_+alaska+1999, maze+2000, the+way+2010, father+of+the+bride+1991, the+brothers+mcmullen+1995, cabin+boy+1994, spy+kids+3-d+game+over+2003, one+eight+seven+1997, guilty+as+sin+1993, harem+1985, serial+1980, juice+1992, crush+2001, island+2011, 400 ms"
"2022-02-08T19:25:54.485513,227397,recommendation request 17645-team17.isri.cmu.edu:8082, status 200, result: curdled+1996, the+filth+and+the+fury+2000, the+white+shadow+1924, p.s.+2004, maze+2000, the+dancemaker+1998, the+brothers+mcmullen+1995, blackfish+2013, beyond+2010, the+brothers+2001, still+bill+2010, we+are+the+best+2013, junebug+2005, jurassic+park+1993, the+hitch-hiker+1953, crush+2001, conan+the+barbarian+1982, mobsters+1991, from+the+earth+to+the+moon+1998, the+women+2008, 368 ms"
"2022-02-08T19:25:55.402011,113248,recommendation request 17645-team17.isri.cmu.edu:8082, status 200, result: eyewitness+1981, drop+zone+1994, curdled+1996, six+pack+1982, rambo+first+blood+part+ii+1985, vision+quest+1985, without+a+paddle+2004, a+little+princess+1995, the+witches+of+eastwick+1987, wake+of+death+2004, modesty+blaise+1966, changing+lanes+2002, the+hitch-hiker+1953, mobsters+1991, the+incredible+hulk+2008, hopscotch+1980, today+you+die+2005, the+professional+1981, no+mercy+1986, back+to+the+future+part+ii+1989, 344 ms"
"2022-02-08T19:25:55.460255,244843,recommendation request 17645-team17.isri.cmu.edu:8082, status 200, result: eyewitness+1981, a+goofy+movie+1995, red+dawn+1984, vision+quest+1985, freaky+friday+1976, a+little+princess+1995, forrest+gump+1994, birdy+1984, love+story+1970, the+witches+of+eastwick+1987, guilty+as+sin+1993, harem+1985, bottle+rocket+1996, shes+having+a+baby+1988, the+living+daylights+1987, ali+2001, above+the+law+1988, hopscotch+1980, eight+men+out+1988, the+emperors+new+groove+2000, 389 ms"
"2022-02-08T19:25:55.519068,116995,recommendation request 17645-team17.isri.cmu.edu:8082, status 200, result: american+virgin+2000, cry+freedom+1987, what+doesnt+kill+you+2008, bill+cosby+himself+1983, the+amazing+spider-man+2012, the+golden+voyage+of+sinbad+1973, p.s.+2004, frenzy+1972, a+goofy+movie+1995, walle+2008, big+hero+6+2014, maze+2000, macgruber+2010, a+time+to+kill+1996, freaky+friday+1976, the+brothers+mcmullen+1995, cars+2+2011, crush+2001, beyond+therapy+1987, his+girl+friday+1940, 428 ms"
"2022-02-08T19:25:55.522583,304492,recommendation request 17645-team17.isri.cmu.edu:8082, status 200, result: jubilee+1978, cry+freedom+1987, drop+zone+1994, rollerball+1975, barbershop+2002, star+wars+episode+iii+-+revenge+of+the+sith+2005, p.s.+2004, crossroads+2002, the+country+bears+2002, snow+dogs+2002, big+hero+6+2014, without+a+paddle+2004, in+the+line+of+fire+1993, another+thin+man+1939, dead+reckoning+1947, wake+of+death+2004, malice+1993, planet+of+the+apes+2001, changing+lanes+2002, heartbreakers+2001, 431 ms"
"2022-02-08T19:25:56.469728,268855,recommendation request 17645-team17.isri.cmu.edu:8082, status 200, result: american+virgin+2000, rollerball+1975, star+wars+episode+iii+-+revenge+of+the+sith+2005, the+dancemaker+1998, dick+tracy+1990, die+weisse+rose+1982, heavens+gate+1980, apocalypto+2006, moving+1988, the+saint+1997, planet+of+the+apes+2001, gone+in+sixty+seconds+2000, jurassic+park+1993, junebug+2005, the+truman+show+1998, conan+the+barbarian+1982, from+here+to+eternity+1953, ali+2001, my+one+and+only+2009, katyn+2007, 363 ms"
"2022-02-08T19:25:56.642676,37015,recommendation request 17645-team17.isri.cmu.edu:8082, status 200, result: drop+zone+1994, 8+seconds+1994, ed+1996, the+proprietor+1996, the+brother+from+another+planet+1984, p.s.+2004, maze+2000, without+a+paddle+2004, a+little+princess+1995, paul+2011, casper+1995, wake+of+death+2004, the+brothers+2001, marooned+1969, jurassic+park+1993, changing+lanes+2002, crush+2001, conan+the+barbarian+1982, ali+2001, hook+1991, 508 ms"
"2022-02-08T19:25:56.644856,69324,recommendation request 17645-team17.isri.cmu.edu:8082, status 200, result: wreck-it+ralph+2012, cry+freedom+1987, rollerball+1975, six+pack+1982, a+goofy+movie+1995, the+other+side+of+the+mountain+1975, light+it+up+1999, the+aristocats+1970, 633+squadron+1964, a+family+thing+1996, lifeboat+1944, z+1969, grand+illusion+1937, heavens+gate+1980, harry+and+tonto+1974, the+verdict+1982, the+island+1980, planet+of+the+apes+2001, jurassic+park+1993, white+palace+1990, 524 ms"
"2022-02-08T19:25:57.390187,192568,recommendation request 17645-team17.isri.cmu.edu:8082, status 200, result: black+beauty+1994, the+cat+in+the+hat+2003, curdled+1996, lockout+2012, ed+1996, p.s.+2004, barbarosa+1982, vision+quest+1985, a+little+princess+1995, birdy+1984, casper+1995, bad+girls+1994, babe+pig+in+the+city+1998, haywire+2011, the+witches+of+eastwick+1987, the+letter+1940, guilty+as+sin+1993, harem+1985, how+the+grinch+stole+christmas+2000, for+keeps+1988, 315 ms"
"2022-02-08T19:25:57.474379,157629,recommendation request 17645-team17.isri.cmu.edu:8082, status 200, result: rio+bravo+1959, the+conspiracy+2012, frenzy+1972, casper+1995, quarantine+2008, the+comancheros+1961, burnt+offerings+1976, millions+2005, hook+1991, the+emperors+new+groove+2000, ratatouille+2007, chicken+little+2005, they+made+me+a+criminal+1939, pale+rider+1985, melvin+and+howard+1980, gridlockd+1997, fletch+1985, vanishing+point+1971, death+and+cremation+2010, fear+in+the+city+1981, 401 ms"
"2022-02-08T19:25:58.291034,74510,recommendation request 17645-team17.isri.cmu.edu:8082, status 200, result: top+five+2014, p.s.+2004, hero+wanted+2008, little+darlings+1980, heaven+can+wait+1978, clockwatchers+1997, the+truman+show+1998, warriors+of+heaven+and+earth+2003, some+kind+of+hero+1982, remember+the+night+1940, crouching+tiger_+hidden+dragon+2000, curse+of+the+golden+flower+2006, ong+bak+3+2010, gung+ho+1986, avalanche+1978, i.q.+1994, angela+1995, beyond+the+poseidon+adventure+1979, mulan+rise+of+a+warrior+2009, first+monday+in+october+1981, 221 ms"
"2022-02-08T19:25:58.380827,294214,recommendation request 17645-team17.isri.cmu.edu:8082, status 200, result: dead+of+winter+1987, a+nightmare+on+elm+street+part+2+freddys+revenge+1985, cry+freedom+1987, robot+stories+2003, the+conspiracy+2012, childs+play+3+1991, missing+1982, light+it+up+1999, spirit+stallion+of+the+cimarron+2002, the+virgin+suicides+1999, dick+tracy+1990, critters+1986, apocalypto+2006, the+saint+1997, gone+in+sixty+seconds+2000, for+keeps+1988, island+2011, texasville+1990, last+night+1998, absolute+power+1997, 332 ms"
"2022-02-08T19:25:58.343602,29791,recommendation request 17645-team17.isri.cmu.edu:8082, status 200, result: picture+perfect+1997, james+and+the+giant+peach+1996, a+goofy+movie+1995, flodder+1986, how+i+won+the+war+1967, the+other+side+of+the+mountain+1975, father+of+the+bride+1991, lifeboat+1944, obsessed+2009, a+patch+of+blue+1965, albatross+2011, the+mighty+1998, people+like+us+2012, junebug+2005, an+education+2009, serial+1980, romeo+and+juliet+1936, side+out+1990, h.m.+pulham_+esq.+1941, my+one+and+only+2009, 305 ms"
"2022-02-08T19:25:58.392195,266768,recommendation request 17645-team17.isri.cmu.edu:8082, status 200, result: eyewitness+1981, six+pack+1982, ed+1996, light+it+up+1999, a+time+to+kill+1996, a+family+thing+1996, vision+quest+1985, a+little+princess+1995, casper+1995, harry+and+tonto+1974, the+witches+of+eastwick+1987, lionheart+1990, wake+of+death+2004, the+yakuza+1974, the+wizard+1989, patriot+games+1992, juice+1992, breakdown+1997, the+fan+1981, 10th++wolf+2006, 341 ms"
"2022-02-08T19:25:59.397395,14019,recommendation request 17645-team17.isri.cmu.edu:8082, status 200, result: shampoo+1975, rollerball+1975, the+five+senses+1999, ed+1996, raging+bull+1980, 8+seconds+1994, star+wars+episode+iii+-+revenge+of+the+sith+2005, p.s.+2004, casper+1995, splash+1984, planet+of+the+apes+2001, jurassic+park+1993, junebug+2005, quartet+1981, hook+1991, my+one+and+only+2009, a+price+above+rubies+1998, underdog+2007, the+survivors+1983, back+to+the+future+part+ii+1989, 365 ms"
"2022-02-08T19:25:59.521266,138012,recommendation request 17645-team17.isri.cmu.edu:8082, status 200, result: gleaming+the+cube+1989, bill+cosby+himself+1983, the+house+of+yes+1997, raging+bull+1980, the+proprietor+1996, maze+2000, edward+scissorhands+1990, a+family+thing+1996, fuck+2005, lifeboat+1944, the+brothers+mcmullen+1995, moving+1988, the+verdict+1982, albatross+2011, the+mighty+1998, junebug+2005, crush+2001, morning+glory+1933, class+1983, millions+2005, 501 ms"
"2022-02-08T19:25:59.639570,81631,recommendation request 17645-team17.isri.cmu.edu:8082, status 200, result: the+perfect+score+2004, the+cat+in+the+hat+2003, punchline+1988, ed+1996, city+slickers+1991, notting+hill+1999, p.s.+2004, barbarosa+1982, maze+2000, freaky+friday+1976, bad+girls+1994, fulltime+killer+2001, in+too+deep+1999, the+letter+1940, the+yakuza+1974, the+brothers+2001, how+the+grinch+stole+christmas+2000, the+longest+yard+1974, my+beautiful+laundrette+1985, shes+having+a+baby+1988, 609 ms"
"2022-02-08T19:25:59.654693,183783,recommendation request 17645-team17.isri.cmu.edu:8082, status 200, result: the+cat+in+the+hat+2003, bridget+joness+diary+2001, ed+1996, the+conspiracy+2012, think+like+a+man+too+2014, p.s.+2004, a+goofy+movie+1995, the+other+side+of+the+mountain+1975, maze+2000, lethal+weapon+3+1992, freaky+friday+1976, wake+of+death+2004, how+the+grinch+stole+christmas+2000, on+deadly+ground+1994, junebug+2005, an+education+2009, murphys+romance+1985, crush+2001, from+here+to+eternity+1953, ali+2001, 622 ms"
"2022-02-08T19:25:59.693023,117457,recommendation request 17645-team17.isri.cmu.edu:8082, status 200, result: black+beauty+1994, wreck-it+ralph+2012, rio+2+2014, the+house+of+yes+1997, oh_+god+1977, the+amazing+spider-man+2012, missing+1982, a+goofy+movie+1995, p.s.+2004, mystery_+alaska+1999, walle+2008, lethal+weapon+3+1992, the+aristocats+1970, a+little+princess+1995, prince+of+persia+the+sands+of+time+2010, inception+2010, bachelor+in+paradise+1961, one+man+band+2005, one+eight+seven+1997, guilty+as+sin+1993, 662 ms"
"2022-02-08T19:25:59.696992,50822,recommendation request 17645-team17.isri.cmu.edu:8082, status 200, result: out+of+sight+1998, viva+maria+1965, family+plot+1976, billy+jack+1971, the+sting+1973, k-9+1989, life+of+crime+2013, redline+2007, green+card+1990, condition+red+1995, you+and+i+2006, opportunity+knocks+1990, double+take+2001, in+hell+2003, the+four+musketeers+1974, rushmore+1998, half+baked+1998, gloria+1999, avalanche+1978, no+mercy+1986, 645 ms"
"2022-02-08T19:25:59.736776,64348,recommendation request 17645-team17.isri.cmu.edu:8082, status 200, result: cry+freedom+1987, bill+cosby+himself+1983, broken+embraces+2009, last+holiday+2006, dont+move+2004, p.s.+2004, nothing+to+lose+1994, light+it+up+1999, maze+2000, a+time+to+kill+1996, nine+queens+2000, forrest+gump+1994, phoenix+1998, the+island+1980, the+yakuza+1974, the+brothers+2001, the+client+1994, shes+having+a+baby+1988, juice+1992, crush+2001, 691 ms"
"2022-02-08T19:26:00.507065,180121,recommendation request 17645-team17.isri.cmu.edu:8082, status 200, result: rollerball+1975, the+amazing+spider-man+2012, a+goofy+movie+1995, frenzy+1972, snow+dogs+2002, lethal+weapon+3+1992, prince+of+persia+the+sands+of+time+2010, inception+2010, forrest+gump+1994, love+story+1970, guilty+as+sin+1993, planet+of+the+apes+2001, the+matrix+revolutions+2003, cars+2+2011, shes+having+a+baby+1988, juice+1992, the+matrix+1999, conan+the+barbarian+1982, above+the+law+1988, jennifer+eight+1992, 414 ms"
"2022-02-08T19:26:00.533669,65976,recommendation request 17645-team17.isri.cmu.edu:8082, status 200, result: arranged+2007, the+westerner+1940, the+errand+boy+1961, p.s.+2004, son+of+the+mask+2005, mackennas+gold+1969, barbarosa+1982, incognito+1997, a+little+princess+1995, cabin+boy+1994, tap+1989, the+letter+1940, phoenix+1998, topper+1937, running+scared+1986, people+like+us+2012, changing+lanes+2002, juice+1992, return+to+the+blue+lagoon+1991, ali+2001, 414 ms"
"2022-02-08T19:26:00.554528,235264,recommendation request 17645-team17.isri.cmu.edu:8082, status 200, result: about+last+night...+1986, coldblooded+1995, sleepers+1996, the+last+of+the+mohicans+1992, the+errand+boy+1961, p.s.+2004, son+of+the+mask+2005, maze+2000, in+the+line+of+fire+1993, father+of+the+bride+1991, nims+island+2008, splash+1984, dumb+and+dumber+to+2014, the+letter+1940, phoenix+1998, dead+reckoning+1947, the+yakuza+1974, the+brothers+2001, opportunity+knocks+1990, the+client+1994, 360 ms"
"2022-02-08T19:26:00.552191,223743,recommendation request 17645-team17.isri.cmu.edu:8082, status 200, result: mickeys+once+upon+a+christmas+1999, robot+stories+2003, the+lord+of+the+rings+the+two+towers+2002, its+all+about+love+2003, nine+lives+2005, a+matter+of+loaf+and+death+2008, the+snowman+1982, the+other+side+of+the+mountain+1975, the+mother+2003, one+hundred+and+one+dalmatians+1961, made+in+u.s.a+1966, trail+of+the+pink+panther+1982, nims+island+2008, chicken+run+2000, curse+of+the+pink+panther+1983, oz+the+great+and+powerful+2013, star+wars+1977, away+from+her+2006, eragon+2006, last+night+1998, 458 ms"
"2022-02-08T19:26:01.231524,78903,recommendation request 17645-team17.isri.cmu.edu:8082, status 200, result: mickeys+once+upon+a+christmas+1999, the+snowman+1982, p.s.+2004, a+goofy+movie+1995, son+of+the+mask+2005, big+hero+6+2014, sleeping+beauty+1959, a+time+to+kill+1996, in+the+line+of+fire+1993, freaky+friday+1976, gumby+the+movie+1995, moving+1988, the+yakuza+1974, topper+1937, winnie+the+pooh+2011, free+willy+3+the+rescue+1997, the+incredible+hulk+2008, ali+2001, the+women+2008, lone+star+1996, 220 ms"
"2022-02-08T19:26:02.412638,179640,recommendation request 17645-team17.isri.cmu.edu:8082, status 200, result: barbershop+2002, election+2+2006, the+conspiracy+2012, childs+play+3+1991, parking+2008, nothing+to+lose+1994, fuck+2005, psycho+1998, another+thin+man+1939, moving+1988, harry+and+tonto+1974, jaws+3-d+1983, the+serpent+and+the+rainbow+1988, junebug+2005, desk+set+1957, out+to+sea+1997, people+like+us+2012, the+truman+show+1998, heartbreakers+2001, cry_wolf+2005, 320 ms"
"2022-02-08T19:26:02.457420,50506,recommendation request 17645-team17.isri.cmu.edu:8082, status 200, result: born+american+1986, dreamgirls+2006, strictly+ballroom+1992, good+2008, the+last+castle+2001, i+do+2013, in+dreams+1999, that+was+then...+this+is+now+1985, 9.99+2008, albatross+2011, clockwatchers+1997, people+like+us+2012, junebug+2005, russian+doll+2001, american+flyers+1985, my+one+and+only+2009, death+in+brunswick+1990, down+in+the+delta+1998, angela+1995, men_+women++children+2014, 314 ms"
"2022-02-08T19:26:02.530402,110113,recommendation request 17645-team17.isri.cmu.edu:8082, status 200, result: bill+cosby+himself+1983, the+fly+1986, dreamgirls+2006, the+proprietor+1996, cookie+1989, vision+quest+1985, a+little+princess+1995, prince+of+persia+the+sands+of+time+2010, bean+1997, the+witches+of+eastwick+1987, masterminds+1997, albatross+2011, people+like+us+2012, saw+vi+2009, return+to+horror+high+1987, leprechaun+2+1994, 7+seconds+2005, beyond+therapy+1987, dinoshark+2010, eating+raoul+1982, 435 ms"
"2022-02-08T19:26:02.598842,304107,recommendation request 17645-team17.isri.cmu.edu:8082, status 200, result: the+perfect+score+2004, a+nightmare+on+elm+street+part+2+freddys+revenge+1985, the+five+senses+1999, arranged+2007, 8+seconds+1994, the+proprietor+1996, doc+hollywood+1991, a+family+thing+1996, freaky+friday+1976, bad+girls+1994, the+beverly+hillbillies+1993, critters+1986, harry+and+tonto+1974, the+verdict+1982, moving+1988, the+longest+yard+1974, serial+1980, hav+plenty+1997, hot+to+trot+1988, little+murders+1971, 449 ms"
"2022-02-08T19:26:02.601037,83314,recommendation request 17645-team17.isri.cmu.edu:8082, status 200, result: cry+freedom+1987, the+five+senses+1999, intersection+1994, raging+bull+1980, p.s.+2004, loving+you+1957, crossroads+2002, the+other+side+of+the+mountain+1975, maze+2000, footloose+1984, on+moonlight+bay+1951, 42nd+street+1933, the+letter+1940, where+the+heart+is+2000, my+fair+lady+1964, white+palace+1990, waiting+to+exhale+1995, crush+2001, a+place+in+the+sun+1951, shes+out+of+my+league+2010, 465 ms"
"2022-02-08T19:26:02.653245,125325,recommendation request 17645-team17.isri.cmu.edu:8082, status 200, result: mickeys+once+upon+a+christmas+1999, rollerball+1975, double+team+1997, star+wars+episode+iii+-+revenge+of+the+sith+2005, last+holiday+2006, sleeping+beauty+1959, lethal+weapon+3+1992, premium+rush+2012, dick+tracy+1990, gumby+the+movie+1995, planet+of+the+apes+2001, rush+hour+3+2007, the+incredible+hulk+2008, the+nuns+story+1959, breakdown+1997, ratatouille+2007, cyborg+1989, bulletproof+1996, the+soldier+1982, a+christmas+carol+1984, 499 ms"
"2022-02-08T19:26:04.375654,182848,recommendation request 17645-team17.isri.cmu.edu:8082, status 200, result: light+it+up+1999, wintersleepers+1997, dick+tracy+1990, the+beverly+hillbillies+1993, a+shock+to+the+system+1990, apocalypto+2006, phoenix+1998, the+yakuza+1974, gone+in+sixty+seconds+2000, gravity+2013, junebug+2005, changing+lanes+2002, the+game+1997, veronica+guerin+2003, juice+1992, side+out+1990, 7+seconds+2005, breakfast+on+pluto+2005, romeo+is+bleeding+1993, little+murders+1971, 319 ms"
"2022-02-08T19:26:04.418733,268559,recommendation request 17645-team17.isri.cmu.edu:8082, status 200, result: rollerball+1975, the+house+of+yes+1997, lockout+2012, p.s.+2004, a+goofy+movie+1995, maze+2000, snow+dogs+2002, haywire+2011, planet+of+the+apes+2001, the+brothers+2001, the+mighty+1998, the+matrix+revolutions+2003, the+truman+show+1998, junebug+2005, cars+2+2011, ten+inch+hero+2007, island+2011, crush+2001, the+brave+one+2007, remember+the+night+1940, 352 ms"
"2022-02-08T19:26:04.522838,219775,recommendation request 17645-team17.isri.cmu.edu:8082, status 200, result: eyewitness+1981, cry+freedom+1987, top+secret+1984, barbershop+2002, p.s.+2004, a+goofy+movie+1995, cookie+1989, the+addams+family+1991, maze+2000, freaky+friday+1976, a+little+princess+1995, chronicle+2012, another+thin+man+1939, private+parts+1972, the+brothers+2001, the+mighty+1998, crush+2001, island+2011, happy_+texas+1999, the+emperors+new+groove+2000, 439 ms"
"2022-02-08T19:26:04.523581,237935,recommendation request 17645-team17.isri.cmu.edu:8082, status 200, result: top+secret+1984, robot+stories+2003, p.s.+2004, the+other+side+of+the+mountain+1975, the+addams+family+1991, a+little+princess+1995, nims+island+2008, moving+1988, winnie+the+pooh+2011, junebug+2005, serial+1980, desk+set+1957, the+incredible+hulk+2008, last+night+1998, hook+1991, my+one+and+only+2009, ratatouille+2007, trouble+in+paradise+1932, the+rocker+2008, little+murders+1971, 447 ms"
"2022-02-08T19:26:05.444326,241751,recommendation request 17645-team17.isri.cmu.edu:8082, status 200, result: wreck-it+ralph+2012, billy+bathgate+1991, something+new+2006, wisegirls+2002, melody+time+1948, paranorman+2012, now+you+see+him_+now+you+dont+1972, p.s.+2004, a+goofy+movie+1995, bugsy+1991, that+was+then...+this+is+now+1985, maze+2000, one+hundred+and+one+dalmatians+1961, emma+2009, birdy+1984, fulltime+killer+2001, in+too+deep+1999, saludos+amigos+1942, the+yakuza+1974, the+brothers+2001, 384 ms"
"2022-02-08T19:26:05.490495,89172,recommendation request 17645-team17.isri.cmu.edu:8082, status 200, result: nothing+but+trouble+1991, oh_+god+1977, all+the+presidents+men+1976, missing+1982, enough+2002, that+was+then...+this+is+now+1985, the+world+unseen+2007, first+blood+1982, pitch+black+2000, one+eight+seven+1997, in+this+world+2002, submarino+2010, above+the+law+1988, passage+to+marseille+1944, dark+passage+1947, from+the+hip+1987, a+royal+affair+2012, dark+horse+2005, atl+2006, the+signal+2007, 420 ms"
"2022-02-08T19:26:05.442742,64159,recommendation request 17645-team17.isri.cmu.edu:8082, status 200, result: punchline+1988, james+and+the+giant+peach+1996, 8+seconds+1994, hostile+intentions+1995, a+goofy+movie+1995, p.s.+2004, maze+2000, code+of+silence+1985, the+pompatus+of+love+1996, dick+tracy+1990, phoenix+1998, coffy+1973, the+matrix+revolutions+2003, ready+to+rumble+2000, changing+lanes+2002, juice+1992, crush+2001, the+brave+one+2007, the+hot+spot+1990, his+girl+friday+1940, 383 ms"
"2022-02-08T19:26:05.462234,20355,recommendation request 17645-team17.isri.cmu.edu:8082, status 200, result: shampoo+1975, drop+zone+1994, bill+cosby+himself+1983, rollerball+1975, 8+seconds+1994, p.s.+2004, analyze+this+1999, a+little+princess+1995, cabin+boy+1994, splash+1984, moving+1988, the+saint+1997, junebug+2005, changing+lanes+2002, ernest+in+the+army+1998, from+here+to+eternity+1953, ali+2001, scary+movie+5+2013, beyond+therapy+1987, made+of+honor+2008, 395 ms"
"2022-02-08T19:26:05.507486,56058,recommendation request 17645-team17.isri.cmu.edu:8082, status 200, result: drop+zone+1994, bill+cosby+himself+1983, barbershop+2002, the+snowman+1982, p.s.+2004, frenzy+1972, pauly+shore+is+dead+2003, without+a+paddle+2004, nims+island+2008, gumby+the+movie+1995, another+thin+man+1939, love+hina+spring+special+-+i+wish+your+dream+2001, 9+2005, company+man+2000, the+transformers+the+movie+1986, changing+lanes+2002, juice+1992, kull+the+conqueror+1997, conan+the+barbarian+1982, hook+1991, 442 ms"
"2022-02-08T19:26:06.607338,111149,recommendation request 17645-team17.isri.cmu.edu:8082, status 200, result: rollerball+1975, ed+1996, missing+1982, p.s.+2004, son+of+the+mask+2005, mystery_+alaska+1999, deep+rising+1998, maze+2000, the+aristocats+1970, the+brothers+mcmullen+1995, inception+2010, casper+1995, chicken+run+2000, moving+1988, steel+1997, one+eight+seven+1997, guilty+as+sin+1993, topper+1937, the+brothers+2001, jurassic+park+1993, 502 ms"
"2022-02-08T19:26:06.665024,148628,recommendation request 17645-team17.isri.cmu.edu:8082, status 200, result: cry+freedom+1987, the+dresser+1983, 8+seconds+1994, p.s.+2004, missing+1982, the+promise+2005, phoenix+1998, dead+reckoning+1947, harem+1985, albatross+2011, cherrybomb+2009, sherlock+holmes+in+washington+1943, conan+the+barbarian+1982, mobsters+1991, look+whos+talking+too+1990, six+weeks+1982, side+out+1990, come+see+the+paradise+1990, down+in+the+delta+1998, dungeons++dragons+2000, 522 ms"
"2022-02-08T19:26:06.684592,15629,recommendation request 17645-team17.isri.cmu.edu:8082, status 200, result: raging+bull+1980, the+snowman+1982, the+proprietor+1996, the+brother+from+another+planet+1984, a+family+thing+1996, pitch+black+2000, gumby+the+movie+1995, the+blue+max+1966, the+brood+1979, planet+of+the+apes+2001, albatross+2011, 9+2005, beneath+the+planet+of+the+apes+1970, shivers+1975, the+matrix+revolutions+2003, marooned+1969, changing+lanes+2002, juice+1992, the+brave+one+2007, ali+2001, 580 ms"
"2022-02-08T19:26:06.881716,22803,recommendation request 17645-team17.isri.cmu.edu:8082, status 200, result: eyewitness+1981, the+cat+in+the+hat+2003, ed+1996, p.s.+2004, frenzy+1972, true+crime+1996, courage+under+fire+1996, rambo+first+blood+part+ii+1985, in+the+line+of+fire+1993, casper+1995, babe+pig+in+the+city+1998, dead+reckoning+1947, how+the+grinch+stole+christmas+2000, rat+2001, island+2011, mobsters+1991, hopscotch+1980, dark+passage+1947, 10th++wolf+2006, today+you+die+2005, 710 ms"
"2022-02-08T19:26:06.908409,244209,recommendation request 17645-team17.isri.cmu.edu:8082, status 200, result: the+wood+1999, 8+seconds+1994, nine+lives+2005, the+amazing+spider-man+2012, the+golden+voyage+of+sinbad+1973, the+other+side+of+the+mountain+1975, that+was+then...+this+is+now+1985, the+mother+2003, macgruber+2010, maze+2000, emma+2009, paul+2011, little+darlings+1980, clockwatchers+1997, away+from+her+2006, going+the+distance+2010, junebug+2005, the+ugly+dachshund+1966, dedication+2007, the+truman+show+1998, 705 ms"
"2022-02-08T19:26:06.920370,145313,recommendation request 17645-team17.isri.cmu.edu:8082, status 200, result: cry+freedom+1987, the+avengers+1998, the+gauntlet+1977, punchline+1988, cazuza+time+doesnt+stop+2004, frenzy+1972, changeling+2008, nothing+to+lose+1994, behind+the+sun+2001, incognito+1997, fuck+2005, in+the+line+of+fire+1993, detective+story+1951, the+social+network+2010, analyze+that+2002, juice+1992, the+brave+one+2007, outrage+2009, his+girl+friday+1940, above+the+law+1988, 738 ms"
"2022-02-08T19:26:06.921671,278892,recommendation request 17645-team17.isri.cmu.edu:8082, status 200, result: gleaming+the+cube+1989, the+nest+2002, what+doesnt+kill+you+2008, intersection+1994, the+house+of+yes+1997, our+song+2000, my+life+without+me+2003, loving+you+1957, sling+blade+1996, desert+blue+1999, the+other+side+of+the+mountain+1975, parker+2013, in+the+line+of+fire+1993, johnny+english+2003, your+friends++neighbors+1998, grand+canyon+1991, the+verdict+1982, this+property+is+condemned+1966, the+mighty+1998, junebug+2005, 726 ms"
"2022-02-08T19:26:06.931114,221029,recommendation request 17645-team17.isri.cmu.edu:8082, status 200, result: curdled+1996, the+three+brothers+1995, mickeys+once+upon+a+christmas+1999, all+about+my+mother+1999, true+crime+1996, fly+me+to+the+moon+2012, courage+under+fire+1996, the+closet+2001, freaky+friday+1976, gumby+the+movie+1995, guilty+as+sin+1993, desk+set+1957, out+to+sea+1997, shes+having+a+baby+1988, the+hitch-hiker+1953, island+2011, mobsters+1991, 7+seconds+2005, ratatouille+2007, they+made+me+a+criminal+1939, 724 ms"
"2022-02-08T19:26:07.290122,77786,recommendation request 17645-team17.isri.cmu.edu:8082, status 200, result: shampoo+1975, bill+cosby+himself+1983, barbershop+2002, love+jones+1997, robot+stories+2003, the+gauntlet+1977, the+longest+day+1962, dark+city+1950, p.s.+2004, maze+2000, the+pompatus+of+love+1996, cabin+boy+1994, the+virgin+suicides+1999, lifeboat+1944, grand+illusion+1937, another+thin+man+1939, silver+city+2004, the+brothers+2001, for+keeps+1988, the+truman+show+1998, 246 ms"
"2022-02-08T19:26:07.316223,302765,recommendation request 17645-team17.isri.cmu.edu:8082, status 200, result: barbershop+2002, rio+bravo+1959, the+house+of+yes+1997, the+longest+day+1962, the+children+2008, p.s.+2004, maze+2000, nims+island+2008, lifeboat+1944, grand+illusion+1937, another+thin+man+1939, one+eight+seven+1997, big+jake+1971, the+brothers+2001, the+mighty+1998, in+harms+way+1965, crush+2001, island+2011, class+1983, the+fury+1978, 267 ms"
"2022-02-08T19:26:07.358318,209818,recommendation request 17645-team17.isri.cmu.edu:8082, status 200, result: cry+freedom+1987, mickeys+once+upon+a+christmas+1999, my+man+godfrey+1957, ed+1996, the+sky+crawlers+2008, dick+tracy+1990, paul+2011, casper+1995, chicken+run+2000, highlander+the+search+for+vengeance+2007, apocalypto+2006, the+saint+1997, gone+in+sixty+seconds+2000, beyond+the+sea+2004, trigun+badlands+rumble+2010, the+incredible+hulk+2008, hook+1991, starship+troopers+1997, the+dream+team+1989, back+to+the+future+part+ii+1989, 286 ms"
"2022-02-08T19:26:08.356109,11326,recommendation request 17645-team17.isri.cmu.edu:8082, status 200, result: memories+1995, barbershop+2002, ghost+in+the+shell+2+innocence+2004, patlabor+the+movie+1989, bleach+the+movie+fade+to+black+2008, fatal+instinct+1993, another+thin+man+1939, strange+brew+1983, 9+2005, college+2008, min+and+bill+1930, heartbreakers+2001, spriggan+1998, private+lives+1931, babes+in+toyland+1934, speechless+1994, iron+man+rise+of+technovore+2013, steamboy+2004, time+of+eve+the+movie+2010, kingpin+1996, 265 ms"
"2022-02-08T19:26:08.449838,193197,recommendation request 17645-team17.isri.cmu.edu:8082, status 200, result: can-can+1960, taps+1981, anna+and+the+king+1999, drop+zone+1994, the+phantom+1996, nine+lives+2005, next+friday+2000, p.s.+2004, son+of+the+mask+2005, cluny+brown+1946, the+avengers+2012, friday+1995, the+mother+2003, never+again+2002, without+a+paddle+2004, uncommon+valor+1983, airborne+1993, r.i.p.d.+2013, ghosts+of+girlfriends+past+2009, star+wars+1977, 334 ms"
"2022-02-08T19:26:08.458503,273537,recommendation request 17645-team17.isri.cmu.edu:8082, status 200, result: the+new+age+1994, switchback+1997, murder+by+numbers+2002, off+limits+1988, a+time+to+kill+1996, in+the+line+of+fire+1993, uncommon+valor+1983, star+trek+insurrection+1998, striptease+1996, the+letter+1940, dead+reckoning+1947, shopping+1994, the+yakuza+1974, the+client+1994, flight+of+the+intruder+1991, sonny+2002, the+roaring+twenties+1939, 10th++wolf+2006, the+man+who+knew+too+much+1956, they+drive+by+night+1940, 370 ms"
"2022-02-08T19:26:08.545668,144063,recommendation request 17645-team17.isri.cmu.edu:8082, status 200, result: the+daytrippers+1996, the+gauntlet+1977, lured+1947, key+largo+1948, that+was+then...+this+is+now+1985, brimstone++treacle+1982, the+last+minute+2001, the+yakuza+1974, and+then+there+were+none+1945, blow+out+1981, the+losers+2010, following+1998, diamond+men+2000, juice+1992, island+2011, laura+1944, enduring+love+2004, the+town+2010, dark+passage+1947, jennifer+eight+1992, 405 ms"
"2022-02-08T19:26:08.641444,20106,recommendation request 17645-team17.isri.cmu.edu:8082, status 200, result: the+family+man+2000, curdled+1996, the+cat+in+the+hat+2003, leave+it+to+beaver+1997, ed+1996, nine+lives+2005, circus+2000, ghost+dad+1990, p.s.+2004, that+was+then...+this+is+now+1985, the+other+side+of+the+mountain+1975, the+mother+2003, the+lookout+2007, casper+1995, babe+pig+in+the+city+1998, old+yeller+1957, burlesque+2010, rapa+nui+1994, how+the+grinch+stole+christmas+2000, away+from+her+2006, 504 ms"
"2022-02-08T19:26:08.684926,41410,recommendation request 17645-team17.isri.cmu.edu:8082, status 200, result: dead+of+winter+1987, rollerball+1975, the+dresser+1983, the+bounty+1984, intersection+1994, star+wars+episode+iii+-+revenge+of+the+sith+2005, written+on+the+wind+1956, the+island+1980, harem+1985, planet+of+the+apes+2001, albatross+2011, bottle+rocket+1996, king+kong+lives+1986, ali+2001, the+nuns+story+1959, six+weeks+1982, eight+men+out+1988, the+thin+man+goes+home+1945, down+in+the+delta+1998, the+survivors+1983, 565 ms"
"2022-02-08T19:26:08.718865,230454,recommendation request 17645-team17.isri.cmu.edu:8082, status 200, result: shampoo+1975, about+last+night...+1986, six+pack+1982, my+man+godfrey+1957, ed+1996, 28+weeks+later+2007, the+conspiracy+2012, p.s.+2004, altered+2006, maze+2000, light+it+up+1999, edward+scissorhands+1990, splash+1984, a+shock+to+the+system+1990, masterminds+1997, junebug+2005, crush+2001, the+incredible+hulk+2008, ever+after+a+cinderella+story+1998, side+out+1990, 618 ms"
"2022-02-08T19:26:08.728459,175514,recommendation request 17645-team17.isri.cmu.edu:8082, status 200, result: north+by+northwest+1959, eyewitness+1981, cry+freedom+1987, the+other+side+of+the+mountain+1975, 42nd+street+1933, on+moonlight+bay+1951, moving+1988, hot+tub+time+machine+2010, the+letter+1940, planet+of+the+apes+2001, were+back+a+dinosaurs+story+1993, white+palace+1990, today+you+die+2005, they+made+me+a+criminal+1939, patton+1970, get+real+1998, back+to+the+future+part+ii+1989, meatballs+4+1992, seven+alone+1974, apollo+13+1995, 600 ms"
"2022-02-08T19:26:08.729677,74986,recommendation request 17645-team17.isri.cmu.edu:8082, status 200, result: drop+zone+1994, rollerball+1975, six+pack+1982, star+wars+episode+iii+-+revenge+of+the+sith+2005, red+dawn+1984, light+it+up+1999, a+family+thing+1996, without+a+paddle+2004, casper+1995, harry+and+tonto+1974, the+verdict+1982, guilty+as+sin+1993, wake+of+death+2004, planet+of+the+apes+2001, jurassic+park+1993, changing+lanes+2002, shes+having+a+baby+1988, bottle+rocket+1996, the+living+daylights+1987, ali+2001, 594 ms"
"2022-02-08T19:26:09.467917,306254,recommendation request 17645-team17.isri.cmu.edu:8082, status 200, result: drop+zone+1994, arranged+2007, punchline+1988, road+to+morocco+1942, the+snowman+1982, barbarosa+1982, caveman+1981, without+a+paddle+2004, z+1969, dick+tracy+1990, chronicle+2012, ice+castles+1978, sanjuro+1962, another+earth+2011, junebug+2005, battle+for+terra+2007, changing+lanes+2002, sunday+bloody+sunday+1971, from+here+to+eternity+1953, the+nuns+story+1959, 378 ms"
"2022-02-08T19:26:09.526501,305592,recommendation request 17645-team17.isri.cmu.edu:8082, status 200, result: the+glimmer+man+1996, drop+zone+1994, switchback+1997, cry+freedom+1987, eyewitness+1981, frenzy+1972, true+crime+1996, under+siege+1992, light+it+up+1999, a+time+to+kill+1996, northfork+2003, lionheart+1990, wake+of+death+2004, guilty+as+sin+1993, the+saint+1997, patriot+games+1992, on+deadly+ground+1994, changing+lanes+2002, juice+1992, breakdown+1997, 441 ms"
"2022-02-08T19:26:09.532338,89081,recommendation request 17645-team17.isri.cmu.edu:8082, status 200, result: cry+freedom+1987, werewolves+on+wheels+1971, book+of+shadows+blair+witch+2+2000, p.s.+2004, changeling+2008, brimstone++treacle+1982, maze+2000, father+of+the+bride+1991, cabin+boy+1994, nims+island+2008, crush+2001, proof+2005, hook+1991, today+you+die+2005, the+sisterhood+of+the+traveling+pants+2+2008, snakes+on+a+plane+2006, quiz+show+1994, zoot+suit+1981, apollo+13+1995, camilla+1994, 430 ms"
"2022-02-08T19:26:09.526523,38994,recommendation request 17645-team17.isri.cmu.edu:8082, status 200, result: shampoo+1975, eyewitness+1981, drop+zone+1994, punchline+1988, raging+bull+1980, sling+blade+1996, frenzy+1972, a+family+thing+1996, masterminds+1997, the+saint+1997, albatross+2011, the+mighty+1998, jurassic+park+1993, desk+set+1957, out+to+sea+1997, modesty+blaise+1966, juice+1992, changing+lanes+2002, his+girl+friday+1940, hopscotch+1980, 460 ms"
"2022-02-08T19:26:10.430450,287705,recommendation request 17645-team17.isri.cmu.edu:8082, status 200, result: mickeys+once+upon+a+christmas+1999, courage+under+fire+1996, the+other+side+of+the+mountain+1975, light+it+up+1999, detective+story+1951, chicken+run+2000, phoenix+1998, still+bill+2010, island+2011, the+hot+spot+1990, bingo+1991, jennifer+eight+1992, romeo+is+bleeding+1993, get+real+1998, unfaithfully+yours+1984, rocky+1976, boy+a+2007, undertow+2004, l.i.e.+2001, lady+in+a+cage+1964, 376 ms"
"2022-02-08T19:26:10.454092,277702,recommendation request 17645-team17.isri.cmu.edu:8082, status 200, result: mickeys+once+upon+a+christmas+1999, rollerball+1975, the+bounty+1984, the+dresser+1983, oh_+god+1977, blue+crush+2002, red+dawn+1984, true+crime+1996, hollow+man+2000, identity+2003, p.s.+2004, lethal+weapon+3+1992, the+aristocats+1970, in+the+line+of+fire+1993, the+hound+of+the+baskervilles+1978, written+on+the+wind+1956, 101+dalmatians+ii+patchs+london+adventure+2003, moving+1988, planet+of+the+apes+2001, albatross+2011, 388 ms"
"2022-02-08T19:26:10.430474,220206,recommendation request 17645-team17.isri.cmu.edu:8082, status 200, result: curdled+1996, arranged+2007, coldblooded+1995, the+house+of+yes+1997, red+dawn+1984, incognito+1997, dumb+and+dumber+to+2014, the+letter+1940, phoenix+1998, guilty+as+sin+1993, masterminds+1997, the+mighty+1998, the+hitch-hiker+1953, the+living+daylights+1987, mobsters+1991, above+the+law+1988, 7+seconds+2005, dark+passage+1947, hall+pass+2011, snakes+on+a+plane+2006, 387 ms"
"2022-02-08T19:26:11.451785,185804,recommendation request 17645-team17.isri.cmu.edu:8082, status 200, result: cry+freedom+1987, intersection+1994, picture+perfect+1997, dont+move+2004, frenzy+1972, spirit+stallion+of+the+cimarron+2002, bean+1997, desk+set+1957, serial+1980, island+2011, conan+the+barbarian+1982, side+out+1990, of+human+bondage+1934, dungeons++dragons+2000, shrek+the+third+2007, unfaithfully+yours+1984, l.i.e.+2001, the+last+kiss+2001, 3+strikes+2000, clockers+1995, 393 ms"
"2022-02-08T19:26:11.467674,199259,recommendation request 17645-team17.isri.cmu.edu:8082, status 200, result: eyewitness+1981, the+cat+in+the+hat+2003, ed+1996, family+plot+1976, p.s.+2004, a+goofy+movie+1995, the+other+side+of+the+mountain+1975, maze+2000, father+of+the+bride+1991, a+little+princess+1995, cabin+boy+1994, chronicle+2012, ice+castles+1978, the+brothers+2001, opportunity+knocks+1990, how+the+grinch+stole+christmas+2000, bottle+rocket+1996, yours_+mine+and+ours+1968, island+2011, from+here+to+eternity+1953, 419 ms"
"2022-02-08T19:26:11.560221,156283,recommendation request 17645-team17.isri.cmu.edu:8082, status 200, result: agnes+of+god+1985, the+proprietor+1996, how+i+won+the+war+1967, lifeboat+1944, gravity+2013, platoon+1986, junebug+2005, in+harms+way+1965, geronimo+an+american+legend+1993, eragon+2006, remember+the+night+1940, my+one+and+only+2009, dugs+special+mission+2009, dinoshark+2010, ratatouille+2007, hotel+chevalier+2007, they+made+me+a+criminal+1939, patton+1970, silverado+1985, gung+ho+1986, 508 ms"
"2022-02-08T19:26:11.559518,69681,recommendation request 17645-team17.isri.cmu.edu:8082, status 200, result: drop+zone+1994, the+longest+day+1962, lockout+2012, analyze+this+1999, detective+story+1951, lifeboat+1944, the+godfather+part+iii+1990, grand+illusion+1937, gumby+the+movie+1995, haywire+2011, moving+1988, the+brood+1979, the+saint+1997, 9+2005, shivers+1975, desk+set+1957, changing+lanes+2002, in+harms+way+1965, island+2011, have+rocket_+will+travel+1959, 505 ms"
"2022-02-08T19:26:11.590381,6026,recommendation request 17645-team17.isri.cmu.edu:8082, status 200, result: cry+freedom+1987, rollerball+1975, barbershop+2002, p.s.+2004, son+of+the+mask+2005, the+other+side+of+the+mountain+1975, cabin+boy+1994, ice+castles+1978, another+thin+man+1939, planet+of+the+apes+2001, topper+1937, winnie+the+pooh+2011, from+here+to+eternity+1953, ali+2001, the+women+2008, the+incredible+hulk+2008, heartbreakers+2001, the+loves+of+carmen+1948, ratatouille+2007, private+lives+1931, 511 ms"
"2022-02-08T19:26:12.363198,186632,recommendation request 17645-team17.isri.cmu.edu:8082, status 200, result: american+virgin+2000, eyewitness+1981, drop+zone+1994, ed+1996, the+conspiracy+2012, without+a+paddle+2004, a+little+princess+1995, casper+1995, wake+of+death+2004, macabre+1958, changing+lanes+2002, shes+having+a+baby+1988, island+2011, conan+the+barbarian+1982, the+fury+1978, hook+1991, hopscotch+1980, dinoshark+2010, today+you+die+2005, bingo+1991, 322 ms"
"2022-02-08T19:26:12.600449,19604,recommendation request 17645-team17.isri.cmu.edu:8082, status 200, result: eyewitness+1981, six+pack+1982, a+goofy+movie+1995, red+dawn+1984, courage+under+fire+1996, a+family+thing+1996, freaky+friday+1976, vision+quest+1985, a+little+princess+1995, harry+and+tonto+1974, the+witches+of+eastwick+1987, patriot+games+1992, winnie+the+pooh+2011, juice+1992, island+2011, the+living+daylights+1987, breakdown+1997, above+the+law+1988, hopscotch+1980, the+emperors+new+groove+2000, 504 ms"
"2022-02-08T19:26:12.600516,159159,recommendation request 17645-team17.isri.cmu.edu:8082, status 200, result: curdled+1996, drop+zone+1994, switchback+1997, something+new+2006, its+all+about+love+2003, hero+1992, the+conspiracy+2012, wings+1927, notting+hill+1999, serpico+1973, enough+2002, that+was+then...+this+is+now+1985, light+it+up+1999, without+a+paddle+2004, uncommon+valor+1983, star+trek+insurrection+1998, crossroads+1986, first+blood+1982, bean+1997, detective+story+1951, 482 ms"
"2022-02-08T19:26:12.616486,188078,recommendation request 17645-team17.isri.cmu.edu:8082, status 200, result: the+girl+next+door+2004, the+new+age+1994, boarding+gate+2007, red+dawn+1984, frenzy+1972, true+crime+1996, the+closet+2001, dead+of+night+1945, a+family+thing+1996, birdy+1984, harem+1985, island+2011, mighty+aphrodite+1995, the+living+daylights+1987, unfinished+business+2015, above+the+law+1988, i+know+who+killed+me+2007, eight+men+out+1988, spasmo+1974, date+movie+2006, 517 ms"
"2022-02-08T19:26:12.618133,62220,recommendation request 17645-team17.isri.cmu.edu:8082, status 200, result: switchback+1997, coldblooded+1995, doc+hollywood+1991, the+other+side+of+the+mountain+1975, fathers+little+dividend+1951, barbarosa+1982, the+wash+2001, gods+not+dead+2014, cadillac+man+1990, bachelor+in+paradise+1961, love+crazy+1941, on+the+town+1949, running+scared+1986, an+education+2009, changing+lanes+2002, from+here+to+eternity+1953, the+man+who+knew+too+much+1956, bulletproof+1996, patton+1970, the+allnighter+1987, 562 ms"
"2022-02-08T19:26:13.373683,190826,recommendation request 17645-team17.isri.cmu.edu:8082, status 200, result: mickeys+once+upon+a+christmas+1999, arranged+2007, six+pack+1982, p.s.+2004, frenzy+1972, son+of+the+mask+2005, true+crime+1996, sleeping+beauty+1959, incognito+1997, a+family+thing+1996, vision+quest+1985, a+little+princess+1995, gumby+the+movie+1995, harry+and+tonto+1974, the+letter+1940, phoenix+1998, love+story+1970, the+witches+of+eastwick+1987, topper+1937, shes+having+a+baby+1988, 267 ms"
"2022-02-08T19:26:13.344459,290599,recommendation request 17645-team17.isri.cmu.edu:8082, status 200, result: cry+freedom+1987, ella+enchanted+2004, sleepers+1996, melody+time+1948, my+man+godfrey+1957, ed+1996, 8+seconds+1994, p.s.+2004, loving+you+1957, a+goofy+movie+1995, the+other+side+of+the+mountain+1975, maze+2000, jungle+fever+1991, the+aristocats+1970, a+family+thing+1996, freaky+friday+1976, a+little+princess+1995, mousehunt+1997, saludos+amigos+1942, the+client+1994, 284 ms"
"2022-02-08T19:26:13.400151,81274,recommendation request 17645-team17.isri.cmu.edu:8082, status 200, result: curdled+1996, rollerball+1975, intersection+1994, loving+you+1957, the+other+side+of+the+mountain+1975, fuck+2005, northfork+2003, the+letter+1940, planet+of+the+apes+2001, this+property+is+condemned+1966, working+girl+1988, gravity+2013, another+earth+2011, an+education+2009, the+hitch-hiker+1953, mobsters+1991, help+1965, a+place+in+the+sun+1951, carefree+1938, they+made+me+a+criminal+1939, 298 ms"
"2022-02-08T19:26:14.388771,137535,recommendation request 17645-team17.isri.cmu.edu:8082, status 200, result: the+cat+in+the+hat+2003, cry+freedom+1987, about+last+night...+1986, dark+city+1950, intersection+1994, ed+1996, notting+hill+1999, p.s.+2004, courage+under+fire+1996, maze+2000, code+of+silence+1985, father+of+the+bride+1991, birdy+1984, casper+1995, splash+1984, babe+pig+in+the+city+1998, phoenix+1998, guilty+as+sin+1993, harem+1985, the+brothers+2001, 366 ms"
"2022-02-08T19:26:14.488121,25054,recommendation request 17645-team17.isri.cmu.edu:8082, status 200, result: shampoo+1975, cry+freedom+1987, the+conspiracy+2012, childs+play+3+1991, missing+1982, deep+rising+1998, the+other+side+of+the+mountain+1975, mystery_+alaska+1999, thank+you+for+smoking+2005, the+woman+2011, the+brothers+mcmullen+1995, psycho+1998, random+hearts+1999, one+eight+seven+1997, guilty+as+sin+1993, jaws+3-d+1983, the+serpent+and+the+rainbow+1988, from+beyond+1986, junebug+2005, island+2011, 437 ms"
"2022-02-08T19:26:14.493486,244220,recommendation request 17645-team17.isri.cmu.edu:8082, status 200, result: the+perfect+score+2004, eyewitness+1981, arranged+2007, bon+cop+bad+cop+2006, p.s.+2004, the+other+side+of+the+mountain+1975, maze+2000, analyze+this+1999, wildcats+1986, incognito+1997, fulltime+killer+2001, in+too+deep+1999, moving+1988, the+verdict+1982, the+letter+1940, phoenix+1998, the+yakuza+1974, the+brothers+2001, winnie+the+pooh+2011, free+willy+3+the+rescue+1997, 442 ms"
"2022-02-08T19:26:14.492325,197135,recommendation request 17645-team17.isri.cmu.edu:8082, status 200, result: black+beauty+1994, dreamgirls+2006, the+snowman+1982, the+brother+from+another+planet+1984, american+psycho+2000, barbarosa+1982, dick+tracy+1990, excision+2012, the+island+1980, the+wizard+1989, fabled+2002, superman+vs.+the+elite+2012, albatross+2011, piranha+part+two+the+spawning+1981, people+like+us+2012, batman+the+dark+knight+returns_+part+2+2013, island+2011, return+to+horror+high+1987, help+1965, from+the+hip+1987, 441 ms"
"2022-02-08T19:26:15.488982,3646,recommendation request 17645-team17.isri.cmu.edu:8082, status 200, result: the+dresser+1983, raging+bull+1980, the+high+and+the+mighty+1954, cazuza+time+doesnt+stop+2004, ivans+childhood+1962, nothing+to+lose+1994, behind+the+sun+2001, fuck+2005, northfork+2003, grand+illusion+1937, albatross+2011, the+matrix+revolutions+2003, another+earth+2011, the+brave+one+2007, six+weeks+1982, last+night+1998, above+the+law+1988, millions+2005, outrage+2009, high+sierra+1941, 385 ms"
"2022-02-08T19:26:15.506827,302124,recommendation request 17645-team17.isri.cmu.edu:8082, status 200, result: black+beauty+1994, cry+freedom+1987, mickeys+once+upon+a+christmas+1999, rollerball+1975, the+other+side+of+the+mountain+1975, the+dance+of+reality+2013, a+little+princess+1995, gumby+the+movie+1995, planet+of+the+apes+2001, the+matrix+revolutions+2003, white+palace+1990, an+education+2009, junebug+2005, conan+the+barbarian+1982, the+brave+one+2007, remember+the+night+1940, ratatouille+2007, dungeons++dragons+2000, gung+ho+1986, a+christmas+carol+1984, 405 ms"
"2022-02-08T19:26:15.547929,94193,recommendation request 17645-team17.isri.cmu.edu:8082, status 200, result: shampoo+1975, nothing+but+trouble+1991, coldblooded+1995, the+last+of+the+mohicans+1992, maze+2000, lethal+weapon+3+1992, incognito+1997, a+family+thing+1996, birdy+1984, dumb+and+dumber+to+2014, moving+1988, harem+1985, patriot+games+1992, for+keeps+1988, winnie+the+pooh+2011, juice+1992, crush+2001, from+here+to+eternity+1953, side+out+1990, breakdown+1997, 414 ms"
"2022-02-08T19:26:15.546916,37006,recommendation request 17645-team17.isri.cmu.edu:8082, status 200, result: we+were+soldiers+2002, exodus+1960, el+cid+1961, the+last+of+the+mohicans+1992, the+longest+day+1962, the+red+baron+2008, zulu+1964, midway+1976, 633+squadron+1964, lion+of+the+desert+1981, henry+v+1944, cromwell+1970, the+dam+busters+1955, sands+of+iwo+jima+1949, battle+of+britain+1969, all+quiet+on+the+western+front+1930, casualties+of+war+1989, savior+1998, henry+v+1989, sergeant+york+1941, 410 ms"
"2022-02-08T19:26:15.631281,71670,recommendation request 17645-team17.isri.cmu.edu:8082, status 200, result: the+perfect+score+2004, bill+cosby+himself+1983, bon+cop+bad+cop+2006, six+pack+1982, lockout+2012, p.s.+2004, a+goofy+movie+1995, son+of+the+mask+2005, a+family+thing+1996, freaky+friday+1976, haywire+2011, harry+and+tonto+1974, topper+1937, a+man+and+a+woman+1966, winnie+the+pooh+2011, shes+having+a+baby+1988, the+incredible+hulk+2008, the+women+2008, side+out+1990, beyond+therapy+1987, 521 ms"
"2022-02-08T19:26:15.661186,88426,recommendation request 17645-team17.isri.cmu.edu:8082, status 200, result: the+avengers+1998, definitely_+maybe+2008, the+last+of+the+mohicans+1992, the+gauntlet+1977, the+proprietor+1996, 28+weeks+later+2007, the+conspiracy+2012, altered+2006, 633+squadron+1964, brimstone++treacle+1982, incognito+1997, thank+you+for+smoking+2005, lifeboat+1944, dick+tracy+1990, paul+2011, johnny+english+2003, in+too+deep+1999, the+great+escape+1963, analyze+that+2002, the+yakuza+1974, 517 ms"
"2022-02-08T19:26:16.436569,50985,recommendation request 17645-team17.isri.cmu.edu:8082, status 200, result: the+major+and+the+minor+1942, horse+feathers+1932, walle+2008, never+again+2002, midnight+1939, freaky+friday+1976, shopping+1994, superman+returns+2006, cars+2+2011, serial+1980, get+over+it+2001, above+the+law+1988, dugs+special+mission+2009, chicken+little+2005, sucker+punch+2011, cars+2006, fire+down+below+1997, fun+in+acapulco+1963, the+swarm+1978, virtuosity+1995, 342 ms"
"2022-02-08T19:26:16.399159,202122,recommendation request 17645-team17.isri.cmu.edu:8082, status 200, result: death+machine+1994, the+signal+2007, damnation+alley+1977, alien+resurrection+1997, rapid+fire+1992, ghost+in+the+machine+1993, the+dead+2010, silent+rage+1982, aliens+1986, deepstar+six+1989, race+with+the+devil+1975, terrorvision+1986, bio+slime+2010, against+the+dark+2009, aliens+vs+predator+requiem+2007, alien+1992, the+fury+1978, alien+escape+1996, alien+nation+1988, volcano+1997, 301 ms"
"2022-02-08T19:26:16.493114,253505,recommendation request 17645-team17.isri.cmu.edu:8082, status 200, result: the+parent+trap+1961, intersection+1994, red+dawn+1984, big+hero+6+2014, k-9+1989, that+was+then...+this+is+now+1985, sleeping+beauty+1959, for+your+eyes+only+1981, regarding+henry+1991, the+island+1980, the+browning+version+1994, company+man+2000, the+princess+and+the+frog+2009, winnie+the+pooh+2011, goldfinger+1964, mobsters+1991, the+living+daylights+1987, above+the+law+1988, ratatouille+2007, bulletproof+1996, 389 ms"
"2022-02-08T19:26:16.503787,248493,recommendation request 17645-team17.isri.cmu.edu:8082, status 200, result: gleaming+the+cube+1989, barbershop+2002, top+secret+1984, my+man+godfrey+1957, ed+1996, guest+house+paradiso+1999, true+crime+1996, light+it+up+1999, northfork+2003, another+thin+man+1939, grand+canyon+1991, the+verdict+1982, guilty+as+sin+1993, the+comancheros+1961, bottle+rocket+1996, ali+2001, the+nuns+story+1959, burnt+offerings+1976, 7+seconds+2005, return+to+me+2000, 411 ms"
"2022-02-08T19:26:16.525904,50690,recommendation request 17645-team17.isri.cmu.edu:8082, status 200, result: the+five+senses+1999, forbidden+zone+1980, barbershop+2002, rollerball+1975, the+last+of+the+mohicans+1992, raging+bull+1980, the+proprietor+1996, punchline+1988, city+slickers+1991, paths+of+glory+1957, p.s.+2004, rio+bravo+1959, how+i+won+the+war+1967, barbarosa+1982, 633+squadron+1964, birdy+1984, bad+girls+1994, another+thin+man+1939, planet+of+the+apes+2001, junebug+2005, 433 ms"
"2022-02-08T19:26:16.557658,72351,recommendation request 17645-team17.isri.cmu.edu:8082, status 200, result: cry+freedom+1987, forbidden+zone+1980, the+dresser+1983, the+conspiracy+2012, canned+dreams+2012, frenzy+1972, p.s.+2004, the+dancemaker+1998, slumber+party+massacre+iii+1990, spy+kids+3-d+game+over+2003, psycho+1998, leprechaun+4+in+space+1996, albatross+2011, macabre+1958, time+bandits+1981, island+2011, north+1994, six+weeks+1982, an+american+carol+2008, dugs+special+mission+2009, 377 ms"
"2022-02-08T19:26:17.385634,226368,recommendation request 17645-team17.isri.cmu.edu:8082, status 200, result: cry+freedom+1987, melody+time+1948, the+house+of+yes+1997, punchline+1988, oh_+god+1977, the+conspiracy+2012, childs+play+3+1991, p.s.+2004, spartacus+1960, frenzy+1972, detective+story+1951, written+on+the+wind+1956, forrest+gump+1994, a+little+princess+1995, r100+2013, psycho+1998, iris+2001, saludos+amigos+1942, glen+or+glenda+1953, jaws+3-d+1983, 287 ms"
"2022-02-08T19:26:18.450513,47763,recommendation request 17645-team17.isri.cmu.edu:8082, status 200, result: replicant+2001, rio+2+2014, nine+lives+2005, horton+hears+a+who+2008, airport+77+1977, p.s.+2004, the+pit+and+the+pendulum+1961, that+was+then...+this+is+now+1985, ice+age+the+meltdown+2006, the+other+side+of+the+mountain+1975, the+mother+2003, edward+scissorhands+1990, shopping+1994, away+from+her+2006, people+like+us+2012, ice+age+dawn+of+the+dinosaurs+2009, singham+2011, voyage+of+the+damned+1976, the+craft+1996, airport+1975+1974, 408 ms"
"2022-02-08T19:26:18.457547,249080,recommendation request 17645-team17.isri.cmu.edu:8082, status 200, result: shampoo+1975, cry+freedom+1987, neighbors+1981, dial+m+for+murder+1954, dark+city+1950, kissing+a+fool+1998, punchline+1988, jesus+christ+superstar+1973, true+crime+1996, that+was+then...+this+is+now+1985, never+again+2002, incognito+1997, 28+days+2000, to+catch+a+thief+1955, the+yakuza+1974, the+client+1994, clockwatchers+1997, heartbeeps+1981, beyond+the+sea+2004, junebug+2005, 373 ms"
"2022-02-08T19:26:18.364312,84847,recommendation request 17645-team17.isri.cmu.edu:8082, status 200, result: wreck-it+ralph+2012, rollerball+1975, raging+bull+1980, star+wars+episode+iii+-+revenge+of+the+sith+2005, a+goofy+movie+1995, the+aristocats+1970, a+family+thing+1996, pitch+black+2000, apocalypto+2006, planet+of+the+apes+2001, gone+in+sixty+seconds+2000, a+patch+of+blue+1965, the+matrix+revolutions+2003, shes+having+a+baby+1988, veronica+guerin+2003, the+incredible+hulk+2008, the+brave+one+2007, romeo+and+juliet+1936, eight+men+out+1988, h.m.+pulham_+esq.+1941, 335 ms"
"2022-02-08T19:26:18.453975,267557,recommendation request 17645-team17.isri.cmu.edu:8082, status 200, result: coldblooded+1995, lockout+2012, p.s.+2004, a+goofy+movie+1995, son+of+the+mask+2005, courage+under+fire+1996, vision+quest+1985, freaky+friday+1976, a+little+princess+1995, haywire+2011, dumb+and+dumber+to+2014, the+witches+of+eastwick+1987, the+yakuza+1974, topper+1937, winnie+the+pooh+2011, shes+having+a+baby+1988, island+2011, the+women+2008, 10th++wolf+2006, the+emperors+new+groove+2000, 331 ms"
"2022-02-08T19:26:18.480115,233057,recommendation request 17645-team17.isri.cmu.edu:8082, status 200, result: gleaming+the+cube+1989, the+girl+next+door+2004, top+secret+1984, p.s.+2004, true+crime+1996, freddy+got+fingered+2001, the+other+side+of+the+mountain+1975, maze+2000, lethal+weapon+3+1992, inception+2010, dick+tracy+1990, the+beverly+hillbillies+1993, grand+canyon+1991, the+verdict+1982, the+brothers+2001, working+girl+1988, mighty+aphrodite+1995, crush+2001, bridesmaids+2011, unfinished+business+2015, 362 ms"
"2022-02-08T19:26:20.460149,294200,recommendation request 17645-team17.isri.cmu.edu:8082, status 200, result: black+beauty+1994, the+cat+in+the+hat+2003, cry+freedom+1987, the+new+age+1994, lockout+2012, ed+1996, p.s.+2004, i+like+it+like+that+1994, the+other+side+of+the+mountain+1975, a+time+to+kill+1996, casper+1995, haywire+2011, babe+pig+in+the+city+1998, love+story+1970, the+island+1980, the+yakuza+1974, how+the+grinch+stole+christmas+2000, an+education+2009, rat+2001, mobsters+1991, 372 ms"
"2022-02-08T19:26:20.419154,147966,recommendation request 17645-team17.isri.cmu.edu:8082, status 200, result: dead+of+winter+1987, curdled+1996, arranged+2007, criminal+law+1988, bill+cosby+himself+1983, my+man+godfrey+1957, ed+1996, the+house+of+yes+1997, guest+house+paradiso+1999, frenzy+1972, incognito+1997, in+the+line+of+fire+1993, moving+1988, masterminds+1997, phoenix+1998, the+mighty+1998, beyond+therapy+1987, the+art+of+war+2000, hav+plenty+1997, breakfast+on+pluto+2005, 375 ms"
"2022-02-08T19:26:20.474793,244572,recommendation request 17645-team17.isri.cmu.edu:8082, status 200, result: american+virgin+2000, drop+zone+1994, rollerball+1975, ed+1996, star+wars+episode+iii+-+revenge+of+the+sith+2005, american+psycho+2000, p.s.+2004, maze+2000, without+a+paddle+2004, detective+story+1951, casper+1995, wake+of+death+2004, planet+of+the+apes+2001, the+brothers+2001, working+girl+1988, jurassic+park+1993, changing+lanes+2002, crush+2001, hook+1991, hopscotch+1980, 422 ms"
"2022-02-08T19:26:20.487568,147713,recommendation request 17645-team17.isri.cmu.edu:8082, status 200, result: cry+freedom+1987, the+boy+who+could+fly+1986, up+the+yangtze+2007, playing+the+victim+2006, p.s.+2004, the+other+side+of+the+mountain+1975, maze+2000, a+little+princess+1995, the+beverly+hillbillies+1993, blackfish+2013, 4+2005, moving+1988, the+gleaners++i+2000, still+bill+2010, winnie+the+pooh+2011, the+truman+show+1998, an+education+2009, junebug+2005, crush+2001, the+barber+of+siberia+1998, 399 ms"
"2022-02-08T19:26:21.355532,18033,recommendation request 17645-team17.isri.cmu.edu:8082, status 200, result: coldblooded+1995, six+pack+1982, the+last+of+the+mohicans+1992, a+goofy+movie+1995, a+family+thing+1996, vision+quest+1985, a+little+princess+1995, best+men+1997, gumby+the+movie+1995, dumb+and+dumber+to+2014, harry+and+tonto+1974, the+witches+of+eastwick+1987, the+incredible+hulk+2008, hook+1991, a+knights+tale+2001, the+emperors+new+groove+2000, bingo+1991, chicken+little+2005, hall+pass+2011, beyond+the+poseidon+adventure+1979, 344 ms"
"2022-02-08T19:26:21.388736,57248,recommendation request 17645-team17.isri.cmu.edu:8082, status 200, result: cry+freedom+1987, drop+zone+1994, the+proprietor+1996, the+dirty+dozen+next+mission+1985, detective+story+1951, z+1969, lifeboat+1944, dick+tracy+1990, apocalypto+2006, dead+reckoning+1947, the+saint+1997, malice+1993, gone+in+sixty+seconds+2000, changing+lanes+2002, the+juror+1996, ali+2001, jennifer+eight+1992, knockout+2000, escape+from+the+planet+of+the+apes+1971, starship+troopers+1997, 329 ms"
"2022-02-08T19:26:22.599732,253616,recommendation request 17645-team17.isri.cmu.edu:8082, status 200, result: forbidden+zone+1980, dark+city+1950, the+snowman+1982, the+conspiracy+2012, p.s.+2004, the+warriors+way+2010, a+goofy+movie+1995, the+other+side+of+the+mountain+1975, light+it+up+1999, snow+dogs+2002, casper+1995, private+parts+1972, the+poughkeepsie+tapes+2007, macabre+1958, cars+2+2011, jurassic+park+1993, the+farmers+wife+2012, conan+the+barbarian+1982, hook+1991, an+american+carol+2008, 513 ms"
"2022-02-08T19:26:22.598602,155160,recommendation request 17645-team17.isri.cmu.edu:8082, status 200, result: black+beauty+1994, eyewitness+1981, lockout+2012, the+amazing+spider-man+2012, major+league+ii+1994, last+holiday+2006, frenzy+1972, true+crime+1996, a+little+princess+1995, prince+of+persia+the+sands+of+time+2010, haywire+2011, moving+1988, the+matrix+revolutions+2003, modesty+blaise+1966, the+incredible+hulk+2008, the+brave+one+2007, hook+1991, hopscotch+1980, the+arrival+1996, bingo+1991, 504 ms"
"2022-02-08T19:26:22.695242,282676,recommendation request 17645-team17.isri.cmu.edu:8082, status 200, result: eyewitness+1981, drop+zone+1994, rollerball+1975, intersection+1994, the+snowman+1982, frenzy+1972, true+crime+1996, big+hero+6+2014, without+a+paddle+2004, wake+of+death+2004, the+yakuza+1974, planet+of+the+apes+2001, gravity+2013, serial+1980, changing+lanes+2002, the+game+1997, the+incredible+hulk+2008, hopscotch+1980, 10th++wolf+2006, today+you+die+2005, 573 ms"
"2022-02-08T19:26:23.514090,277442,recommendation request 17645-team17.isri.cmu.edu:8082, status 200, result: gleaming+the+cube+1989, eyewitness+1981, courage+under+fire+1996, barbarosa+1982, the+wash+2001, lethal+weapon+3+1992, the+brothers+mcmullen+1995, inception+2010, pitch+black+2000, ice+castles+1978, grand+canyon+1991, the+verdict+1982, return+to+the+blue+lagoon+1991, wake+of+death+2004, hackers+1995, the+matrix+revolutions+2003, junebug+2005, changing+lanes+2002, crush+2001, the+matrix+1999, 503 ms"
"2022-02-08T19:26:23.557292,230905,recommendation request 17645-team17.isri.cmu.edu:8082, status 200, result: shampoo+1975, cry+freedom+1987, rollerball+1975, the+million+dollar+hotel+2000, agnes+of+god+1985, punchline+1988, the+proprietor+1996, the+gauntlet+1977, the+other+side+of+the+mountain+1975, light+it+up+1999, birdy+1984, lifeboat+1944, pompeii+2014, dead+reckoning+1947, white+palace+1990, junebug+2005, geronimo+an+american+legend+1993, some+days+are+better+than+others+2011, his+girl+friday+1940, my+one+and+only+2009, 551 ms"
"2022-02-08T19:26:23.599489,279135,recommendation request 17645-team17.isri.cmu.edu:8082, status 200, result: eyewitness+1981, drop+zone+1994, rollerball+1975, about+last+night...+1986, star+wars+episode+iii+-+revenge+of+the+sith+2005, maze+2000, without+a+paddle+2004, detective+story+1951, a+family+thing+1996, chronicle+2012, harry+and+tonto+1974, wake+of+death+2004, planet+of+the+apes+2001, opportunity+knocks+1990, junebug+2005, changing+lanes+2002, island+2011, crush+2001, from+here+to+eternity+1953, side+out+1990, 585 ms"
"2022-02-08T19:26:23.616199,234188,recommendation request 17645-team17.isri.cmu.edu:8082, status 200, result: american+virgin+2000, the+glimmer+man+1996, 8+seconds+1994, courage+under+fire+1996, under+siege+1992, lethal+weapon+3+1992, a+time+to+kill+1996, dick+tracy+1990, pitch+black+2000, a+patch+of+blue+1965, on+deadly+ground+1994, bottle+rocket+1996, island+2011, ali+2001, romeo+and+juliet+1936, above+the+law+1988, h.m.+pulham_+esq.+1941, terminator+2+judgment+day+1991, bulletproof+1996, the+survivors+1983, 606 ms"
"2022-02-08T19:26:23.657822,247854,recommendation request 17645-team17.isri.cmu.edu:8082, status 200, result: six+pack+1982, lockout+2012, p.s.+2004, courage+under+fire+1996, the+other+side+of+the+mountain+1975, lethal+weapon+3+1992, a+family+thing+1996, freaky+friday+1976, vision+quest+1985, a+little+princess+1995, ice+castles+1978, haywire+2011, harry+and+tonto+1974, the+witches+of+eastwick+1987, patriot+games+1992, winnie+the+pooh+2011, juice+1992, island+2011, from+here+to+eternity+1953, ali+2001, 645 ms"
"2022-02-08T19:26:23.666057,176378,recommendation request 17645-team17.isri.cmu.edu:8082, status 200, result: gleaming+the+cube+1989, the+longest+day+1962, the+conspiracy+2012, frenzy+1972, walle+2008, american+gangster+2007, lifeboat+1944, grand+illusion+1937, the+verdict+1982, one+man+band+2005, paparazzi+2004, macabre+1958, shes+having+a+baby+1988, in+harms+way+1965, juice+1992, mobsters+1991, conan+the+barbarian+1982, lifted+2006, dugs+special+mission+2009, jennifer+eight+1992, 653 ms"
"2022-02-08T19:26:24.519404,105084,recommendation request 17645-team17.isri.cmu.edu:8082, status 200, result: the+nest+2002, cry+freedom+1987, the+five+senses+1999, about+last+night...+1986, what+doesnt+kill+you+2008, the+gauntlet+1977, raging+bull+1980, red+dawn+1984, walle+2008, parker+2013, johnny+english+2003, one+man+band+2005, the+island+1980, the+yakuza+1974, shes+having+a+baby+1988, rush+hour+3+2007, look+whos+talking+too+1990, warriors+of+heaven+and+earth+2003, lifted+2006, side+out+1990, 464 ms"
"2022-02-08T19:26:25.395561,150778,recommendation request 17645-team17.isri.cmu.edu:8082, status 200, result: the+dresser+1983, dark+city+1950, 8+seconds+1994, intersection+1994, p.s.+2004, maze+2000, a+little+princess+1995, the+brothers+mcmullen+1995, apocalypto+2006, the+brothers+2001, albatross+2011, gone+in+sixty+seconds+2000, veronica+guerin+2003, juice+1992, crush+2001, island+2011, from+here+to+eternity+1953, the+women+2008, six+weeks+1982, ali+2001, 312 ms"
"2022-02-08T19:26:25.482715,279420,recommendation request 17645-team17.isri.cmu.edu:8082, status 200, result: the+theory+of+everything+2014, miracle+2004, anna+and+the+king+1999, race+to+witch+mountain+2009, the+snowman+1982, the+proprietor+1996, the+brave+1997, that+was+then...+this+is+now+1985, birdy+1984, wolf+1994, cromwell+1970, z+1969, joan+of+arc+1999, henry+v+1944, elizabeth+i+2005, savior+1998, all+the+kings+men+1949, harem+1985, bent+1997, four+weddings+and+a+funeral+1994, 389 ms"
"2022-02-08T19:26:25.498100,290837,recommendation request 17645-team17.isri.cmu.edu:8082, status 200, result: black+beauty+1994, eyewitness+1981, cry+freedom+1987, royal+deceit+1994, p.s.+2004, i+like+it+like+that+1994, under+siege+1992, running+free+1999, inception+2010, haywire+2011, excision+2012, the+letter+1940, paparazzi+2004, the+island+1980, topper+1937, the+matrix+revolutions+2003, free+willy+3+the+rescue+1997, mobsters+1991, the+incredible+hulk+2008, the+fury+1978, 404 ms"
"2022-02-08T19:26:25.491152,153632,recommendation request 17645-team17.isri.cmu.edu:8082, status 200, result: into+eternity+2010, curdled+1996, barbershop+2002, something+new+2006, the+lord+of+the+rings+the+two+towers+2002, circus+2000, notting+hill+1999, beauty+shop+2005, fathers+little+dividend+1951, fuck+2005, bean+1997, fatal+instinct+1993, another+thin+man+1939, bachelor+in+paradise+1961, love+crazy+1941, modulations+1998, hunting+elephants+2013, on+the+town+1949, frantic+1988, sleeping+with+the+enemy+1991, 390 ms"
"2022-02-08T19:26:25.529070,281174,recommendation request 17645-team17.isri.cmu.edu:8082, status 200, result: eyewitness+1981, curdled+1996, lockout+2012, frenzy+1972, true+crime+1996, p.s.+2004, vision+quest+1985, freaky+friday+1976, a+little+princess+1995, haywire+2011, moving+1988, love+story+1970, the+witches+of+eastwick+1987, shes+having+a+baby+1988, free+willy+3+the+rescue+1997, the+hitch-hiker+1953, mobsters+1991, hook+1991, hopscotch+1980, bingo+1991, 415 ms"
"2022-02-08T19:26:28.394425,305320,recommendation request 17645-team17.isri.cmu.edu:8082, status 200, result: black+beauty+1994, the+switch+2010, coldblooded+1995, 8+seconds+1994, p.s.+2004, the+other+side+of+the+mountain+1975, maze+2000, thank+you+for+smoking+2005, the+brothers+mcmullen+1995, a+little+princess+1995, dumb+and+dumber+to+2014, couples+retreat+2009, the+brothers+2001, going+the+distance+2010, junebug+2005, bottle+rocket+1996, crush+2001, have+rocket_+will+travel+1959, the+women+2008, class+1983, 276 ms"
"2022-02-08T19:26:28.394358,83071,recommendation request 17645-team17.isri.cmu.edu:8082, status 200, result: the+parent+trap+1998, rollerball+1975, about+last+night...+1986, star+wars+episode+iii+-+revenge+of+the+sith+2005, sling+blade+1996, p.s.+2004, nothing+to+lose+1994, snow+dogs+2002, barbarosa+1982, a+time+to+kill+1996, the+wash+2001, freaky+friday+1976, nims+island+2008, maze+2000, gumby+the+movie+1995, planet+of+the+apes+2001, the+yakuza+1974, the+brothers+2001, the+mighty+1998, crush+2001, 336 ms"
"2022-02-08T19:26:28.410421,64511,recommendation request 17645-team17.isri.cmu.edu:8082, status 200, result: the+cat+in+the+hat+2003, drop+zone+1994, rollerball+1975, intersection+1994, ed+1996, star+wars+episode+iii+-+revenge+of+the+sith+2005, last+holiday+2006, p.s.+2004, frenzy+1972, maze+2000, fast++furious+6+2013, casper+1995, nighthawks+1981, planet+of+the+apes+2001, the+brothers+2001, stonewall+1995, the+truman+show+1998, juice+1992, crush+2001, conan+the+barbarian+1982, 349 ms"
"2022-02-08T19:26:29.457479,147275,recommendation request 17645-team17.isri.cmu.edu:8082, status 200, result: criminal+law+1988, barbershop+2002, six+pack+1982, the+snowman+1982, walle+2008, the+other+side+of+the+mountain+1975, a+family+thing+1996, freaky+friday+1976, another+thin+man+1939, harry+and+tonto+1974, 9+2005, junebug+2005, conan+the+barbarian+1982, my+one+and+only+2009, dungeons++dragons+2000, tuvalu+1999, cars+2006, get+real+1998, rocky+1976, my+neighbors+the+yamadas+1999, 416 ms"
"2022-02-08T19:26:29.511828,293434,recommendation request 17645-team17.isri.cmu.edu:8082, status 200, result: drop+zone+1994, arranged+2007, switchback+1997, red+dawn+1984, frenzy+1972, barbarosa+1982, the+wash+2001, macgruber+2010, a+time+to+kill+1996, incognito+1997, father+of+the+bride+1991, in+the+line+of+fire+1993, harry+and+tonto+1974, the+letter+1940, phoenix+1998, wake+of+death+2004, the+saint+1997, hackers+1995, junebug+2005, serial+1980, 441 ms"
"2022-02-08T19:26:29.595094,179517,recommendation request 17645-team17.isri.cmu.edu:8082, status 200, result: gleaming+the+cube+1989, life+is+beautiful+1997, the+five+senses+1999, edmond+2005, the+cobbler+2014, last+holiday+2006, p.s.+2004, light+it+up+1999, grand+canyon+1991, the+verdict+1982, the+island+1980, the+wizard+1989, fabled+2002, junebug+2005, bottle+rocket+1996, american+psycho+2+all+american+girl+2002, island+2011, ali+2001, millions+2005, from+the+hip+1987, 529 ms"
"2022-02-08T19:26:29.595471,133281,recommendation request 17645-team17.isri.cmu.edu:8082, status 200, result: mary+poppins+1964, lockout+2012, a+goofy+movie+1995, red+dawn+1984, frenzy+1972, true+crime+1996, the+addams+family+1991, vision+quest+1985, freaky+friday+1976, a+little+princess+1995, haywire+2011, the+witches+of+eastwick+1987, patriot+games+1992, juice+1992, the+living+daylights+1987, breakdown+1997, above+the+law+1988, the+emperors+new+groove+2000, ratatouille+2007, spasmo+1974, 484 ms"
"2022-02-08T19:26:29.614575,272185,recommendation request 17645-team17.isri.cmu.edu:8082, status 200, result: eyewitness+1981, drop+zone+1994, switchback+1997, ed+1996, p.s.+2004, missing+1982, the+official+story+1985, sling+blade+1996, a+family+thing+1996, nims+island+2008, birdy+1984, chronicle+2012, dick+tracy+1990, apocalypto+2006, the+wizard+1989, dead+presidents+1995, gravity+2013, the+mighty+1998, island+2011, hook+1991, 543 ms"
"2022-02-08T19:26:30.260586,93949,recommendation request 17645-team17.isri.cmu.edu:8082, status 200, result: rollerball+1975, the+boy+who+could+fly+1986, the+golden+voyage+of+sinbad+1973, p.s.+2004, sling+blade+1996, the+promise+2005, big+hero+6+2014, dead+of+night+1945, the+changeling+1980, a+little+princess+1995, spy+kids+3-d+game+over+2003, psycho+1998, phoenix+1998, the+mighty+1998, cherrybomb+2009, x+the+unknown+1956, made+of+honor+2008, dinoshark+2010, ruby++quentin+2003, the+faculty+1998, 199 ms"
"2022-02-08T19:26:31.551883,126150,recommendation request 17645-team17.isri.cmu.edu:8082, status 200, result: black+beauty+1994, eyewitness+1981, forbidden+zone+1980, throw+momma+from+the+train+1987, p.s.+2004, cookie+1989, the+dirty+dozen+next+mission+1985, snow+dogs+2002, freaky+friday+1976, in+too+deep+1999, masterminds+1997, the+comancheros+1961, armed+and+dangerous+1986, the+house+on+sorority+row+1983, mercenary+for+justice+2006, class+1983, burnt+offerings+1976, above+the+law+1988, 7+seconds+2005, an+american+carol+2008, 441 ms"
"2022-02-08T19:26:31.553331,64829,recommendation request 17645-team17.isri.cmu.edu:8082, status 200, result: the+nest+2002, a+nightmare+on+elm+street+part+2+freddys+revenge+1985, what+doesnt+kill+you+2008, mickeys+once+upon+a+christmas+1999, parker+2013, a+time+to+kill+1996, johnny+english+2003, the+beverly+hillbillies+1993, chicken+run+2000, critters+1986, the+letter+1940, gravity+2013, rush+hour+3+2007, american+psycho+2+all+american+girl+2002, the+brave+one+2007, conan+the+barbarian+1982, high+sierra+1941, they+made+me+a+criminal+1939, little+murders+1971, dungeons++dragons+2000, 417 ms"
"2022-02-08T19:26:31.624792,109038,recommendation request 17645-team17.isri.cmu.edu:8082, status 200, result: cry+freedom+1987, angst+1983, and+now...+ladies+and+gentlemen...+2002, dark+city+1950, leaving+normal+1992, the+proprietor+1996, red+dawn+1984, the+pit+and+the+pendulum+1961, sling+blade+1996, the+other+side+of+the+mountain+1975, the+last+laugh+1924, z+1969, lifeboat+1944, the+verdict+1982, silver+city+2004, the+mighty+1998, an+education+2009, island+2011, x+the+unknown+1956, above+the+law+1988, 451 ms"
"2022-02-08T19:26:31.657919,185321,recommendation request 17645-team17.isri.cmu.edu:8082, status 200, result: rollerball+1975, raging+bull+1980, the+amazing+spider-man+2012, the+golden+voyage+of+sinbad+1973, p.s.+2004, warriors+2002, maze+2000, macgruber+2010, a+little+princess+1995, nims+island+2008, inception+2010, steel+1997, even+the+rain+2010, holy+motors+2012, the+brothers+2001, crush+2001, hook+1991, the+curse+of+the+cat+people+1944, hopscotch+1980, untitled+2009, 481 ms"
"2022-02-08T19:26:31.671663,145017,recommendation request 17645-team17.isri.cmu.edu:8082, status 200, result: the+cat+in+the+hat+2003, top+secret+1984, ed+1996, family+plot+1976, cookie+1989, barbarosa+1982, the+addams+family+1991, the+other+side+of+the+mountain+1975, a+little+princess+1995, the+beverly+hillbillies+1993, opportunity+knocks+1990, how+the+grinch+stole+christmas+2000, the+mighty+1998, desk+set+1957, out+to+sea+1997, an+education+2009, happy_+texas+1999, his+girl+friday+1940, little+murders+1971, get+real+1998, 469 ms"
"2022-02-08T19:26:32.454399,221932,recommendation request 17645-team17.isri.cmu.edu:8082, status 200, result: scenes+from+the+class+struggle+in+beverly+hills+1989, and+now...+ladies+and+gentlemen...+2002, kissing+a+fool+1998, the+conspiracy+2012, the+sting+1973, the+devils+advocate+1997, never+again+2002, thank+you+for+smoking+2005, unfaithful+2002, the+brothers+mcmullen+1995, joy+ride+2001, clockwatchers+1997, macabre+1958, heartbeeps+1981, junebug+2005, sonny+2002, millions+2005, get+over+it+2001, runaway+jury+2003, faithful+1996, 435 ms"
"2022-02-08T19:26:32.504814,238160,recommendation request 17645-team17.isri.cmu.edu:8082, status 200, result: gleaming+the+cube+1989, nothing+but+trouble+1991, barbershop+2002, the+proprietor+1996, the+brother+from+another+planet+1984, p.s.+2004, the+other+side+of+the+mountain+1975, light+it+up+1999, maze+2000, another+thin+man+1939, moving+1988, grand+canyon+1991, the+letter+1940, phoenix+1998, the+verdict+1982, national+lampoons+vacation+1983, the+brothers+2001, bad+company+1972, marooned+1969, bottle+rocket+1996, 489 ms"
"2022-02-08T19:26:32.504285,255731,recommendation request 17645-team17.isri.cmu.edu:8082, status 200, result: shampoo+1975, curdled+1996, cry+freedom+1987, rollerball+1975, raging+bull+1980, p.s.+2004, the+other+side+of+the+mountain+1975, splash+1984, planet+of+the+apes+2001, cars+2+2011, beyond+the+sea+2004, white+palace+1990, the+hitch-hiker+1953, mobsters+1991, conan+the+barbarian+1982, the+emperors+new+groove+2000, spasmo+1974, chicken+little+2005, dungeons++dragons+2000, underdog+2007, 482 ms"
"2022-02-08T19:26:32.510379,248482,recommendation request 17645-team17.isri.cmu.edu:8082, status 200, result: shampoo+1975, punchline+1988, road+to+morocco+1942, book+of+shadows+blair+witch+2+2000, a+goofy+movie+1995, identity+2003, true+crime+1996, courage+under+fire+1996, brimstone++treacle+1982, snow+dogs+2002, the+hound+of+the+baskervilles+1978, caveman+1981, spy+kids+3-d+game+over+2003, cars+2+2011, junebug+2005, some+days+are+better+than+others+2011, body+double+1984, island+2011, flowers+in+the+attic+1987, his+girl+friday+1940, 493 ms"
"2022-02-08T19:26:32.521593,163394,recommendation request 17645-team17.isri.cmu.edu:8082, status 200, result: eyewitness+1981, werewolves+on+wheels+1971, the+longest+day+1962, 8+seconds+1994, mystery_+alaska+1999, courage+under+fire+1996, a+family+thing+1996, cabin+boy+1994, lifeboat+1944, grand+illusion+1937, albatross+2011, junebug+2005, in+harms+way+1965, yours_+mine+and+ours+1968, the+women+2008, the+fury+1978, remember+the+night+1940, my+one+and+only+2009, firestarter+1984, spasmo+1974, 499 ms"
"2022-02-08T19:26:33.592864,261242,recommendation request 17645-team17.isri.cmu.edu:8082, status 200, result: eyewitness+1981, drop+zone+1994, switchback+1997, frenzy+1972, p.s.+2004, barbarosa+1982, the+wash+2001, macgruber+2010, light+it+up+1999, in+the+line+of+fire+1993, northfork+2003, maze+2000, lifeboat+1944, chronicle+2012, fulltime+killer+2001, in+too+deep+1999, the+verdict+1982, guilty+as+sin+1993, the+saint+1997, the+yakuza+1974, 510 ms"
"2022-02-08T19:26:33.597171,282303,recommendation request 17645-team17.isri.cmu.edu:8082, status 200, result: the+perfect+score+2004, eyewitness+1981, top+secret+1984, sleepers+1996, a+goofy+movie+1995, p.s.+2004, maze+2000, vision+quest+1985, freaky+friday+1976, a+little+princess+1995, the+witches+of+eastwick+1987, guilty+as+sin+1993, patriot+games+1992, the+client+1994, the+brothers+2001, the+longest+yard+1974, juice+1992, crush+2001, breakdown+1997, hopscotch+1980, 518 ms"
"2022-02-08T19:26:33.667712,101404,recommendation request 17645-team17.isri.cmu.edu:8082, status 200, result: the+cat+in+the+hat+2003, rollerball+1975, mary+poppins+1964, ed+1996, family+plot+1976, frenzy+1972, the+promise+2005, crossroads+2002, the+country+bears+2002, snow+dogs+2002, big+hero+6+2014, the+andromeda+strain+1971, freaky+friday+1976, father+of+the+bride+1991, cabin+boy+1994, a+little+princess+1995, psycho+1998, planet+of+the+apes+2001, opportunity+knocks+1990, how+the+grinch+stole+christmas+2000, 560 ms"
"2022-02-08T19:26:33.668338,62015,recommendation request 17645-team17.isri.cmu.edu:8082, status 200, result: rollerball+1975, star+wars+episode+iii+-+revenge+of+the+sith+2005, barbarosa+1982, snow+dogs+2002, a+family+thing+1996, freaky+friday+1976, a+shock+to+the+system+1990, harry+and+tonto+1974, planet+of+the+apes+2001, the+mighty+1998, junebug+2005, yours_+mine+and+ours+1968, the+juror+1996, ali+2001, the+women+2008, his+girl+friday+1940, my+one+and+only+2009, bingo+1991, hall+pass+2011, the+survivors+1983, 559 ms"
"2022-02-08T19:26:33.667766,137974,recommendation request 17645-team17.isri.cmu.edu:8082, status 200, result: black+beauty+1994, the+westerner+1940, rio+bravo+1959, cookie+1989, point+blank+1967, barbarosa+1982, dollars+1971, harry+and+walter+go+to+new+york+1976, dick+tracy+1990, tap+1989, bad+girls+1994, bachelor+in+paradise+1961, love+crazy+1941, patriot+games+1992, gravity+2013, on+the+town+1949, bottle+rocket+1996, juice+1992, three+amigos+1986, breakdown+1997, 572 ms"
"2022-02-08T19:26:34.391846,28260,recommendation request 17645-team17.isri.cmu.edu:8082, status 200, result: american+virgin+2000, arranged+2007, six+pack+1982, raging+bull+1980, the+conspiracy+2012, p.s.+2004, altered+2006, maze+2000, the+other+side+of+the+mountain+1975, a+family+thing+1996, excision+2012, taxi+2004, a+shock+to+the+system+1990, the+brothers+2001, an+education+2009, crush+2001, eight+men+out+1988, dinoshark+2010, untitled+2009, eating+raoul+1982, 334 ms"
"2022-02-08T19:26:34.415660,264995,recommendation request 17645-team17.isri.cmu.edu:8082, status 200, result: eyewitness+1981, switchback+1997, the+golden+voyage+of+sinbad+1973, double+team+1997, p.s.+2004, the+watch+2012, spirit+stallion+of+the+cimarron+2002, lifeboat+1944, chronicle+2012, casper+1995, paintball+2009, the+island+1980, planet+of+the+apes+2001, jurassic+park+1993, kull+the+conqueror+1997, mobsters+1991, conan+the+barbarian+1982, m.+butterfly+1993, above+the+law+1988, hook+1991, 329 ms"
"2022-02-08T19:26:34.391861,3701,recommendation request 17645-team17.isri.cmu.edu:8082, status 200, result: the+five+senses+1999, bossa+nova+2000, the+proprietor+1996, sling+blade+1996, p.s.+2004, light+it+up+1999, i+am+a+sex+addict+2005, the+mighty+1998, junebug+2005, changing+lanes+2002, crush+2001, my+one+and+only+2009, rushmore+1998, the+allnighter+1987, fire+down+below+1997, dopamine+2003, undertow+2004, mumford+1999, l.i.e.+2001, up+at+the+villa+2000, 338 ms"
"2022-02-08T19:26:35.421486,148262,recommendation request 17645-team17.isri.cmu.edu:8082, status 200, result: sullivans+travels+1941, edmond+2005, ed+1996, family+plot+1976, last+holiday+2006, p.s.+2004, the+sky+crawlers+2008, light+it+up+1999, maze+2000, without+a+paddle+2004, fuck+2005, birdy+1984, a+family+thing+1996, the+warrior+2001, masterminds+1997, the+verdict+1982, money+train+1995, the+wizard+1989, armed+and+dangerous+1986, changing+lanes+2002, 391 ms"
"2022-02-08T19:26:35.520282,103506,recommendation request 17645-team17.isri.cmu.edu:8082, status 200, result: black+beauty+1994, drop+zone+1994, dont+move+2004, frenzy+1972, the+other+side+of+the+mountain+1975, without+a+paddle+2004, ice+castles+1978, big+trouble+2002, paintball+2009, the+island+1980, wake+of+death+2004, gone+in+sixty+seconds+2000, changing+lanes+2002, from+here+to+eternity+1953, ali+2001, side+out+1990, above+the+law+1988, hopscotch+1980, the+loves+of+carmen+1948, dugs+special+mission+2009, 485 ms"
"2022-02-08T19:26:35.544690,273647,recommendation request 17645-team17.isri.cmu.edu:8082, status 200, result: shampoo+1975, the+cat+in+the+hat+2003, melody+time+1948, the+red+shoes+1948, 8+seconds+1994, raging+bull+1980, punchline+1988, ed+1996, family+plot+1976, the+other+side+of+the+mountain+1975, the+aristocats+1970, a+family+thing+1996, the+beverly+hillbillies+1993, the+next+karate+kid+1994, random+hearts+1999, saludos+amigos+1942, lady+chatterley+2006, albatross+2011, a+man+and+a+woman+1966, full+speed+1996, 492 ms"
"2022-02-08T19:26:35.662138,157606,recommendation request 17645-team17.isri.cmu.edu:8082, status 200, result: american+virgin+2000, drop+zone+1994, rollerball+1975, the+avengers+1998, the+proprietor+1996, the+brother+from+another+planet+1984, missing+1982, p.s.+2004, red+dawn+1984, mystery_+alaska+1999, maze+2000, lethal+weapon+3+1992, incognito+1997, without+a+paddle+2004, dick+tracy+1990, sex+and+the+city+2008, apocalypto+2006, one+eight+seven+1997, guilty+as+sin+1993, the+saint+1997, 527 ms"
"2022-02-08T19:26:35.662469,7371,recommendation request 17645-team17.isri.cmu.edu:8082, status 200, result: shower+1999, doc+hollywood+1991, p.s.+2004, the+other+side+of+the+mountain+1975, maze+2000, vision+quest+1985, footloose+1984, a+little+princess+1995, dick+tracy+1990, ping+pong+playa+2007, moving+1988, the+witches+of+eastwick+1987, where+the+heart+is+2000, the+letter+1940, the+brothers+2001, my+fair+lady+1964, an+education+2009, waiting+to+exhale+1995, junebug+2005, crush+2001, 596 ms"
"2022-02-08T19:26:35.675405,226517,recommendation request 17645-team17.isri.cmu.edu:8082, status 200, result: drop+zone+1994, mickeys+once+upon+a+christmas+1999, rollerball+1975, return+of+the+fly+1959, a+goofy+movie+1995, carnosaur+2+1995, maze+2000, without+a+paddle+2004, lifeboat+1944, forrest+gump+1994, pitch+black+2000, gumby+the+movie+1995, love+story+1970, wake+of+death+2004, planet+of+the+apes+2001, changing+lanes+2002, shes+having+a+baby+1988, crush+2001, conan+the+barbarian+1982, bridesmaids+2011, 644 ms"
"2022-02-08T19:26:36.440901,30145,recommendation request 17645-team17.isri.cmu.edu:8082, status 200, result: the+nest+2002, lockout+2012, punchline+1988, the+conspiracy+2012, missing+1982, true+crime+1996, how+i+won+the+war+1967, mystery_+alaska+1999, the+country+bears+2002, snow+dogs+2002, the+dance+of+reality+2013, dead+of+night+1945, 633+squadron+1964, freaky+friday+1976, made+in+u.s.a+1966, pitch+black+2000, haywire+2011, one+eight+seven+1997, guilty+as+sin+1993, macabre+1958, 333 ms"
"2022-02-08T19:26:36.440860,17063,recommendation request 17645-team17.isri.cmu.edu:8082, status 200, result: the+longest+day+1962, missing+1982, frenzy+1972, the+next+three+days+2010, mystery_+alaska+1999, light+it+up+1999, in+the+line+of+fire+1993, man+with+the+screaming+brain+2005, detective+story+1951, ice+castles+1978, one+eight+seven+1997, guilty+as+sin+1993, phoenix+1998, the+yakuza+1974, the+client+1994, cherrybomb+2009, island+2011, morning+glory+1933, from+here+to+eternity+1953, the+juror+1996, 364 ms"
"2022-02-08T19:26:36.526590,216868,recommendation request 17645-team17.isri.cmu.edu:8082, status 200, result: eyewitness+1981, the+westerner+1940, a+goofy+movie+1995, barbarosa+1982, the+other+side+of+the+mountain+1975, a+time+to+kill+1996, vision+quest+1985, a+little+princess+1995, bean+1997, tap+1989, the+witches+of+eastwick+1987, masterminds+1997, the+yakuza+1974, a+man+and+a+woman+1966, an+education+2009, side+out+1990, 7+seconds+2005, hopscotch+1980, the+emperors+new+groove+2000, today+you+die+2005, 404 ms"
"2022-02-08T19:26:37.285194,28013,recommendation request 17645-team17.isri.cmu.edu:8082, status 200, result: rollerball+1975, in+search+of+the+castaways+1962, the+mummy+tomb+of+the+dragon+emperor+2008, mysterious+island+1961, the+last+starfighter+1984, that+was+then...+this+is+now+1985, the+avengers+2012, the+pumaman+1980, old+yeller+1957, iron+man+3+2013, the+old+man+and+the+sea+1958, megaforce+1982, shopping+1994, iceman+1984, frank+herberts+dune+2000, the+astronaut+farmer+2006, 20_000+leagues+under+the+sea+1916, another+earth+2011, beyond+the+sea+2004, battle+for+terra+2007, 223 ms"
"2022-02-08T19:26:37.511196,95700,recommendation request 17645-team17.isri.cmu.edu:8082, status 200, result: arranged+2007, top+secret+1984, p.s.+2004, a+goofy+movie+1995, son+of+the+mask+2005, maze+2000, vision+quest+1985, freaky+friday+1976, a+little+princess+1995, forrest+gump+1994, big+trouble+2002, moving+1988, love+story+1970, blood_+guts_+bullets+and+octane+1998, masterminds+1997, the+witches+of+eastwick+1987, patriot+games+1992, topper+1937, the+brothers+2001, free+willy+3+the+rescue+1997, 450 ms"
"2022-02-08T19:26:37.529266,4556,recommendation request 17645-team17.isri.cmu.edu:8082, status 200, result: the+three+brothers+1995, criminal+law+1988, funny+felix+2000, agnes+of+god+1985, picture+perfect+1997, mary+poppins+1964, sling+blade+1996, the+lucky+ones+2008, an+amazing+couple+2002, wintersleepers+1997, a+family+thing+1996, freaky+friday+1976, lifeboat+1944, psycho+1998, iris+2001, the+italian+2010, dry+cleaning+1997, the+reader+2008, the+mighty+1998, full+speed+1996, 473 ms"
"2022-02-08T19:26:37.703460,11977,recommendation request 17645-team17.isri.cmu.edu:8082, status 200, result: cry+freedom+1987, bill+cosby+himself+1983, rollerball+1975, jesus+christ+superstar+1973, p.s.+2004, pajama+party+1964, the+other+side+of+the+mountain+1975, maze+2000, snow+dogs+2002, northfork+2003, freaky+friday+1976, dick+tracy+1990, taxi+2004, the+island+1980, planet+of+the+apes+2001, this+property+is+condemned+1966, the+brothers+2001, bhaji+on+the+beach+1994, beyond+the+sea+2004, an+education+2009, 637 ms"
"2022-02-08T19:26:37.696221,32246,recommendation request 17645-team17.isri.cmu.edu:8082, status 200, result: criminal+law+1988, and+now...+ladies+and+gentlemen...+2002, the+five+senses+1999, intersection+1994, all+the+mornings+of+the+world+1991, an+amazing+couple+2002, the+last+laugh+1924, z+1969, forrest+gump+1994, another+earth+2011, shes+having+a+baby+1988, mobsters+1991, island+2011, of+human+bondage+1934, carefree+1938, made+of+honor+2008, the+last+command+1928, d.a.r.y.l.+1985, blue+chips+1994, l.i.e.+2001, 606 ms"
"2022-02-08T19:26:37.740838,215831,recommendation request 17645-team17.isri.cmu.edu:8082, status 200, result: agnes+of+god+1985, my+man+godfrey+1957, the+proprietor+1996, ed+1996, p.s.+2004, little+secrets+2001, mackennas+gold+1969, one+little+indian+1973, light+it+up+1999, nims+island+2008, lifeboat+1944, geronimo+an+american+legend+1993, island+2011, conan+the+barbarian+1982, return+to+the+blue+lagoon+1991, ali+2001, hook+1991, above+the+law+1988, spasmo+1974, dungeons++dragons+2000, 681 ms"
"2022-02-08T19:26:37.748289,134797,recommendation request 17645-team17.isri.cmu.edu:8082, status 200, result: man+of+the+year+2006, p.s.+2004, cookie+1989, missing+1982, courage+under+fire+1996, fast++furious+6+2013, nighthawks+1981, the+letter+1940, one+eight+seven+1997, masterminds+1997, the+wizard+1989, serial+1980, island+2011, m.+butterfly+1993, flowers+in+the+attic+1987, above+the+law+1988, 7+seconds+2005, dark+passage+1947, hopscotch+1980, spasmo+1974, 616 ms"
"2022-02-08T19:26:38.689673,230126,recommendation request 17645-team17.isri.cmu.edu:8082, status 200, result: eyewitness+1981, rollerball+1975, coldblooded+1995, frenzy+1972, true+crime+1996, rambo+first+blood+part+ii+1985, code+of+silence+1985, vision+quest+1985, a+little+princess+1995, dumb+and+dumber+to+2014, the+witches+of+eastwick+1987, phoenix+1998, planet+of+the+apes+2001, modesty+blaise+1966, the+hot+spot+1990, hopscotch+1980, today+you+die+2005, spasmo+1974, hall+pass+2011, they+made+me+a+criminal+1939, 428 ms"
"2022-02-08T19:26:38.716952,141313,recommendation request 17645-team17.isri.cmu.edu:8082, status 200, result: american+virgin+2000, cry+freedom+1987, rollerball+1975, baadasssss+2004, notting+hill+1999, missing+1982, p.s.+2004, true+crime+1996, maze+2000, incognito+1997, premium+rush+2012, one+eight+seven+1997, phoenix+1998, planet+of+the+apes+2001, the+brothers+2001, albatross+2011, my+beautiful+laundrette+1985, white+palace+1990, rush+hour+3+2007, island+2011, 466 ms"
"2022-02-08T19:26:38.747928,292411,recommendation request 17645-team17.isri.cmu.edu:8082, status 200, result: curdled+1996, drop+zone+1994, top+secret+1984, the+conspiracy+2012, p.s.+2004, the+addams+family+1991, maze+2000, light+it+up+1999, without+a+paddle+2004, detective+story+1951, a+little+princess+1995, blacula+1972, a+shock+to+the+system+1990, wake+of+death+2004, patriot+games+1992, the+brothers+2001, working+girl+1988, junebug+2005, changing+lanes+2002, the+hitch-hiker+1953, 477 ms"
"2022-02-08T19:26:38.780294,11368,recommendation request 17645-team17.isri.cmu.edu:8082, status 200, result: drop+zone+1994, rollerball+1975, the+bounty+1984, the+last+of+the+mohicans+1992, the+errand+boy+1961, hollow+man+2000, how+i+won+the+war+1967, snow+dogs+2002, 633+squadron+1964, harem+1985, planet+of+the+apes+2001, serial+1980, touch+of+evil+1958, from+here+to+eternity+1953, the+women+2008, his+girl+friday+1940, dark+passage+1947, today+you+die+2005, come+see+the+paradise+1990, hall+pass+2011, 501 ms"
"2022-02-08T19:26:38.772702,268348,recommendation request 17645-team17.isri.cmu.edu:8082, status 200, result: wreck-it+ralph+2012, rollerball+1975, the+gauntlet+1977, star+wars+episode+iii+-+revenge+of+the+sith+2005, the+promise+2005, walle+2008, the+aristocats+1970, fuck+2005, detective+story+1951, one+man+band+2005, planet+of+the+apes+2001, the+yakuza+1974, the+client+1994, fabled+2002, another+earth+2011, beyond+the+sea+2004, island+2011, the+brave+one+2007, lifted+2006, leprechaun+2+1994, 483 ms"
"2022-02-08T19:26:39.275440,22602,recommendation request 17645-team17.isri.cmu.edu:8082, status 200, result: the+perfect+score+2004, black+beauty+1994, cry+freedom+1987, bon+cop+bad+cop+2006, the+avengers+1998, rio+2+2014, viva+zapata+1952, family+plot+1976, frenzy+1972, true+crime+1996, barbarosa+1982, the+aristocats+1970, incognito+1997, detective+story+1951, dick+tracy+1990, bad+girls+1994, the+island+1980, analyze+that+2002, gone+in+sixty+seconds+2000, the+horse+soldiers+1959, 242 ms"
"2022-02-08T19:26:39.411940,184288,recommendation request 17645-team17.isri.cmu.edu:8082, status 200, result: the+parent+trap+1998, the+five+senses+1999, the+avengers+1998, rollerball+1975, raging+bull+1980, star+wars+episode+iii+-+revenge+of+the+sith+2005, courage+under+fire+1996, the+country+bears+2002, snow+dogs+2002, edward+scissorhands+1990, incognito+1997, the+verdict+1982, analyze+that+2002, planet+of+the+apes+2001, junebug+2005, island+2011, the+brave+one+2007, from+here+to+eternity+1953, ali+2001, conan+the+barbarian+1982, 360 ms"
"2022-02-08T19:26:40.430412,103530,recommendation request 17645-team17.isri.cmu.edu:8082, status 200, result: drop+zone+1994, rollerball+1975, top+secret+1984, robot+stories+2003, sleepers+1996, p.s.+2004, cookie+1989, the+addams+family+1991, without+a+paddle+2004, northfork+2003, a+little+princess+1995, wake+of+death+2004, planet+of+the+apes+2001, the+client+1994, the+mighty+1998, running+scared+1986, desk+set+1957, out+to+sea+1997, changing+lanes+2002, happy_+texas+1999, 369 ms"
"2022-02-08T19:26:40.440071,187266,recommendation request 17645-team17.isri.cmu.edu:8082, status 200, result: eyewitness+1981, drop+zone+1994, the+last+of+the+mohicans+1992, red+dawn+1984, mutiny+on+the+bounty+1962, how+i+won+the+war+1967, lethal+weapon+3+1992, a+time+to+kill+1996, die+another+day+2002, without+a+paddle+2004, chronicle+2012, the+letter+1940, harem+1985, the+saint+1997, patriot+games+1992, the+matrix+revolutions+2003, changing+lanes+2002, the+brave+one+2007, the+fury+1978, predator+1987, 352 ms"
"2022-02-08T19:26:41.345289,183354,recommendation request 17645-team17.isri.cmu.edu:8082, status 400, result: movie 1 not found, 248 ms"
"2022-02-08T19:26:41.332436,200906,recommendation request 17645-team17.isri.cmu.edu:8082, status 200, result: dead+of+winter+1987, mickeys+once+upon+a+christmas+1999, dreamgirls+2006, lockout+2012, intersection+1994, the+conspiracy+2012, the+amazing+spider-man+2012, the+golden+voyage+of+sinbad+1973, the+next+three+days+2010, loving+you+1957, light+it+up+1999, premium+rush+2012, fuck+2005, bellflower+2011, chicken+run+2000, taxi+2004, apocalypto+2006, masterminds+1997, phoenix+1998, the+poughkeepsie+tapes+2007, 257 ms"
"2022-02-08T19:26:42.448413,121890,recommendation request 17645-team17.isri.cmu.edu:8082, status 200, result: forbidden+zone+1980, melody+time+1948, a+goofy+movie+1995, p.s.+2004, the+aristocats+1970, detective+story+1951, inception+2010, saludos+amigos+1942, north+1994, an+american+carol+2008, the+art+of+war+2000, jennifer+eight+1992, rescue+dawn+2006, sucker+punch+2011, patton+1970, silverado+1985, holiday+1938, get+real+1998, captain+horatio+hornblower+r.n.+1951, beyond+the+poseidon+adventure+1979, 373 ms"
"2022-02-08T19:26:42.468906,182009,recommendation request 17645-team17.isri.cmu.edu:8082, status 200, result: drop+zone+1994, robot+stories+2003, p.s.+2004, a+goofy+movie+1995, maze+2000, light+it+up+1999, without+a+paddle+2004, freaky+friday+1976, vision+quest+1985, the+virgin+suicides+1999, a+little+princess+1995, the+witches+of+eastwick+1987, the+saint+1997, wake+of+death+2004, the+brothers+2001, for+keeps+1988, the+matrix+revolutions+2003, changing+lanes+2002, crush+2001, the+brave+one+2007, 406 ms"
"2022-02-08T19:26:42.633894,242025,recommendation request 17645-team17.isri.cmu.edu:8082, status 200, result: black+beauty+1994, rollerball+1975, top+secret+1984, ed+1996, barbarosa+1982, the+addams+family+1991, light+it+up+1999, freaky+friday+1976, a+little+princess+1995, northfork+2003, gumby+the+movie+1995, guilty+as+sin+1993, planet+of+the+apes+2001, the+wizard+1989, dugs+special+mission+2009, ratatouille+2007, cars+2006, the+desert+rats+1953, benji+1974, the+gnome-mobile+1967, 544 ms"
"2022-02-08T19:26:42.635397,180094,recommendation request 17645-team17.isri.cmu.edu:8082, status 200, result: drop+zone+1994, rollerball+1975, top+secret+1984, my+man+godfrey+1957, 8+seconds+1994, ed+1996, star+wars+episode+iii+-+revenge+of+the+sith+2005, all+the+mornings+of+the+world+1991, light+it+up+1999, the+addams+family+1991, a+little+princess+1995, birdy+1984, a+shock+to+the+system+1990, the+saint+1997, planet+of+the+apes+2001, lady+chatterley+2006, harem+1985, a+man+and+a+woman+1966, full+speed+1996, desk+set+1957, 555 ms"
"2022-02-08T19:26:42.635369,126712,recommendation request 17645-team17.isri.cmu.edu:8082, status 200, result: the+cat+in+the+hat+2003, mickeys+once+upon+a+christmas+1999, rollerball+1975, rio+bravo+1959, ed+1996, the+conspiracy+2012, childs+play+3+1991, star+wars+episode+iii+-+revenge+of+the+sith+2005, barbarosa+1982, psycho+1998, chicken+run+2000, planet+of+the+apes+2001, jaws+3-d+1983, how+the+grinch+stole+christmas+2000, jurassic+park+1993, the+serpent+and+the+rainbow+1988, hook+1991, 7+seconds+2005, cry_wolf+2005, bulletproof+1996, 547 ms"
"2022-02-08T19:26:43.453127,224449,recommendation request 17645-team17.isri.cmu.edu:8082, status 400, result: movie 1 not found, 283 ms"
"2022-02-08T19:26:43.508148,266916,recommendation request 17645-team17.isri.cmu.edu:8082, status 200, result: drop+zone+1994, murder+by+numbers+2002, the+phantom+1996, undercover+brother+2002, without+a+paddle+2004, uncommon+valor+1983, dick+tracy+1990, paul+2011, dont+say+a+word+2001, striptease+1996, johnny+english+2003, the+letter+1940, star+wars+1977, flight+of+the+intruder+1991, nothing+to+lose+1997, frantic+1988, changing+lanes+2002, sonny+2002, double+take+2001, the+roaring+twenties+1939, 412 ms"
"2022-02-08T19:26:43.550512,208393,recommendation request 17645-team17.isri.cmu.edu:8082, status 200, result: the+house+of+yes+1997, 8+seconds+1994, p.s.+2004, the+other+side+of+the+mountain+1975, maze+2000, light+it+up+1999, nine+queens+2000, ice+castles+1978, casper+1995, one+eight+seven+1997, the+brothers+2001, still+bill+2010, the+mighty+1998, jurassic+park+1993, bottle+rocket+1996, juice+1992, crush+2001, from+here+to+eternity+1953, ali+2001, the+women+2008, 403 ms"
"2022-02-08T19:26:44.464993,167037,recommendation request 17645-team17.isri.cmu.edu:8082, status 200, result: the+glimmer+man+1996, drop+zone+1994, rollerball+1975, my+man+godfrey+1957, 8+seconds+1994, ed+1996, star+wars+episode+iii+-+revenge+of+the+sith+2005, the+high+and+the+mighty+1954, all+the+mornings+of+the+world+1991, barbarosa+1982, lethal+weapon+3+1992, without+a+paddle+2004, a+shock+to+the+system+1990, lionheart+1990, wake+of+death+2004, planet+of+the+apes+2001, lady+chatterley+2006, a+man+and+a+woman+1966, full+speed+1996, desk+set+1957, 453 ms"
"2022-02-08T19:26:44.566612,38072,recommendation request 17645-team17.isri.cmu.edu:8082, status 200, result: curdled+1996, how+i+won+the+war+1967, deep+rising+1998, barbarosa+1982, the+other+side+of+the+mountain+1975, vision+quest+1985, northfork+2003, a+little+princess+1995, cabin+boy+1994, ice+castles+1978, highlander+the+search+for+vengeance+2007, the+witches+of+eastwick+1987, guilty+as+sin+1993, company+man+2000, the+hitch-hiker+1953, mobsters+1991, from+here+to+eternity+1953, ali+2001, tank+girl+1995, hook+1991, 476 ms"
"2022-02-08T19:26:44.340204,277116,recommendation request 17645-team17.isri.cmu.edu:8082, status 200, result: replicant+2001, gleaming+the+cube+1989, drop+zone+1994, rollerball+1975, the+avengers+1998, incognito+1997, lifeboat+1944, grand+canyon+1991, the+verdict+1982, analyze+that+2002, mobsters+1991, the+brave+one+2007, conan+the+barbarian+1982, above+the+law+1988, airport+1975+1974, dungeons++dragons+2000, bulletproof+1996, u-571+2000, fire+down+below+1997, captain+america+the+winter+soldier+2014, 333 ms"
"2022-02-08T19:26:44.487722,136561,recommendation request 17645-team17.isri.cmu.edu:8082, status 200, result: narc+2002, black+beauty+1994, drop+zone+1994, switchback+1997, barbershop+2002, the+last+of+the+mohicans+1992, 633+squadron+1964, without+a+paddle+2004, nims+island+2008, inception+2010, a+little+princess+1995, another+thin+man+1939, the+blue+max+1966, the+water+horse+2007, jurassic+park+1993, the+chronicles+of+narnia+the+voyage+of+the+dawn+treader+2010, the+house+on+sorority+row+1983, serial+1980, changing+lanes+2002, hook+1991, 419 ms"
"2022-02-08T19:26:44.576343,69213,recommendation request 17645-team17.isri.cmu.edu:8082, status 200, result: shampoo+1975, about+last+night...+1986, ed+1996, p.s.+2004, maze+2000, splash+1984, casper+1995, jurassic+park+1993, desk+set+1957, out+to+sea+1997, junebug+2005, the+truman+show+1998, crush+2001, serial+1980, ever+after+a+cinderella+story+1998, side+out+1990, hook+1991, my+one+and+only+2009, dugs+special+mission+2009, ratatouille+2007, 506 ms"
"2022-02-08T19:26:45.500879,298402,recommendation request 17645-team17.isri.cmu.edu:8082, status 200, result: rollerball+1975, the+bounty+1984, the+longest+day+1962, it+the+terror+from+beyond+space+1958, lockout+2012, star+wars+episode+iii+-+revenge+of+the+sith+2005, carnosaur+2+1995, nothing+to+lose+1994, it+came+from+outer+space+1953, detective+story+1951, lifeboat+1944, grand+illusion+1937, haywire+2011, the+great+escape+1963, planet+of+the+apes+2001, in+harms+way+1965, juice+1992, the+living+daylights+1987, mobsters+1991, scarface+1932, 398 ms"
"2022-02-08T19:26:45.524875,301270,recommendation request 17645-team17.isri.cmu.edu:8082, status 200, result: american+virgin+2000, curdled+1996, arranged+2007, the+five+senses+1999, the+avengers+1998, dark+city+1950, intersection+1994, 8+seconds+1994, the+proprietor+1996, rollerball+1975, incognito+1997, the+pompatus+of+love+1996, moving+1988, love+story+1970, analyze+that+2002, the+truman+show+1998, american+psycho+2+all+american+girl+2002, crush+2001, the+brave+one+2007, island+2011, 414 ms"
"2022-02-08T19:26:46.414461,222186,recommendation request 17645-team17.isri.cmu.edu:8082, status 200, result: cry+freedom+1987, bill+cosby+himself+1983, about+last+night...+1986, mickeys+once+upon+a+christmas+1999, the+conspiracy+2012, p.s.+2004, easy+come_+easy+go+1967, maze+2000, chicken+run+2000, the+island+1980, the+yakuza+1974, the+brothers+2001, the+client+1994, shes+having+a+baby+1988, look+whos+talking+too+1990, crush+2001, side+out+1990, above+the+law+1988, beyond+therapy+1987, untitled+2009, 304 ms"
"2022-02-08T19:26:46.491341,144058,recommendation request 17645-team17.isri.cmu.edu:8082, status 200, result: drop+zone+1994, cry+freedom+1987, mary+poppins+1964, the+snowman+1982, notting+hill+1999, a+goofy+movie+1995, p.s.+2004, big+hero+6+2014, maze+2000, the+addams+family+1991, without+a+paddle+2004, freaky+friday+1976, a+little+princess+1995, forrest+gump+1994, bean+1997, love+story+1970, wake+of+death+2004, the+brothers+2001, my+beautiful+laundrette+1985, changing+lanes+2002, 408 ms"
"2022-02-08T19:26:46.523768,143849,recommendation request 17645-team17.isri.cmu.edu:8082, status 200, result: drop+zone+1994, mickeys+once+upon+a+christmas+1999, rollerball+1975, the+snowman+1982, road+to+morocco+1942, son+of+the+mask+2005, big+hero+6+2014, maze+2000, without+a+paddle+2004, caveman+1981, nims+island+2008, spy+kids+3-d+game+over+2003, chicken+run+2000, where+the+heart+is+2000, planet+of+the+apes+2001, a+patch+of+blue+1965, the+matrix+revolutions+2003, battle+for+terra+2007, changing+lanes+2002, waiting+to+exhale+1995, 371 ms"
"2022-02-08T19:26:47.343736,126417,recommendation request 17645-team17.isri.cmu.edu:8082, status 200, result: wreck-it+ralph+2012, intersection+1994, cazuza+time+doesnt+stop+2004, a+goofy+movie+1995, loving+you+1957, crossroads+2002, mackennas+gold+1969, nothing+to+lose+1994, behind+the+sun+2001, analyze+this+1999, moving+1988, planet+of+the+apes+2001, my+fair+lady+1964, return+to+the+blue+lagoon+1991, ali+2001, a+place+in+the+sun+1951, the+idolmaker+1980, they+made+me+a+criminal+1939, holiday+1938, the+house+of+sand+2005, 263 ms"
"2022-02-08T19:26:47.349868,40762,recommendation request 17645-team17.isri.cmu.edu:8082, status 200, result: the+cat+in+the+hat+2003, suburban+commando+1991, the+longest+day+1962, ed+1996, the+country+bears+2002, snow+dogs+2002, big+hero+6+2014, lifeboat+1944, grand+illusion+1937, c.h.o.m.p.s.+1979, beyond+the+sea+2004, jurassic+park+1993, shes+having+a+baby+1988, in+harms+way+1965, hook+1991, bingo+1991, ratatouille+2007, chicken+little+2005, spaced+invaders+1990, shrek+the+third+2007, 260 ms"
"2022-02-08T19:26:48.443340,201106,recommendation request 17645-team17.isri.cmu.edu:8082, status 200, result: the+three+brothers+1995, sleepers+1996, the+house+of+yes+1997, sling+blade+1996, fly+me+to+the+moon+2012, light+it+up+1999, fuck+2005, dick+tracy+1990, paul+2011, fulltime+killer+2001, johnny+english+2003, in+too+deep+1999, hackers+1995, the+mighty+1998, junebug+2005, from+the+hip+1987, my+one+and+only+2009, breakfast+on+pluto+2005, bulletproof+1996, my+life+in+pink+1997, 412 ms"
"2022-02-08T19:26:48.476376,104023,recommendation request 17645-team17.isri.cmu.edu:8082, status 200, result: rollerball+1975, the+dresser+1983, boarding+gate+2007, blue+crush+2002, a+goofy+movie+1995, analyze+this+1999, the+closet+2001, dead+of+night+1945, freaky+friday+1976, moving+1988, wake+of+death+2004, planet+of+the+apes+2001, albatross+2011, six+weeks+1982, above+the+law+1988, i+know+who+killed+me+2007, hopscotch+1980, the+emperors+new+groove+2000, boys+town+1938, today+you+die+2005, 383 ms"
"2022-02-08T19:26:48.336671,158446,recommendation request 17645-team17.isri.cmu.edu:8082, status 200, result: the+five+senses+1999, the+spanish+apartment+2002, and+now...+ladies+and+gentlemen...+2002, dreamgirls+2006, family+plot+1976, senna+2010, frenzy+1972, p.s.+2004, maze+2000, a+family+thing+1996, birdy+1984, sex+and+the+city+2008, dont+say+a+word+2001, nighthawks+1981, the+island+1980, harem+1985, joy+ride+2001, the+wizard+1989, the+brothers+2001, albatross+2011, 311 ms"
"2022-02-08T19:26:48.463874,23624,recommendation request 17645-team17.isri.cmu.edu:8082, status 200, result: eyewitness+1981, curdled+1996, drop+zone+1994, the+last+of+the+mohicans+1992, the+red+shoes+1948, 8+seconds+1994, the+longest+day+1962, rambo+first+blood+part+ii+1985, 633+squadron+1964, the+letter+1940, masterminds+1997, the+saint+1997, money+train+1995, gone+in+sixty+seconds+2000, lady+chatterley+2006, a+man+and+a+woman+1966, full+speed+1996, modesty+blaise+1966, changing+lanes+2002, the+hitch-hiker+1953, 423 ms"
"2022-02-08T19:26:49.352128,218379,recommendation request 17645-team17.isri.cmu.edu:8082, status 200, result: intersection+1994, the+snowman+1982, p.s.+2004, gods+not+dead+2014, father+of+the+bride+1991, nims+island+2008, dick+tracy+1990, casper+1995, apocalypto+2006, the+saint+1997, gone+in+sixty+seconds+2000, the+matrix+revolutions+2003, jurassic+park+1993, serial+1980, shes+having+a+baby+1988, the+brave+one+2007, hook+1991, starship+troopers+1997, shrek+the+third+2007, benji+1974, 338 ms"
"2022-02-08T19:26:49.392512,199313,recommendation request 17645-team17.isri.cmu.edu:8082, status 200, result: mickeys+once+upon+a+christmas+1999, rollerball+1975, the+house+of+yes+1997, star+wars+episode+iii+-+revenge+of+the+sith+2005, a+goofy+movie+1995, p.s.+2004, maze+2000, freaky+friday+1976, detective+story+1951, gumby+the+movie+1995, casper+1995, phoenix+1998, malice+1993, planet+of+the+apes+2001, the+brothers+2001, happy+together+1997, jurassic+park+1993, the+mighty+1998, junebug+2005, crush+2001, 359 ms"
"2022-02-08T19:26:49.359367,40142,recommendation request 17645-team17.isri.cmu.edu:8082, status 200, result: rio+2+2014, forbidden+zone+1980, p.s.+2004, loving+you+1957, the+other+side+of+the+mountain+1975, maze+2000, father+of+the+bride+1991, sex+and+the+city+2008, the+blue+max+1966, planet+of+the+apes+2001, the+brothers+2001, beneath+the+planet+of+the+apes+1970, the+truman+show+1998, serial+1980, out+to+sea+1997, warriors+of+heaven+and+earth+2003, crush+2001, azumi+2003, an+american+carol+2008, blood+and+sand+1989, 344 ms"
"2022-02-08T19:26:50.413437,216464,recommendation request 17645-team17.isri.cmu.edu:8082, status 200, result: arranged+2007, about+last+night...+1986, the+westerner+1940, the+errand+boy+1961, p.s.+2004, barbarosa+1982, maze+2000, incognito+1997, dont+tell+her+its+me+1990, cabin+boy+1994, forrest+gump+1994, tap+1989, the+letter+1940, phoenix+1998, dead+reckoning+1947, the+brothers+2001, the+mighty+1998, shes+having+a+baby+1988, crush+2001, the+women+2008, 336 ms"
"2022-02-08T19:26:50.569247,75943,recommendation request 17645-team17.isri.cmu.edu:8082, status 200, result: black+beauty+1994, drop+zone+1994, top+secret+1984, dont+move+2004, frenzy+1972, barbarosa+1982, light+it+up+1999, the+addams+family+1991, the+andromeda+strain+1971, without+a+paddle+2004, a+little+princess+1995, psycho+1998, the+island+1980, wake+of+death+2004, the+mighty+1998, desk+set+1957, changing+lanes+2002, out+to+sea+1997, side+out+1990, above+the+law+1988, 462 ms"
"2022-02-08T19:26:50.569149,155693,recommendation request 17645-team17.isri.cmu.edu:8082, status 200, result: the+glimmer+man+1996, the+five+senses+1999, intersection+1994, raging+bull+1980, light+it+up+1999, pitch+black+2000, the+comancheros+1961, junebug+2005, island+2011, burnt+offerings+1976, millions+2005, above+the+law+1988, my+one+and+only+2009, spasmo+1974, terminator+2+judgment+day+1991, they+made+me+a+criminal+1939, s.+darko+2009, fire+down+below+1997, rocky+1976, blue+chips+1994, 487 ms"
"2022-02-08T19:26:50.700286,304842,recommendation request 17645-team17.isri.cmu.edu:8082, status 200, result: barbershop+2002, the+dresser+1983, ed+1996, a+goofy+movie+1995, the+other+side+of+the+mountain+1975, 633+squadron+1964, freaky+friday+1976, birdy+1984, lifeboat+1944, z+1969, ice+castles+1978, grand+illusion+1937, another+thin+man+1939, heavens+gate+1980, the+verdict+1982, casper+1995, gunner+palace+2004, albatross+2011, jurassic+park+1993, bottle+rocket+1996, 561 ms"
"2022-02-08T19:26:50.725514,273524,recommendation request 17645-team17.isri.cmu.edu:8082, status 200, result: drop+zone+1994, switchback+1997, six+pack+1982, the+amazing+spider-man+2012, the+golden+voyage+of+sinbad+1973, light+it+up+1999, bellflower+2011, masterminds+1997, paparazzi+2004, beneath+the+planet+of+the+apes+1970, above+the+law+1988, made+of+honor+2008, today+you+die+2005, rumble+fish+1983, ruby++quentin+2003, escape+from+the+planet+of+the+apes+1971, bulletproof+1996, holiday+1938, old+gringo+1989, the+allnighter+1987, 570 ms"
"2022-02-08T19:26:50.723862,248991,recommendation request 17645-team17.isri.cmu.edu:8082, status 200, result: shampoo+1975, the+magician+1958, barbershop+2002, the+house+of+yes+1997, punchline+1988, through+a+glass+darkly+1961, frenzy+1972, true+crime+1996, spirit+stallion+of+the+cimarron+2002, smiles+of+a+summer+night+1955, detective+story+1951, the+godfather+part+iii+1990, pitch+black+2000, another+thin+man+1939, the+mighty+1998, junebug+2005, the+passion+of+anna+1969, island+2011, some+days+are+better+than+others+2011, heartbreakers+2001, 579 ms"
"2022-02-08T19:26:51.422670,67219,recommendation request 17645-team17.isri.cmu.edu:8082, status 200, result: eyewitness+1981, six+pack+1982, the+last+of+the+mohicans+1992, mary+poppins+1964, courage+under+fire+1996, rambo+first+blood+part+ii+1985, vision+quest+1985, a+little+princess+1995, gumby+the+movie+1995, the+witches+of+eastwick+1987, for+keeps+1988, desk+set+1957, island+2011, from+here+to+eternity+1953, the+incredible+hulk+2008, side+out+1990, today+you+die+2005, little+murders+1971, no+mercy+1986, get+real+1998, 362 ms"
"2022-02-08T19:26:51.699230,300981,recommendation request 17645-team17.isri.cmu.edu:8082, status 200, result: eyewitness+1981, drop+zone+1994, barbershop+2002, doc+hollywood+1991, sling+blade+1996, lethal+weapon+3+1992, without+a+paddle+2004, the+brothers+mcmullen+1995, another+thin+man+1939, private+parts+1972, wake+of+death+2004, malice+1993, company+man+2000, the+mighty+1998, desk+set+1957, changing+lanes+2002, out+to+sea+1997, hopscotch+1980, juno+2007, today+you+die+2005, 632 ms"
"2022-02-08T19:26:51.699286,116872,recommendation request 17645-team17.isri.cmu.edu:8082, status 200, result: the+cat+in+the+hat+2003, cry+freedom+1987, drop+zone+1994, top+secret+1984, rollerball+1975, my+man+godfrey+1957, ed+1996, family+plot+1976, star+wars+episode+iii+-+revenge+of+the+sith+2005, a+goofy+movie+1995, frenzy+1972, the+addams+family+1991, without+a+paddle+2004, in+the+line+of+fire+1993, a+little+princess+1995, dead+reckoning+1947, wake+of+death+2004, malice+1993, planet+of+the+apes+2001, opportunity+knocks+1990, 596 ms"
"2022-02-08T19:26:51.711582,264414,recommendation request 17645-team17.isri.cmu.edu:8082, status 200, result: cry+freedom+1987, rollerball+1975, man+of+the+year+2006, the+longest+day+1962, the+snowman+1982, lifeboat+1944, grand+illusion+1937, the+island+1980, beneath+the+planet+of+the+apes+1970, jurassic+park+1993, kull+the+conqueror+1997, in+harms+way+1965, from+dusk+till+dawn+1996, conan+the+barbarian+1982, bridesmaids+2011, 7+seconds+2005, rumble+fish+1983, escape+from+the+planet+of+the+apes+1971, airport+1975+1974, dungeons++dragons+2000, 645 ms"
"2022-02-08T19:26:51.735459,74817,recommendation request 17645-team17.isri.cmu.edu:8082, status 200, result: eyewitness+1981, coldblooded+1995, the+last+of+the+mohicans+1992, major+league+ii+1994, p.s.+2004, son+of+the+mask+2005, dumb+and+dumber+to+2014, moving+1988, the+letter+1940, guilty+as+sin+1993, patriot+games+1992, topper+1937, gravity+2013, for+keeps+1988, juice+1992, from+here+to+eternity+1953, the+women+2008, side+out+1990, breakdown+1997, above+the+law+1988, 621 ms"
"2022-02-08T19:26:51.718213,241995,recommendation request 17645-team17.isri.cmu.edu:8082, status 200, result: replicant+2001, the+five+senses+1999, the+magician+1958, about+last+night...+1986, 8+seconds+1994, the+proprietor+1996, p.s.+2004, cookie+1989, through+a+glass+darkly+1961, 633+squadron+1964, smiles+of+a+summer+night+1955, maze+2000, northfork+2003, lifeboat+1944, z+1969, grand+illusion+1937, heavens+gate+1980, wake+of+death+2004, topper+1937, a+man+and+a+woman+1966, 615 ms"
"2022-02-08T19:26:52.503139,45607,recommendation request 17645-team17.isri.cmu.edu:8082, status 200, result: shampoo+1975, cry+freedom+1987, drop+zone+1994, switchback+1997, the+million+dollar+hotel+2000, the+gauntlet+1977, the+last+of+the+mohicans+1992, dont+move+2004, the+other+side+of+the+mountain+1975, fuck+2005, inception+2010, random+hearts+1999, the+island+1980, the+blue+max+1966, planet+of+the+apes+2001, beneath+the+planet+of+the+apes+1970, juice+1992, conan+the+barbarian+1982, texasville+1990, rumble+fish+1983, 478 ms"
"2022-02-08T19:26:52.453652,259563,recommendation request 17645-team17.isri.cmu.edu:8082, status 200, result: the+cat+in+the+hat+2003, the+avengers+1998, ed+1996, throw+momma+from+the+train+1987, cookie+1989, the+other+side+of+the+mountain+1975, incognito+1997, the+brothers+mcmullen+1995, casper+1995, analyze+that+2002, planet+of+the+apes+2001, the+matrix+revolutions+2003, jurassic+park+1993, the+triumph+of+love+2001, shes+having+a+baby+1988, the+brave+one+2007, conan+the+barbarian+1982, class+1983, hook+1991, juno+2007, 434 ms"
"2022-02-08T19:26:52.610726,270660,recommendation request 17645-team17.isri.cmu.edu:8082, status 200, result: cry+freedom+1987, the+five+senses+1999, the+dresser+1983, 8+seconds+1994, the+proprietor+1996, leaving+normal+1992, doc+hollywood+1991, missing+1982, mystery_+alaska+1999, spirit+stallion+of+the+cimarron+2002, father+of+the+bride+1991, cabin+boy+1994, the+letter+1940, one+eight+seven+1997, guilty+as+sin+1993, albatross+2011, serial+1980, island+2011, six+weeks+1982, rushmore+1998, 566 ms"
"2022-02-08T19:26:52.611659,140268,recommendation request 17645-team17.isri.cmu.edu:8082, status 200, result: gleaming+the+cube+1989, drop+zone+1994, lockout+2012, p.s.+2004, maze+2000, without+a+paddle+2004, fuck+2005, the+brothers+mcmullen+1995, haywire+2011, psycho+1998, ploy+2007, grand+canyon+1991, the+verdict+1982, wake+of+death+2004, the+brothers+2001, albatross+2011, changing+lanes+2002, warriors+of+heaven+and+earth+2003, crush+2001, the+skin+game+1931, 534 ms"
"2022-02-08T19:26:52.610834,9846,recommendation request 17645-team17.isri.cmu.edu:8082, status 200, result: white+men+cant+jump+1992, the+five+senses+1999, about+last+night...+1986, men+cry+bullets+1998, raging+bull+1980, doc+hollywood+1991, p.s.+2004, all+the+mornings+of+the+world+1991, maze+2000, birdy+1984, the+company+men+2010, holy+motors+2012, harem+1985, company+man+2000, patriot+games+1992, gravity+2013, a+man+and+a+woman+1966, junebug+2005, juice+1992, crush+2001, 522 ms"
"2022-02-08T19:26:53.428875,34310,recommendation request 17645-team17.isri.cmu.edu:8082, status 200, result: the+five+senses+1999, and+now...+ladies+and+gentlemen...+2002, robot+stories+2003, family+plot+1976, frenzy+1972, true+crime+1996, streets+of+fire+1984, light+it+up+1999, dick+tracy+1990, big+trouble+2002, the+letter+1940, lionheart+1990, the+island+1980, wake+of+death+2004, gone+in+sixty+seconds+2000, fabled+2002, planet+of+the+apes+2001, warriors+of+heaven+and+earth+2003, island+2011, m.+butterfly+1993, 350 ms"
"2022-02-08T19:26:53.403767,255779,recommendation request 17645-team17.isri.cmu.edu:8082, status 200, result: murder+by+numbers+2002, the+last+of+the+mohicans+1992, the+longest+day+1962, a+goofy+movie+1995, k-9+1989, 633+squadron+1964, vision+quest+1985, freaky+friday+1976, a+little+princess+1995, striptease+1996, the+witches+of+eastwick+1987, the+letter+1940, the+island+1980, superman+returns+2006, shrek+the+halls+2007, sonny+2002, mobsters+1991, the+roaring+twenties+1939, battle+of+britain+1969, all+quiet+on+the+western+front+1930, 361 ms"
"2022-02-08T19:26:53.457824,300619,recommendation request 17645-team17.isri.cmu.edu:8082, status 200, result: the+cat+in+the+hat+2003, cry+freedom+1987, drop+zone+1994, top+secret+1984, rollerball+1975, ed+1996, 8+seconds+1994, family+plot+1976, frenzy+1972, the+other+side+of+the+mountain+1975, the+addams+family+1991, without+a+paddle+2004, father+of+the+bride+1991, a+little+princess+1995, cabin+boy+1994, wake+of+death+2004, planet+of+the+apes+2001, opportunity+knocks+1990, how+the+grinch+stole+christmas+2000, running+scared+1986, 430 ms"
"2022-02-08T19:26:54.780117,128545,recommendation request 17645-team17.isri.cmu.edu:8082, status 200, result: gleaming+the+cube+1989, cry+freedom+1987, picture+perfect+1997, p.s.+2004, streets+of+fire+1984, johnny+english+2003, grand+canyon+1991, the+verdict+1982, desk+set+1957, out+to+sea+1997, junebug+2005, from+dusk+till+dawn+1996, island+2011, mascara+1999, 7+seconds+2005, my+one+and+only+2009, the+hard+way+1991, spasmo+1974, s.+darko+2009, no+mercy+1986, 522 ms"
"2022-02-08T19:26:54.838492,145655,recommendation request 17645-team17.isri.cmu.edu:8082, status 200, result: wreck-it+ralph+2012, the+westerner+1940, frenzy+1972, a+goofy+movie+1995, barbarosa+1982, strait-jacket+1964, brimstone++treacle+1982, pretty+baby+1978, tap+1989, splash+1984, the+old+dark+house+1932, ghoulies+ii+1987, shes+having+a+baby+1988, rat+2001, juice+1992, island+2011, the+fan+1981, jennifer+eight+1992, firestarter+1984, bloodstone+subspecies+ii+1993, 583 ms"
"2022-02-08T19:26:54.838222,235011,recommendation request 17645-team17.isri.cmu.edu:8082, status 200, result: the+promise+2005, the+watch+2012, courage+under+fire+1996, rambo+first+blood+part+ii+1985, light+it+up+1999, birdy+1984, frozen+2007, chronicle+2012, planet+of+the+apes+2001, malice+1993, the+yakuza+1974, gravity+2013, total+recall+1990, for+keeps+1988, island+2011, today+you+die+2005, escape+from+the+planet+of+the+apes+1971, blackrock+1997, no+mercy+1986, lock+up+1989, 607 ms"
"2022-02-08T19:26:54.841667,185774,recommendation request 17645-team17.isri.cmu.edu:8082, status 200, result: rollerball+1975, star+wars+episode+iii+-+revenge+of+the+sith+2005, sling+blade+1996, fuck+2005, a+family+thing+1996, casper+1995, jail+bait+1954, the+ambassador+2011, planet+of+the+apes+2001, the+mighty+1998, juice+1992, island+2011, conan+the+barbarian+1982, out+1+spectre+1972, hook+1991, 7+seconds+2005, the+emperors+new+groove+2000, ratatouille+2007, portraits+chinois+1996, chicken+little+2005, 579 ms"
"2022-02-08T19:26:54.866648,129475,recommendation request 17645-team17.isri.cmu.edu:8082, status 200, result: drop+zone+1994, rollerball+1975, barbershop+2002, suburban+commando+1991, lockout+2012, a+goofy+movie+1995, hollow+man+2000, once+bitten+1985, without+a+paddle+2004, freaky+friday+1976, gumby+the+movie+1995, haywire+2011, another+thin+man+1939, the+brood+1979, wake+of+death+2004, 9+2005, planet+of+the+apes+2001, shivers+1975, serial+1980, changing+lanes+2002, 611 ms"
"2022-02-08T19:26:56.499371,192101,recommendation request 17645-team17.isri.cmu.edu:8082, status 200, result: eyewitness+1981, top+secret+1984, a+goofy+movie+1995, the+addams+family+1991, a+time+to+kill+1996, father+of+the+bride+1991, a+little+princess+1995, cabin+boy+1994, chronicle+2012, detective+story+1951, desk+set+1957, out+to+sea+1997, island+2011, the+brave+one+2007, high+sierra+1941, jennifer+eight+1992, today+you+die+2005, they+made+me+a+criminal+1939, bulletproof+1996, unfaithfully+yours+1984, 478 ms"
"2022-02-08T19:26:56.503592,165609,recommendation request 17645-team17.isri.cmu.edu:8082, status 200, result: the+cat+in+the+hat+2003, sleepers+1996, ed+1996, p.s.+2004, the+wash+2001, spirit+stallion+of+the+cimarron+2002, nims+island+2008, the+client+1994, how+the+grinch+stole+christmas+2000, beyond+the+sea+2004, island+2011, conan+the+barbarian+1982, hook+1991, high+sierra+1941, spasmo+1974, chicken+little+2005, dungeons++dragons+2000, they+made+me+a+criminal+1939, shrek+the+third+2007, the+allnighter+1987, 489 ms"
"2022-02-08T19:26:56.514585,269906,recommendation request 17645-team17.isri.cmu.edu:8082, status 200, result: the+bounty+1984, how+i+won+the+war+1967, an+evening+with+kevin+smith+2002, footloose+1984, detective+story+1951, inception+2010, lifeboat+1944, harry+and+tonto+1974, sanjuro+1962, a+decade+under+the+influence+2003, junebug+2005, the+sword+of+doom+1966, the+last+samurai+2003, the+art+of+war+2000, my+one+and+only+2009, jennifer+eight+1992, the+idolmaker+1980, the+yes+men+2003, letters+from+iwo+jima+2006, sucker+punch+2011, 487 ms"
"2022-02-08T19:26:56.525049,128579,recommendation request 17645-team17.isri.cmu.edu:8082, status 200, result: drop+zone+1994, cry+freedom+1987, and+now...+ladies+and+gentlemen...+2002, jesus+christ+superstar+1973, stick+it+2006, a+christmas+carol+2009, without+a+paddle+2004, footloose+1984, a+little+princess+1995, prince+of+persia+the+sands+of+time+2010, flash+of+genius+2008, four+brothers+2005, the+saint+1997, changing+lanes+2002, stromboli+1950, the+idolmaker+1980, the+program+1993, seven+alone+1974, charade+1963, l.i.e.+2001, 502 ms"
"2022-02-08T19:26:57.532472,246104,recommendation request 17645-team17.isri.cmu.edu:8082, status 200, result: cry+freedom+1987, bill+cosby+himself+1983, rollerball+1975, frenzy+1972, barbarosa+1982, in+the+line+of+fire+1993, father+of+the+bride+1991, cabin+boy+1994, the+beverly+hillbillies+1993, dead+reckoning+1947, malice+1993, planet+of+the+apes+2001, the+mighty+1998, desk+set+1957, the+truman+show+1998, beyond+therapy+1987, jennifer+eight+1992, absolute+power+1997, little+murders+1971, the+allnighter+1987, 447 ms"
"2022-02-08T19:26:57.585238,88580,recommendation request 17645-team17.isri.cmu.edu:8082, status 200, result: american+virgin+2000, curdled+1996, drop+zone+1994, about+last+night...+1986, forbidden+zone+1980, oh_+god+1977, the+snowman+1982, think+like+a+man+too+2014, p.s.+2004, notting+hill+1999, big+hero+6+2014, maze+2000, the+addams+family+1991, fuck+2005, bean+1997, sex+and+the+city+2008, albatross+2011, hunting+elephants+2013, the+truman+show+1998, the+late+shift+1996, 503 ms"
"2022-02-08T19:26:57.610279,298777,recommendation request 17645-team17.isri.cmu.edu:8082, status 200, result: hostile+intentions+1995, missing+1982, frenzy+1972, the+promise+2005, mystery_+alaska+1999, the+snows+of+kilimanjaro+1952, lethal+weapon+3+1992, spirit+stallion+of+the+cimarron+2002, inception+2010, one+eight+seven+1997, guilty+as+sin+1993, harem+1985, the+matrix+revolutions+2003, ready+to+rumble+2000, from+dusk+till+dawn+1996, island+2011, the+matrix+1999, warriors+of+heaven+and+earth+2003, above+the+law+1988, 7+seconds+2005, 521 ms"
"2022-02-08T19:26:57.610841,77708,recommendation request 17645-team17.isri.cmu.edu:8082, status 200, result: the+gauntlet+1977, p.s.+2004, the+closet+2001, a+family+thing+1996, the+way+2010, birdy+1984, the+beverly+hillbillies+1993, beyond+2010, phoenix+1998, harem+1985, the+yakuza+1974, from+dusk+till+dawn+1996, juice+1992, help+1965, from+the+hip+1987, eight+men+out+1988, 7+seconds+2005, a+royal+affair+2012, dark+passage+1947, ratatouille+2007, 529 ms"
"2022-02-08T19:26:57.622884,19209,recommendation request 17645-team17.isri.cmu.edu:8082, status 200, result: eyewitness+1981, drop+zone+1994, the+man+with+the+golden+arm+1955, p.s.+2004, frenzy+1972, nims+island+2008, ice+castles+1978, phoenix+1998, four+brothers+2005, desk+set+1957, changing+lanes+2002, out+to+sea+1997, juice+1992, mobsters+1991, the+juror+1996, from+here+to+eternity+1953, hook+1991, dark+passage+1947, mr.+deeds+2002, today+you+die+2005, 537 ms"
"2022-02-08T19:26:58.390456,166920,recommendation request 17645-team17.isri.cmu.edu:8082, status 200, result: cry+freedom+1987, rollerball+1975, the+five+senses+1999, man+of+the+year+2006, barbershop+2002, drop+zone+1994, ed+1996, the+conspiracy+2012, star+wars+episode+iii+-+revenge+of+the+sith+2005, childs+play+3+1991, p.s.+2004, walle+2008, casper+1995, psycho+1998, another+thin+man+1939, taxi+2004, the+island+1980, four+brothers+2005, planet+of+the+apes+2001, the+wizard+1989, 331 ms"
"2022-02-08T19:26:58.368217,158514,recommendation request 17645-team17.isri.cmu.edu:8082, status 200, result: dreamgirls+2006, the+house+of+yes+1997, intersection+1994, its+all+about+love+2003, the+proprietor+1996, enough+2002, that+was+then...+this+is+now+1985, the+last+minute+2001, the+lost+weekend+1945, the+next+karate+kid+1994, to+catch+a+thief+1955, albatross+2011, fabled+2002, blow+out+1981, in+this+world+2002, collateral+2004, people+like+us+2012, diamond+men+2000, sonny+2002, island+2011, 314 ms"
"2022-02-08T19:26:58.404996,33354,recommendation request 17645-team17.isri.cmu.edu:8082, status 200, result: arranged+2007, the+longest+day+1962, the+gauntlet+1977, ed+1996, red+dawn+1984, a+time+to+kill+1996, incognito+1997, lifeboat+1944, dick+tracy+1990, grand+illusion+1937, the+letter+1940, phoenix+1998, in+harms+way+1965, sherlock+holmes+in+washington+1943, the+living+daylights+1987, ernest+in+the+army+1998, class+1983, the+fury+1978, above+the+law+1988, dark+passage+1947, 344 ms"
"2022-02-08T19:26:59.405617,150498,recommendation request 17645-team17.isri.cmu.edu:8082, status 200, result: remember+me+2010, the+last+of+the+mohicans+1992, family+plot+1976, p.s.+2004, frenzy+1972, how+i+won+the+war+1967, vision+quest+1985, in+the+line+of+fire+1993, dick+tracy+1990, big+trouble+2002, bachelor+in+paradise+1961, love+crazy+1941, gone+in+sixty+seconds+2000, on+the+town+1949, the+matrix+1999, conan+the+barbarian+1982, the+art+of+war+2000, dungeons++dragons+2000, they+made+me+a+criminal+1939, benji+1974, 293 ms"
"2022-02-08T19:26:59.457068,289477,recommendation request 17645-team17.isri.cmu.edu:8082, status 200, result: cry+freedom+1987, drop+zone+1994, top+secret+1984, sleepers+1996, rollerball+1975, star+wars+episode+iii+-+revenge+of+the+sith+2005, the+addams+family+1991, without+a+paddle+2004, detective+story+1951, a+little+princess+1995, phoenix+1998, wake+of+death+2004, planet+of+the+apes+2001, the+client+1994, changing+lanes+2002, hopscotch+1980, high+sierra+1941, jennifer+eight+1992, romeo+is+bleeding+1993, they+made+me+a+criminal+1939, 315 ms"
"2022-02-08T19:26:59.442399,51510,recommendation request 17645-team17.isri.cmu.edu:8082, status 200, result: angst+1983, the+conspiracy+2012, altered+2006, fuck+2005, detective+story+1951, the+ambassador+2011, fabled+2002, painted+fire+2002, the+matrix+revolutions+2003, king+and+the+clown+2005, island+2011, conan+the+barbarian+1982, the+brave+one+2007, cry_wolf+2005, dinoshark+2010, jennifer+eight+1992, gozu+2003, dungeons++dragons+2000, they+made+me+a+criminal+1939, phantoms+1998, 329 ms"
"2022-02-08T19:27:00.418642,257932,recommendation request 17645-team17.isri.cmu.edu:8082, status 200, result: the+gauntlet+1977, sniper+2+2002, family+plot+1976, carnosaur+2+1995, rambo+first+blood+part+ii+1985, light+it+up+1999, barbarosa+1982, detective+story+1951, the+godfather+part+iii+1990, dick+tracy+1990, big+trouble+2002, c.h.o.m.p.s.+1979, gone+in+sixty+seconds+2000, the+brave+one+2007, hook+1991, shes+out+of+my+league+2010, bloodsport+ii+1996, dinoshark+2010, bingo+1991, jennifer+eight+1992, 363 ms"
"2022-02-08T19:27:00.428438,249743,recommendation request 17645-team17.isri.cmu.edu:8082, status 200, result: titanic+1953, dial+m+for+murder+1954, the+longest+day+1962, raging+bull+1980, the+proprietor+1996, circus+2000, that+was+then...+this+is+now+1985, a+time+to+kill+1996, a+family+thing+1996, the+bridge+1959, lifeboat+1944, grand+illusion+1937, to+catch+a+thief+1955, the+yakuza+1974, the+client+1994, albatross+2011, collateral+2004, frantic+1988, sonny+2002, morocco+1930, 373 ms"
"2022-02-08T19:27:01.523239,205231,recommendation request 17645-team17.isri.cmu.edu:8082, status 200, result: arranged+2007, switchback+1997, six+pack+1982, lockout+2012, a+family+thing+1996, fuck+2005, big+trouble+2002, haywire+2011, moving+1988, harry+and+tonto+1974, blood_+guts_+bullets+and+octane+1998, masterminds+1997, guilty+as+sin+1993, phoenix+1998, patriot+games+1992, free+willy+3+the+rescue+1997, juice+1992, breakdown+1997, outrage+2009, the+man+who+knew+too+much+1956, 411 ms"
"2022-02-08T19:27:01.274166,272198,recommendation request 17645-team17.isri.cmu.edu:8082, status 200, result: rocky+1976, the+wild+one+1953, still+of+the+night+1982, the+long+riders+1980, rocky+v+1990, interiors+1978, the+culture+high+2014, jinxed+1982, mclintock+1963, wild+bill+1995, hang+em+high+1968, stagecoach+1939, something+for+everyone+1970, the+desperados+1969, high+plains+drifter+1973, the+gunfighter+1950, the+last+of+the+mohicans+1936, to+be+or+not+to+be+1942, the+gunfighter+2014, high+school+high+1996, 186 ms"
"2022-02-08T19:27:01.525416,302781,recommendation request 17645-team17.isri.cmu.edu:8082, status 200, result: rollerball+1975, in+the+mouth+of+madness+1994, the+call+of+cthulhu+2005, a+goofy+movie+1995, that+darn+cat+1965, freddys+dead+the+final+nightmare+1991, the+country+bears+2002, a+nightmare+on+elm+street+5+the+dream+child+1989, snow+dogs+2002, that+was+then...+this+is+now+1985, 9.99+2008, beverly+hills+chihuahua+2008, star+wars+1977, the+pact+2012, planet+of+the+apes+2001, clockwatchers+1997, i+married+a+strange+person+1998, junebug+2005, my+one+and+only+2009, the+mummys+tomb+1942, 412 ms"
"2022-02-08T19:27:01.536648,12110,recommendation request 17645-team17.isri.cmu.edu:8082, status 200, result: bill+cosby+himself+1983, punchline+1988, the+snowman+1982, the+high+and+the+mighty+1954, missing+1982, birdy+1984, nims+island+2008, moving+1988, harem+1985, slumdog+millionaire+2008, sherlock+holmes+in+washington+1943, mobsters+1991, drillbit+taylor+2008, his+girl+friday+1940, eight+men+out+1988, hook+1991, beyond+therapy+1987, bingo+1991, above+the+law+1988, high+sierra+1941, 397 ms"
"2022-02-08T19:27:01.560793,18357,recommendation request 17645-team17.isri.cmu.edu:8082, status 200, result: rollerball+1975, barbershop+2002, p.s.+2004, a+goofy+movie+1995, barbarosa+1982, the+wash+2001, macgruber+2010, the+country+bears+2002, snow+dogs+2002, once+bitten+1985, streets+of+fire+1984, another+thin+man+1939, the+truman+show+1998, serial+1980, surfer_+dude+2008, the+incredible+hulk+2008, remember+the+night+1940, the+hard+way+1991, starship+troopers+1997, private+lives+1931, 408 ms"
"2022-02-08T19:27:02.459056,7776,recommendation request 17645-team17.isri.cmu.edu:8082, status 200, result: cry+freedom+1987, barbershop+2002, a+time+to+kill+1996, a+family+thing+1996, in+the+line+of+fire+1993, fuck+2005, dont+say+a+word+2001, nighthawks+1981, another+thin+man+1939, dead+reckoning+1947, malice+1993, albatross+2011, the+brave+one+2007, the+fan+1981, high+sierra+1941, absolute+power+1997, down+in+the+delta+1998, they+made+me+a+criminal+1939, private+lives+1931, apartment+zero+1988, 353 ms"
"2022-02-08T19:27:02.525019,188339,recommendation request 17645-team17.isri.cmu.edu:8082, status 200, result: p.s.+2004, the+promise+2005, fuck+2005, phoenix+1998, money+train+1995, cherrybomb+2009, the+nuns+story+1959, above+the+law+1988, azumi+2003, outrage+2009, rumble+fish+1983, project+s+1993, get+real+1998, captain+horatio+hornblower+r.n.+1951, beyond+the+poseidon+adventure+1979, mulan+rise+of+a+warrior+2009, my+summer+of+love+2004, l.i.e.+2001, the+god+of+cookery+1996, johnny+belinda+1948, 402 ms"
"2022-02-08T19:27:03.464868,45821,recommendation request 17645-team17.isri.cmu.edu:8082, status 200, result: american+virgin+2000, the+nest+2002, gleaming+the+cube+1989, rollerball+1975, suburban+commando+1991, what+doesnt+kill+you+2008, intersection+1994, parker+2013, bean+1997, fast++furious+6+2013, johnny+english+2003, nighthawks+1981, c.h.o.m.p.s.+1979, grand+canyon+1991, the+verdict+1982, the+yakuza+1974, planet+of+the+apes+2001, gravity+2013, rush+hour+3+2007, the+game+1997, 420 ms"
"2022-02-08T19:27:03.467344,120823,recommendation request 17645-team17.isri.cmu.edu:8082, status 200, result: finding+nemo+2003, running+out+of+time+1999, a+time+to+kill+1996, small+soldiers+1998, the+replacement+killers+1998, star+wars+1977, jurassic+park+1993, eragon+2006, the+roaring+twenties+1939, night+nurse+1931, jurassic+park+iii+2001, they+drive+by+night+1940, ratatouille+2007, they+made+me+a+criminal+1939, the+incredibles+2004, la+luna+2011, jupiter+ascending+2015, tangled+2010, dragonball+evolution+2009, alien+1979, 429 ms"
"2022-02-08T19:27:03.397849,138971,recommendation request 17645-team17.isri.cmu.edu:8082, status 200, result: gleaming+the+cube+1989, rollerball+1975, the+last+of+the+mohicans+1992, battlestar+galactica+the+plan+2009, the+conspiracy+2012, p.s.+2004, true+crime+1996, how+i+won+the+war+1967, maze+2000, analyze+this+1999, inception+2010, dick+tracy+1990, moving+1988, grand+canyon+1991, the+verdict+1982, apocalypto+2006, the+island+1980, harem+1985, babylon+5+the+legend+of+the+rangers+-+to+live+and+die+in+starlight+2002, the+saint+1997, 322 ms"
"2022-02-08T19:27:03.466015,216334,recommendation request 17645-team17.isri.cmu.edu:8082, status 200, result: nothing+but+trouble+1991, mary+poppins+1964, dark+city+1950, intersection+1994, p.s.+2004, rambo+first+blood+part+ii+1985, the+addams+family+1991, big+hero+6+2014, incognito+1997, freaky+friday+1976, changing+lanes+2002, island+2011, the+incredible+hulk+2008, the+art+of+war+2000, today+you+die+2005, underdog+2007, no+mercy+1986, fire+down+below+1997, beyond+the+poseidon+adventure+1979, back+to+the+future+part+ii+1989, 455 ms"
"2022-02-08T19:27:04.443634,49948,recommendation request 17645-team17.isri.cmu.edu:8082, status 200, result: curdled+1996, eyewitness+1981, the+snowman+1982, the+conspiracy+2012, p.s.+2004, the+haunted+mansion+2003, a+goofy+movie+1995, true+crime+1996, the+next+three+days+2010, freaky+friday+1976, nims+island+2008, dick+tracy+1990, the+chronicles+of+narnia+the+voyage+of+the+dawn+treader+2010, island+2011, bridesmaids+2011, eye+of+the+beholder+1999, hook+1991, the+guest+2014, 7+seconds+2005, ratatouille+2007, 355 ms"
"2022-02-08T19:27:04.489231,175485,recommendation request 17645-team17.isri.cmu.edu:8082, status 200, result: rollerball+1975, tigerland+2000, the+gauntlet+1977, punchline+1988, agnes+of+god+1985, the+proprietor+1996, a+field+in+england+2013, birdy+1984, the+brothers+mcmullen+1995, z+1969, lifeboat+1944, inception+2010, masterminds+1997, steel+1997, harem+1985, junebug+2005, shes+having+a+baby+1988, geronimo+an+american+legend+1993, mobsters+1991, the+tree+of+life+2011, 397 ms"
"2022-02-08T19:27:04.484899,304130,recommendation request 17645-team17.isri.cmu.edu:8082, status 200, result: the+family+man+2000, the+cat+in+the+hat+2003, leave+it+to+beaver+1997, back+to+the+future+part+iii+1990, definitely_+maybe+2008, head+1968, ed+1996, ghost+dad+1990, p.s.+2004, desert+blue+1999, that+was+then...+this+is+now+1985, never+again+2002, father+of+the+bride+1991, emma+2009, casper+1995, your+friends++neighbors+1998, babe+pig+in+the+city+1998, the+adventures+of+sebastian+cole+1998, balto+1995, topper+1937, 393 ms"
"2022-02-08T19:27:05.439527,176995,recommendation request 17645-team17.isri.cmu.edu:8082, status 400, result: movie 1 not found, 419 ms"
"2022-02-08T19:27:05.472374,52228,recommendation request 17645-team17.isri.cmu.edu:8082, status 200, result: sullivans+travels+1941, rollerball+1975, bill+cosby+himself+1983, picture+perfect+1997, last+holiday+2006, p.s.+2004, deep+rising+1998, maze+2000, spirit+stallion+of+the+cimarron+2002, without+a+paddle+2004, forrest+gump+1994, love+story+1970, the+island+1980, the+brothers+2001, desk+set+1957, kull+the+conqueror+1997, out+to+sea+1997, shes+having+a+baby+1988, crush+2001, the+incredible+hulk+2008, 416 ms"
"2022-02-08T19:27:05.440961,43931,recommendation request 17645-team17.isri.cmu.edu:8082, status 200, result: eyewitness+1981, drop+zone+1994, switchback+1997, six+pack+1982, the+conspiracy+2012, childs+play+3+1991, frenzy+1972, sling+blade+1996, a+family+thing+1996, without+a+paddle+2004, psycho+1998, harry+and+tonto+1974, jaws+3-d+1983, the+mighty+1998, the+serpent+and+the+rainbow+1988, changing+lanes+2002, the+39+steps+2008, juice+1992, mobsters+1991, proof+2005, 431 ms"
"2022-02-08T19:27:05.489192,177691,recommendation request 17645-team17.isri.cmu.edu:8082, status 200, result: the+perfect+score+2004, drop+zone+1994, rollerball+1975, about+last+night...+1986, cry+freedom+1987, star+wars+episode+iii+-+revenge+of+the+sith+2005, p.s.+2004, maze+2000, without+a+paddle+2004, moving+1988, guilty+as+sin+1993, wake+of+death+2004, planet+of+the+apes+2001, the+longest+yard+1974, serial+1980, changing+lanes+2002, shes+having+a+baby+1988, free+willy+3+the+rescue+1997, crush+2001, side+out+1990, 478 ms"
"2022-02-08T19:27:06.423426,307904,recommendation request 17645-team17.isri.cmu.edu:8082, status 200, result: shampoo+1975, rollerball+1975, arranged+2007, p.s.+2004, dont+move+2004, maze+2000, footloose+1984, dick+tracy+1990, big+trouble+2002, random+hearts+1999, apocalypto+2006, the+saint+1997, planet+of+the+apes+2001, gone+in+sixty+seconds+2000, the+brothers+2001, winnie+the+pooh+2011, american+psycho+2+all+american+girl+2002, juice+1992, crush+2001, texasville+1990, 416 ms"
"2022-02-08T19:27:06.636604,37989,recommendation request 17645-team17.isri.cmu.edu:8082, status 200, result: shampoo+1975, and+now...+ladies+and+gentlemen...+2002, barbershop+2002, the+dresser+1983, the+conspiracy+2012, p.s.+2004, true+crime+1996, light+it+up+1999, dead+of+night+1945, made+in+u.s.a+1966, splash+1984, another+thin+man+1939, the+letter+1940, albatross+2011, junebug+2005, island+2011, six+weeks+1982, the+man+who+knew+too+much+1956, stromboli+1950, my+one+and+only+2009, 627 ms"
"2022-02-08T19:27:06.676483,271547,recommendation request 17645-team17.isri.cmu.edu:8082, status 200, result: eyewitness+1981, rollerball+1975, lethal+weapon+3+1992, analyze+this+1999, inception+2010, moving+1988, a+shock+to+the+system+1990, wake+of+death+2004, planet+of+the+apes+2001, fabled+2002, island+2011, the+matrix+1999, the+juror+1996, ali+2001, above+the+law+1988, today+you+die+2005, spasmo+1974, indestructible+man+1956, the+professional+1981, the+survivors+1983, 641 ms"
"2022-02-08T19:27:06.725934,218589,recommendation request 17645-team17.isri.cmu.edu:8082, status 200, result: notting+hill+1999, p.s.+2004, maze+2000, the+client+1994, the+brothers+2001, my+beautiful+laundrette+1985, desk+set+1957, shes+having+a+baby+1988, island+2011, crush+2001, from+here+to+eternity+1953, untitled+2009, every+which+way+but+loose+1978, exodus+1960, get+real+1998, unfaithfully+yours+1984, l.i.e.+2001, leap+of+faith+1992, pinky+1949, 3+strikes+2000, 685 ms"
"2022-02-08T19:27:06.727781,295489,recommendation request 17645-team17.isri.cmu.edu:8082, status 200, result: drop+zone+1994, robot+stories+2003, the+snowman+1982, last+holiday+2006, childs+play+3+1991, big+hero+6+2014, light+it+up+1999, watchers+1988, northfork+2003, working+girl+1988, another+earth+2011, blind+fury+1989, last+night+1998, shes+out+of+my+league+2010, bingo+1991, underdog+2007, the+survivors+1983, back+to+the+future+part+ii+1989, dopamine+2003, the+ref+1994, 705 ms"
"2022-02-08T19:27:06.759141,306355,recommendation request 17645-team17.isri.cmu.edu:8082, status 200, result: nothing+but+trouble+1991, p.s.+2004, a+goofy+movie+1995, a+christmas+carol+2009, a+little+princess+1995, prince+of+persia+the+sands+of+time+2010, forrest+gump+1994, love+story+1970, the+wizard+1989, junebug+2005, shes+having+a+baby+1988, mascara+1999, hook+1991, the+fan+1981, my+one+and+only+2009, the+emperors+new+groove+2000, breakfast+on+pluto+2005, chicken+little+2005, apartment+zero+1988, gremlins+1984, 712 ms"
"2022-02-08T19:27:06.729396,302029,recommendation request 17645-team17.isri.cmu.edu:8082, status 200, result: the+dresser+1983, the+high+and+the+mighty+1954, the+brother+from+another+planet+1984, point+blank+1967, macgruber+2010, dead+reckoning+1947, malice+1993, albatross+2011, bad+company+1972, juice+1992, six+weeks+1982, above+the+law+1988, dark+passage+1947, high+sierra+1941, the+incredible+shrinking+man+1957, down+in+the+delta+1998, bulletproof+1996, silverado+1985, the+survivors+1983, dead+bang+1989, 691 ms"
"2022-02-08T19:27:07.463420,157701,recommendation request 17645-team17.isri.cmu.edu:8082, status 200, result: dead+of+winter+1987, barbershop+2002, drunken+angel+1948, paths+of+glory+1957, p.s.+2004, how+i+won+the+war+1967, gods+not+dead+2014, nims+island+2008, birdy+1984, another+thin+man+1939, moving+1988, the+poughkeepsie+tapes+2007, sanjuro+1962, junebug+2005, bottle+rocket+1996, from+here+to+eternity+1953, ali+2001, days+of+glory+1944, hook+1991, my+one+and+only+2009, 397 ms"
"2022-02-08T19:27:07.393896,28735,recommendation request 17645-team17.isri.cmu.edu:8082, status 200, result: the+five+senses+1999, rollerball+1975, frenzy+1972, true+crime+1996, in+the+line+of+fire+1993, +nos+amours+1983, planet+of+the+apes+2001, fabled+2002, painted+fire+2002, beyond+the+sea+2004, junebug+2005, king+and+the+clown+2005, the+juror+1996, from+here+to+eternity+1953, ali+2001, the+incredible+hulk+2008, my+one+and+only+2009, jennifer+eight+1992, the+idolmaker+1980, they+made+me+a+criminal+1939, 325 ms"
"2022-02-08T19:27:08.349895,29360,recommendation request 17645-team17.isri.cmu.edu:8082, status 200, result: shampoo+1975, whisper+of+the+heart+1995, rollerball+1975, arranged+2007, pandorum+2009, p.s.+2004, incognito+1997, splash+1984, the+beverly+hillbillies+1993, the+letter+1940, phoenix+1998, the+island+1980, cube+zero+2004, jurassic+park+1993, kull+the+conqueror+1997, island+2011, dark+passage+1947, spasmo+1974, spirited+away+2001, little+murders+1971, 319 ms"
"2022-02-08T19:27:08.369712,117012,recommendation request 17645-team17.isri.cmu.edu:8082, status 200, result: romance+2012, commandments+1997, cherry+2011, notting+hill+1999, p.s.+2004, once+around+1991, maze+2000, emma+2009, moonlight+and+valentino+1995, numb+2007, the+brothers+2001, my+beautiful+laundrette+1985, only+you+1994, s.f.w.+1994, dedication+2007, crush+2001, pumpkin+2002, untitled+2009, telling+you+1998, still+breathing+1997, 277 ms"
"2022-02-08T19:27:08.355245,49360,recommendation request 17645-team17.isri.cmu.edu:8082, status 200, result: eyewitness+1981, drop+zone+1994, the+glimmer+man+1996, mary+poppins+1964, p.s.+2004, under+siege+1992, the+addams+family+1991, a+time+to+kill+1996, in+the+line+of+fire+1993, freaky+friday+1976, dead+reckoning+1947, the+saint+1997, winnie+the+pooh+2011, on+deadly+ground+1994, modesty+blaise+1966, changing+lanes+2002, above+the+law+1988, hopscotch+1980, 10th++wolf+2006, ratatouille+2007, 304 ms"
"2022-02-08T19:27:09.617649,443,recommendation request 17645-team17.isri.cmu.edu:8082, status 200, result: gleaming+the+cube+1989, curdled+1996, taps+1981, drop+zone+1994, circus+2000, that+was+then...+this+is+now+1985, wolf+children+2012, star+trek+iii+the+search+for+spock+1984, the+lookout+2007, 21+2008, striptease+1996, gumby+the+movie+1995, grand+canyon+1991, the+verdict+1982, dead+reckoning+1947, the+saint+1997, men+of+honor+2000, bulworth+1998, s.w.a.t.+2003, changing+lanes+2002, 522 ms"
"2022-02-08T19:27:10.268154,112837,recommendation request 17645-team17.isri.cmu.edu:8082, status 200, result: abandon+2002, tootsie+1982, billy+bathgate+1991, rollerball+1975, sleepers+1996, forbidden+zone+1980, missing+1982, p.s.+2004, bugsy+1991, mystery_+alaska+1999, barbarosa+1982, the+last+minute+2001, freedomland+2006, dick+tracy+1990, gidget+1959, fulltime+killer+2001, in+too+deep+1999, star+wars+1977, one+eight+seven+1997, guilty+as+sin+1993, 183 ms"
"2022-02-08T19:27:10.277242,281477,recommendation request 17645-team17.isri.cmu.edu:8082, status 200, result: cry+freedom+1987, mickeys+once+upon+a+christmas+1999, edmond+2005, rollerball+1975, what+doesnt+kill+you+2008, frenzy+1972, p.s.+2004, shaft+in+africa+1973, light+it+up+1999, maze+2000, a+time+to+kill+1996, lifeboat+1944, sex+and+the+city+2008, chicken+run+2000, the+verdict+1982, planet+of+the+apes+2001, the+brothers+2001, crush+2001, exodus+1960, foxes+1980, 174 ms"
"2022-02-08T19:27:10.362548,42221,recommendation request 17645-team17.isri.cmu.edu:8082, status 200, result: cry+freedom+1987, forbidden+zone+1980, harts+war+2002, p.s.+2004, a+goofy+movie+1995, son+of+the+mask+2005, thank+you+for+smoking+2005, lethal+weapon+3+1992, gods+not+dead+2014, freaky+friday+1976, the+brothers+mcmullen+1995, inception+2010, dick+tracy+1990, apocalypto+2006, the+island+1980, the+saint+1997, the+wizard+1989, gone+in+sixty+seconds+2000, topper+1937, the+matrix+revolutions+2003, 258 ms"
"2022-02-08T19:27:11.520048,115310,recommendation request 17645-team17.isri.cmu.edu:8082, status 200, result: the+nest+2002, rollerball+1975, barbershop+2002, what+doesnt+kill+you+2008, charisma+1999, the+longest+day+1962, the+conspiracy+2012, star+wars+episode+iii+-+revenge+of+the+sith+2005, parker+2013, lifeboat+1944, grand+illusion+1937, splash+1984, johnny+english+2003, another+thin+man+1939, apocalypto+2006, the+old+dark+house+1932, planet+of+the+apes+2001, gone+in+sixty+seconds+2000, rush+hour+3+2007, rat+2001, 505 ms"
"2022-02-08T19:27:11.534208,20071,recommendation request 17645-team17.isri.cmu.edu:8082, status 200, result: the+new+age+1994, cry+freedom+1987, sleepers+1996, six+pack+1982, the+last+of+the+mohicans+1992, ed+1996, p.s.+2004, the+other+side+of+the+mountain+1975, maze+2000, a+family+thing+1996, the+woman+2011, casper+1995, fulltime+killer+2001, in+too+deep+1999, harry+and+tonto+1974, for+keeps+1988, hackers+1995, junebug+2005, crush+2001, from+here+to+eternity+1953, 513 ms"
"2022-02-08T19:27:11.547232,198692,recommendation request 17645-team17.isri.cmu.edu:8082, status 200, result: cry+freedom+1987, the+five+senses+1999, six+pack+1982, lockout+2012, 8+seconds+1994, a+slave+of+love+1976, an+amazing+couple+2002, all+the+mornings+of+the+world+1991, a+family+thing+1996, detective+story+1951, haywire+2011, harry+and+tonto+1974, the+yakuza+1974, dry+cleaning+1997, lady+chatterley+2006, gravity+2013, full+speed+1996, a+man+and+a+woman+1966, the+game+1997, island+2011, 502 ms"
"2022-02-08T19:27:12.435577,26272,recommendation request 17645-team17.isri.cmu.edu:8082, status 200, result: eyewitness+1981, curdled+1996, cry+freedom+1987, a+goofy+movie+1995, red+dawn+1984, p.s.+2004, maze+2000, vision+quest+1985, freaky+friday+1976, a+little+princess+1995, the+witches+of+eastwick+1987, the+brothers+2001, winnie+the+pooh+2011, the+hitch-hiker+1953, the+living+daylights+1987, crush+2001, mobsters+1991, above+the+law+1988, hopscotch+1980, the+emperors+new+groove+2000, 340 ms"
"2022-02-08T19:27:12.443560,91619,recommendation request 17645-team17.isri.cmu.edu:8082, status 200, result: shampoo+1975, eyewitness+1981, dead+of+winter+1987, the+last+of+the+mohicans+1992, punchline+1988, the+longest+day+1962, p.s.+2004, maze+2000, code+of+silence+1985, 633+squadron+1964, the+company+men+2010, masterminds+1997, phoenix+1998, the+poughkeepsie+tapes+2007, albatross+2011, look+whos+talking+too+1990, crush+2001, sunday+bloody+sunday+1971, the+hot+spot+1990, the+nuns+story+1959, 255 ms"
"2022-02-08T19:27:12.484507,216468,recommendation request 17645-team17.isri.cmu.edu:8082, status 200, result: drop+zone+1994, rollerball+1975, robot+stories+2003, mary+poppins+1964, p.s.+2004, a+goofy+movie+1995, a+time+to+kill+1996, without+a+paddle+2004, northfork+2003, freaky+friday+1976, wake+of+death+2004, planet+of+the+apes+2001, the+mighty+1998, running+scared+1986, changing+lanes+2002, from+beyond+1986, the+brave+one+2007, last+night+1998, hook+1991, hopscotch+1980, 389 ms"
"2022-02-08T19:27:13.452580,185730,recommendation request 17645-team17.isri.cmu.edu:8082, status 200, result: wreck-it+ralph+2012, shower+1999, melody+time+1948, the+dresser+1983, the+krays+1990, blue+crush+2002, p.s.+2004, a+goofy+movie+1995, courage+under+fire+1996, thank+you+for+smoking+2005, edward+scissorhands+1990, the+aristocats+1970, the+verdict+1982, saludos+amigos+1942, the+devils+1971, albatross+2011, painted+fire+2002, beyond+the+sea+2004, junebug+2005, the+women+2008, 433 ms"
"2022-02-08T19:27:13.463840,190885,recommendation request 17645-team17.isri.cmu.edu:8082, status 200, result: the+family+man+2000, bridget+joness+diary+2001, definitely_+maybe+2008, six+pack+1982, airport+77+1977, love+in+the+afternoon+1957, p.s.+2004, loving+you+1957, edward+scissorhands+1990, for+your+eyes+only+1981, flashdance+1983, patriot+games+1992, anastasia+1956, days+of+heaven+1978, goldfinger+1964, juice+1992, because+of+winn-dixie+2005, love+affair+1939, ever+after+a+cinderella+story+1998, remember+the+night+1940, 434 ms"
"2022-02-08T19:27:13.452634,202598,recommendation request 17645-team17.isri.cmu.edu:8082, status 200, result: robot+stories+2003, the+last+of+the+mohicans+1992, the+red+shoes+1948, 8+seconds+1994, frenzy+1972, i+like+it+like+that+1994, the+other+side+of+the+mountain+1975, in+the+line+of+fire+1993, fulltime+killer+2001, the+beverly+hillbillies+1993, in+too+deep+1999, love+story+1970, the+yakuza+1974, lady+chatterley+2006, a+man+and+a+woman+1966, full+speed+1996, junebug+2005, juice+1992, look+whos+talking+too+1990, scarface+1932, 433 ms"
"2022-02-08T19:27:13.551639,256426,recommendation request 17645-team17.isri.cmu.edu:8082, status 200, result: the+cat+in+the+hat+2003, drop+zone+1994, the+gauntlet+1977, ed+1996, family+plot+1976, the+other+side+of+the+mountain+1975, a+time+to+kill+1996, without+a+paddle+2004, phoenix+1998, wake+of+death+2004, opportunity+knocks+1990, how+the+grinch+stole+christmas+2000, changing+lanes+2002, above+the+law+1988, hopscotch+1980, dark+passage+1947, the+fan+1981, romeo+is+bleeding+1993, the+professional+1981, apartment+zero+1988, 521 ms"
"2022-02-08T19:27:13.596917,119822,recommendation request 17645-team17.isri.cmu.edu:8082, status 200, result: rollerball+1975, forbidden+zone+1980, ed+1996, paths+of+glory+1957, p.s.+2004, how+i+won+the+war+1967, a+family+thing+1996, birdy+1984, casper+1995, johnny+english+2003, ice+castles+1978, apocalypto+2006, albatross+2011, the+wizard+1989, gone+in+sixty+seconds+2000, jurassic+park+1993, junebug+2005, veronica+guerin+2003, days+of+glory+1944, the+women+2008, 566 ms"
"2022-02-08T19:27:13.613702,267019,recommendation request 17645-team17.isri.cmu.edu:8082, status 200, result: cry+freedom+1987, the+five+senses+1999, rollerball+1975, raging+bull+1980, cazuza+time+doesnt+stop+2004, nothing+to+lose+1994, the+other+side+of+the+mountain+1975, behind+the+sun+2001, a+family+thing+1996, harry+and+tonto+1974, steel+1997, the+island+1980, planet+of+the+apes+2001, the+wizard+1989, the+matrix+revolutions+2003, white+palace+1990, junebug+2005, jurassic+park+1993, the+brave+one+2007, my+one+and+only+2009, 570 ms"
"2022-02-08T19:27:15.460512,273232,recommendation request 17645-team17.isri.cmu.edu:8082, status 200, result: shampoo+1975, life+is+beautiful+1997, the+new+age+1994, the+five+senses+1999, sleepers+1996, six+pack+1982, sling+blade+1996, loving+you+1957, the+other+side+of+the+mountain+1975, birdy+1984, random+hearts+1999, iris+2001, harem+1985, the+yakuza+1974, gravity+2013, the+mighty+1998, junebug+2005, an+education+2009, the+game+1997, texasville+1990, 303 ms"
"2022-02-08T19:27:15.470123,247284,recommendation request 17645-team17.isri.cmu.edu:8082, status 200, result: amlie+2001, pandorum+2009, bob+roberts+1992, arizona+dream+1993, blinky+2011, the+clowns+1970, that+was+then...+this+is+now+1985, for+your+eyes+only+1981, i+do+2006, assisted+living+2005, multiplicity+1996, rosemarys+baby+1968, wake+of+death+2004, bulworth+1998, clockwatchers+1997, goldfinger+1964, junebug+2005, serial+bad+weddings+2014, the+living+daylights+1987, x+the+unknown+1956, 313 ms"
"2022-02-08T19:27:15.468990,40484,recommendation request 17645-team17.isri.cmu.edu:8082, status 200, result: rollerball+1975, the+last+of+the+mohicans+1992, the+longest+day+1962, lethal+weapon+3+1992, inception+2010, dick+tracy+1990, nighthawks+1981, apocalypto+2006, the+great+escape+1963, the+saint+1997, planet+of+the+apes+2001, gone+in+sixty+seconds+2000, the+matrix+revolutions+2003, shes+having+a+baby+1988, from+dusk+till+dawn+1996, conan+the+barbarian+1982, the+brave+one+2007, mobsters+1991, above+the+law+1988, 7+seconds+2005, 313 ms"
"2022-02-08T19:27:16.223171,65460,recommendation request 17645-team17.isri.cmu.edu:8082, status 200, result: swing+kids+1993, the+proposition+1998, that+was+then...+this+is+now+1985, evita+1996, duets+2000, armageddon+1998, heidi+1937, the+octagon+1980, breakout+1975, crimson+tide+1995, skyfall+2012, today+you+die+2005, mirage+1995, bulletproof+1996, bad+boys+ii+2003, a+view+to+a+kill+1985, war_+inc.+2008, seven+alone+1974, l.i.e.+2001, daylight+1996, 119 ms"
"2022-02-08T19:27:16.479482,196667,recommendation request 17645-team17.isri.cmu.edu:8082, status 200, result: eyewitness+1981, slaughter+2009, shirin+in+love+2014, the+lord+of+the+rings+the+two+towers+2002, the+conspiracy+2012, suddenly+1954, love+and+other+catastrophes+1996, burlesque+2010, derailed+2002, phoenix+1998, harem+1985, macabre+1958, hopscotch+1980, cinderella+man+2005, today+you+die+2005, romeo+is+bleeding+1993, dungeons++dragons+2000, spawn+1997, live+free+or+die+hard+2007, closed+circuit+2013, 341 ms"
"2022-02-08T19:27:16.578131,299483,recommendation request 17645-team17.isri.cmu.edu:8082, status 200, result: eyewitness+1981, suburban+commando+1991, raging+bull+1980, rancho+deluxe+1975, notting+hill+1999, p.s.+2004, courage+under+fire+1996, barbarosa+1982, maze+2000, a+family+thing+1996, moving+1988, c.h.o.m.p.s.+1979, lightning+jack+1994, the+brothers+2001, albatross+2011, my+beautiful+laundrette+1985, desk+set+1957, out+to+sea+1997, junebug+2005, crush+2001, 438 ms"
"2022-02-08T19:27:16.832038,282384,recommendation request 17645-team17.isri.cmu.edu:8082, status 200, result: barbershop+2002, the+first+time+2012, nine+lives+2005, a+kiss+before+dying+1991, true+crime+1996, bugsy+1991, enough+2002, the+other+side+of+the+mountain+1975, light+it+up+1999, the+mother+2003, that+was+then...+this+is+now+1985, rush+hour+1998, jury+duty+1995, birdy+1984, in+the+line+of+fire+1993, rudy+1993, striptease+1996, another+thin+man+1939, misery+1990, fatal+instinct+1993, 642 ms"
"2022-02-08T19:27:16.831682,132531,recommendation request 17645-team17.isri.cmu.edu:8082, status 200, result: wreck-it+ralph+2012, arranged+2007, six+pack+1982, mary+poppins+1964, notting+hill+1999, a+goofy+movie+1995, p.s.+2004, the+other+side+of+the+mountain+1975, maze+2000, the+addams+family+1991, a+family+thing+1996, vision+quest+1985, a+little+princess+1995, freaky+friday+1976, ice+castles+1978, big+trouble+2002, gumby+the+movie+1995, harry+and+tonto+1974, blood_+guts_+bullets+and+octane+1998, masterminds+1997, 648 ms"
"2022-02-08T19:27:16.869437,272940,recommendation request 17645-team17.isri.cmu.edu:8082, status 200, result: cry+freedom+1987, robot+stories+2003, the+house+of+yes+1997, paths+of+glory+1957, p.s.+2004, how+i+won+the+war+1967, the+other+side+of+the+mountain+1975, birdy+1984, forrest+gump+1994, the+woman+2011, fulltime+killer+2001, in+too+deep+1999, iris+2001, the+island+1980, the+yakuza+1974, another+earth+2011, beyond+the+sea+2004, the+mighty+1998, juice+1992, king+kong+lives+1986, 682 ms"
"2022-02-08T19:27:16.866566,103503,recommendation request 17645-team17.isri.cmu.edu:8082, status 200, result: dreamgirls+2006, agnes+of+god+1985, the+proprietor+1996, the+snowman+1982, the+brother+from+another+planet+1984, cookie+1989, solomon+kane+2009, the+dance+of+reality+2013, lethal+weapon+3+1992, lifeboat+1944, dick+tracy+1990, phoenix+1998, marooned+1969, people+like+us+2012, geronimo+an+american+legend+1993, conan+the+barbarian+1982, ali+2001, the+hundred-foot+journey+2014, romeo+is+bleeding+1993, bulletproof+1996, 631 ms"
"2022-02-08T19:27:16.904666,10380,recommendation request 17645-team17.isri.cmu.edu:8082, status 200, result: eyewitness+1981, cry+freedom+1987, mickeys+once+upon+a+christmas+1999, six+pack+1982, the+last+of+the+mohicans+1992, the+longest+day+1962, frenzy+1972, courage+under+fire+1996, 633+squadron+1964, the+andromeda+strain+1971, in+the+line+of+fire+1993, gumby+the+movie+1995, psycho+1998, moving+1988, dead+reckoning+1947, free+willy+3+the+rescue+1997, island+2011, hopscotch+1980, 10th++wolf+2006, today+you+die+2005, 738 ms"
"2022-02-08T19:27:16.906085,75339,recommendation request 17645-team17.isri.cmu.edu:8082, status 200, result: the+girl+next+door+2004, eyewitness+1981, the+new+age+1994, the+five+senses+1999, 8+seconds+1994, the+proprietor+1996, sling+blade+1996, little+secrets+2001, ivans+childhood+1962, a+slave+of+love+1976, birdy+1984, johnny+english+2003, harem+1985, albatross+2011, cars+2+2011, from+here+to+eternity+1953, unfinished+business+2015, hopscotch+1980, made+of+honor+2008, eight+men+out+1988, 728 ms"
"2022-02-08T19:27:17.456059,64048,recommendation request 17645-team17.isri.cmu.edu:8082, status 200, result: the+five+senses+1999, rollerball+1975, star+wars+episode+iii+-+revenge+of+the+sith+2005, the+dirty+dozen+next+mission+1985, a+family+thing+1996, detective+story+1951, nighthawks+1981, planet+of+the+apes+2001, albatross+2011, serial+1980, millions+2005, jennifer+eight+1992, stardust+memories+1980, down+in+the+delta+1998, rescue+dawn+2006, barefoot+2014, the+sin+of+harold+diddlebock+1947, melvin+and+howard+1980, cutthroat+island+1995, fun+in+acapulco+1963, 417 ms"
"2022-02-08T19:27:17.488285,71124,recommendation request 17645-team17.isri.cmu.edu:8082, status 200, result: cry+freedom+1987, ed+1996, p.s.+2004, a+goofy+movie+1995, son+of+the+mask+2005, maze+2000, freaky+friday+1976, moving+1988, topper+1937, the+brothers+2001, desk+set+1957, ernest+in+the+army+1998, juice+1992, crush+2001, the+women+2008, the+emperors+new+groove+2000, untitled+2009, ratatouille+2007, little+murders+1971, shrek+the+third+2007, 370 ms"
"2022-02-08T19:27:17.509347,27172,recommendation request 17645-team17.isri.cmu.edu:8082, status 200, result: mickeys+once+upon+a+christmas+1999, lockout+2012, last+holiday+2006, true+crime+1996, fuck+2005, haywire+2011, chicken+run+2000, working+girl+1988, desk+set+1957, out+to+sea+1997, mighty+aphrodite+1995, from+here+to+eternity+1953, ali+2001, hook+1991, hopscotch+1980, bingo+1991, they+made+me+a+criminal+1939, patton+1970, the+allnighter+1987, exodus+1960, 411 ms"
"2022-02-08T19:27:18.499770,63776,recommendation request 17645-team17.isri.cmu.edu:8082, status 200, result: cry+freedom+1987, rollerball+1975, the+proprietor+1996, japanese+story+2003, my+own+private+idaho+1991, z+1969, lifeboat+1944, grand+illusion+1937, moving+1988, company+man+2000, planet+of+the+apes+2001, junebug+2005, the+women+2008, taking+chance+2009, my+one+and+only+2009, u-571+2000, patton+1970, tumbleweeds+1999, exodus+1960, divergent+2014, 400 ms"
"2022-02-08T19:27:18.512684,188412,recommendation request 17645-team17.isri.cmu.edu:8082, status 200, result: the+glimmer+man+1996, rollerball+1975, the+golden+voyage+of+sinbad+1973, star+wars+episode+iii+-+revenge+of+the+sith+2005, under+siege+1992, lethal+weapon+3+1992, a+time+to+kill+1996, inception+2010, dick+tracy+1990, pitch+black+2000, apocalypto+2006, the+island+1980, the+saint+1997, planet+of+the+apes+2001, gone+in+sixty+seconds+2000, the+matrix+revolutions+2003, on+deadly+ground+1994, kull+the+conqueror+1997, conan+the+barbarian+1982, the+incredible+hulk+2008, 404 ms"
"2022-02-08T19:27:18.545544,106333,recommendation request 17645-team17.isri.cmu.edu:8082, status 200, result: black+beauty+1994, wreck-it+ralph+2012, mickeys+once+upon+a+christmas+1999, the+longest+day+1962, james+and+the+giant+peach+1996, p.s.+2004, a+goofy+movie+1995, crossroads+2002, big+hero+6+2014, the+other+side+of+the+mountain+1975, nims+island+2008, lifeboat+1944, grand+illusion+1937, gumby+the+movie+1995, a+little+princess+1995, the+island+1980, winnie+the+pooh+2011, an+education+2009, in+harms+way+1965, conan+the+barbarian+1982, 435 ms"
"2022-02-08T19:27:18.599376,135602,recommendation request 17645-team17.isri.cmu.edu:8082, status 200, result: about+last+night...+1986, intersection+1994, the+proprietor+1996, the+brother+from+another+planet+1984, p.s.+2004, loving+you+1957, maze+2000, analyze+this+1999, 42nd+street+1933, on+moonlight+bay+1951, moving+1988, the+brothers+2001, opportunity+knocks+1990, marooned+1969, evil+dead+ii+1987, serial+1980, crush+2001, ali+2001, side+out+1990, a+place+in+the+sun+1951, 422 ms"
"2022-02-08T19:27:18.619549,18576,recommendation request 17645-team17.isri.cmu.edu:8082, status 200, result: top+secret+1984, the+red+shoes+1948, the+snowman+1982, 8+seconds+1994, the+addams+family+1991, detective+story+1951, a+little+princess+1995, paul+2011, dick+tracy+1990, johnny+english+2003, company+man+2000, lady+chatterley+2006, a+man+and+a+woman+1966, full+speed+1996, junebug+2005, island+2011, my+one+and+only+2009, jennifer+eight+1992, atonement+2007, they+made+me+a+criminal+1939, 509 ms"
"2022-02-08T19:27:19.439245,42770,recommendation request 17645-team17.isri.cmu.edu:8082, status 200, result: cry+freedom+1987, the+five+senses+1999, rollerball+1975, intersection+1994, raging+bull+1980, p.s.+2004, loving+you+1957, frenzy+1972, a+goofy+movie+1995, maze+2000, snow+dogs+2002, pitch+black+2000, planet+of+the+apes+2001, the+brothers+2001, cars+2+2011, jurassic+park+1993, serial+1980, crush+2001, a+place+in+the+sun+1951, untitled+2009, 331 ms"
"2022-02-08T19:27:19.472701,166284,recommendation request 17645-team17.isri.cmu.edu:8082, status 200, result: a+dangerous+place+2012, shampoo+1975, the+cat+in+the+hat+2003, cry+freedom+1987, rollerball+1975, ed+1996, the+proprietor+1996, return+of+the+fly+1959, punchline+1988, crossroads+2002, carnosaur+2+1995, the+country+bears+2002, snow+dogs+2002, big+hero+6+2014, z+1969, casper+1995, c.h.o.m.p.s.+1979, how+the+grinch+stole+christmas+2000, junebug+2005, veronica+guerin+2003, 368 ms"
"2022-02-08T19:27:19.472634,262080,recommendation request 17645-team17.isri.cmu.edu:8082, status 200, result: eyewitness+1981, drop+zone+1994, rollerball+1975, pandorum+2009, frenzy+1972, true+crime+1996, inception+2010, phoenix+1998, rosemarys+baby+1968, the+saint+1997, planet+of+the+apes+2001, changing+lanes+2002, shes+having+a+baby+1988, island+2011, x+the+unknown+1956, hopscotch+1980, dinoshark+2010, today+you+die+2005, spasmo+1974, last+man+standing+1996, 362 ms"
"2022-02-08T19:27:20.488982,22481,recommendation request 17645-team17.isri.cmu.edu:8082, status 200, result: cry+freedom+1987, drop+zone+1994, switchback+1997, major+league+ii+1994, frenzy+1972, birdy+1984, moving+1988, harry+and+tonto+1974, the+verdict+1982, harem+1985, junebug+2005, desk+set+1957, out+to+sea+1997, juice+1992, mobsters+1991, eight+men+out+1988, my+one+and+only+2009, hot+to+trot+1988, melvin+and+howard+1980, no+mercy+1986, 395 ms"
"2022-02-08T19:27:20.520058,189330,recommendation request 17645-team17.isri.cmu.edu:8082, status 200, result: cry+freedom+1987, the+snows+of+kilimanjaro+1952, the+other+side+of+the+mountain+1975, code+of+silence+1985, casper+1995, phoenix+1998, the+matrix+revolutions+2003, look+whos+talking+too+1990, the+hot+spot+1990, the+brave+one+2007, hook+1991, blood+and+sand+1989, the+emperors+new+groove+2000, dugs+special+mission+2009, today+you+die+2005, ratatouille+2007, come+see+the+paradise+1990, chicken+little+2005, bulletproof+1996, cars+2006, 376 ms"
"2022-02-08T19:27:20.525829,58519,recommendation request 17645-team17.isri.cmu.edu:8082, status 200, result: american+virgin+2000, barbershop+2002, top+secret+1984, ed+1996, picture+perfect+1997, p.s.+2004, maze+2000, father+of+the+bride+1991, harry+and+walter+go+to+new+york+1976, casper+1995, johnny+english+2003, another+thin+man+1939, the+beverly+hillbillies+1993, the+brothers+2001, working+girl+1988, jurassic+park+1993, serial+1980, evil+dead+ii+1987, crush+2001, heartbreakers+2001, 402 ms"
"2022-02-08T19:27:20.529085,248969,recommendation request 17645-team17.isri.cmu.edu:8082, status 200, result: arranged+2007, about+last+night...+1986, dark+city+1950, the+house+of+yes+1997, james+and+the+giant+peach+1996, p.s.+2004, a+goofy+movie+1995, maze+2000, the+aristocats+1970, nims+island+2008, big+trouble+2002, blood_+guts_+bullets+and+octane+1998, phoenix+1998, masterminds+1997, harem+1985, the+brothers+2001, the+mighty+1998, look+whos+talking+too+1990, crush+2001, side+out+1990, 364 ms"
"2022-02-08T19:27:21.449812,135924,recommendation request 17645-team17.isri.cmu.edu:8082, status 200, result: eyewitness+1981, gotcha+1985, something+new+2006, the+golden+voyage+of+sinbad+1973, the+brother+from+another+planet+1984, rambo+first+blood+part+ii+1985, that+was+then...+this+is+now+1985, the+matrix+reloaded+2003, grande+cole+2004, inception+2010, forrest+gump+1994, love+story+1970, kika+1993, titanic+1997, breakout+1975, the+matrix+revolutions+2003, modesty+blaise+1966, the+big+heat+1953, shes+having+a+baby+1988, the+matrix+1999, 340 ms"
"2022-02-08T19:27:21.393602,294819,recommendation request 17645-team17.isri.cmu.edu:8082, status 200, result: black+beauty+1994, helen+of+troy+1956, airport+77+1977, p.s.+2004, bugsy+1991, deep+rising+1998, that+was+then...+this+is+now+1985, maze+2000, vision+quest+1985, jury+duty+1995, a+little+princess+1995, birdy+1984, rudy+1993, emma+2009, a+pyromaniacs+love+story+1995, the+witches+of+eastwick+1987, shopping+1994, the+island+1980, superman+returns+2006, the+brothers+2001, 323 ms"
"2022-02-08T19:27:21.474463,60333,recommendation request 17645-team17.isri.cmu.edu:8082, status 200, result: above+suspicion+1995, edmond+2005, dial+m+for+murder+1954, the+dresser+1983, johnny+dangerously+1984, lucky+them+2013, off+limits+1988, enough+2002, that+was+then...+this+is+now+1985, light+it+up+1999, 21+2008, striptease+1996, nighthawks+1981, dead+reckoning+1947, the+yakuza+1974, albatross+2011, the+boys+are+back+2009, the+losers+2010, hang+em+high+1968, sleeping+with+the+enemy+1991, 366 ms"
"2022-02-08T19:27:21.474415,230746,recommendation request 17645-team17.isri.cmu.edu:8082, status 200, result: the+dresser+1983, raging+bull+1980, last+holiday+2006, the+other+side+of+the+mountain+1975, light+it+up+1999, a+family+thing+1996, z+1969, forrest+gump+1994, ice+castles+1978, a+shock+to+the+system+1990, the+letter+1940, albatross+2011, junebug+2005, shes+having+a+baby+1988, warriors+of+heaven+and+earth+2003, mobsters+1991, ali+2001, six+weeks+1982, azumi+2003, the+loves+of+carmen+1948, 369 ms"
"2022-02-08T19:27:22.455629,270638,recommendation request 17645-team17.isri.cmu.edu:8082, status 200, result: about+last+night...+1986, notting+hill+1999, p.s.+2004, the+lucky+ones+2008, red+dawn+1984, frenzy+1972, the+other+side+of+the+mountain+1975, maze+2000, in+the+line+of+fire+1993, where+the+heart+is+2000, planet+of+the+apes+2001, the+brothers+2001, my+beautiful+laundrette+1985, an+education+2009, junebug+2005, waiting+to+exhale+1995, sherlock+holmes+in+washington+1943, crush+2001, ever+after+a+cinderella+story+1998, side+out+1990, 355 ms"
"2022-02-08T19:27:23.471122,277653,recommendation request 17645-team17.isri.cmu.edu:8082, status 200, result: the+perfect+score+2004, rollerball+1975, the+gauntlet+1977, the+conspiracy+2012, the+promise+2005, critters+1986, slap+her...+shes+french+2002, planet+of+the+apes+2001, the+yakuza+1974, the+hidden+1987, beneath+the+planet+of+the+apes+1970, the+longest+yard+1974, have+rocket_+will+travel+1959, hopscotch+1980, dinoshark+2010, sucker+punch+2011, holiday+1938, quiz+show+1994, zoot+suit+1981, rv+2006, 431 ms"
"2022-02-08T19:27:23.569795,98710,recommendation request 17645-team17.isri.cmu.edu:8082, status 200, result: rollerball+1975, top+secret+1984, the+gauntlet+1977, the+punisher+1989, the+other+side+of+the+mountain+1975, the+addams+family+1991, a+little+princess+1995, ice+castles+1978, paintball+2009, one+eight+seven+1997, lionheart+1990, coffy+1973, wake+of+death+2004, planet+of+the+apes+2001, phoenix+1998, from+here+to+eternity+1953, ali+2001, eye+of+the+beholder+1999, above+the+law+1988, the+loves+of+carmen+1948, 520 ms"
"2022-02-08T19:27:23.569871,55021,recommendation request 17645-team17.isri.cmu.edu:8082, status 200, result: eyewitness+1981, cry+freedom+1987, the+five+senses+1999, intersection+1994, 8+seconds+1994, the+proprietor+1996, p.s.+2004, courage+under+fire+1996, maze+2000, lethal+weapon+3+1992, 633+squadron+1964, lifeboat+1944, inception+2010, z+1969, grand+illusion+1937, heavens+gate+1980, the+island+1980, the+matrix+revolutions+2003, warriors+of+heaven+and+earth+2003, crush+2001, 525 ms"
"2022-02-08T19:27:23.569796,275183,recommendation request 17645-team17.isri.cmu.edu:8082, status 200, result: the+five+senses+1999, top+secret+1984, 8+seconds+1994, the+proprietor+1996, the+snows+of+kilimanjaro+1952, p.s.+2004, maze+2000, northfork+2003, nims+island+2008, 42nd+street+1933, sex+and+the+city+2008, dick+tracy+1990, a+little+princess+1995, the+water+horse+2007, the+brothers+2001, gone+in+sixty+seconds+2000, the+chronicles+of+narnia+the+voyage+of+the+dawn+treader+2010, changing+lanes+2002, hogfather+2006, juice+1992, 513 ms"
"2022-02-08T19:27:23.591055,305649,recommendation request 17645-team17.isri.cmu.edu:8082, status 200, result: the+cat+in+the+hat+2003, rollerball+1975, ed+1996, 8+seconds+1994, p.s.+2004, vision+quest+1985, a+little+princess+1995, casper+1995, babe+pig+in+the+city+1998, the+witches+of+eastwick+1987, dead+reckoning+1947, how+the+grinch+stole+christmas+2000, rat+2001, the+juror+1996, above+the+law+1988, beyond+the+poseidon+adventure+1979, divergent+2014, l.i.e.+2001, up+at+the+villa+2000, broken+arrow+1950, 527 ms"
"2022-02-08T19:27:24.668829,98639,recommendation request 17645-team17.isri.cmu.edu:8082, status 200, result: the+five+senses+1999, sleepers+1996, raging+bull+1980, p.s.+2004, crossroads+2002, the+aristocats+1970, gods+not+dead+2014, a+little+princess+1995, fulltime+killer+2001, gumby+the+movie+1995, in+too+deep+1999, phoenix+1998, planet+of+the+apes+2001, hackers+1995, another+earth+2011, beyond+the+sea+2004, mighty+morphin+power+rangers+the+movie+1995, serial+bad+weddings+2014, bingo+1991, ruby++quentin+2003, 596 ms"
"2022-02-08T19:27:24.854988,24414,recommendation request 17645-team17.isri.cmu.edu:8082, status 200, result: eyewitness+1981, rollerball+1975, the+snowman+1982, star+wars+episode+iii+-+revenge+of+the+sith+2005, the+high+and+the+mighty+1954, rambo+first+blood+part+ii+1985, johnny+english+2003, the+island+1980, planet+of+the+apes+2001, smokey+and+the+bandit+part+3+1983, the+nuns+story+1959, above+the+law+1988, hopscotch+1980, high+sierra+1941, today+you+die+2005, bulletproof+1996, shrek+the+third+2007, dead+bang+1989, beyond+the+poseidon+adventure+1979, lock+up+1989, 780 ms"
"2022-02-08T19:27:25.394584,289548,recommendation request 17645-team17.isri.cmu.edu:8082, status 200, result: remember+me+2010, the+last+of+the+mohicans+1992, lucky+them+2013, kissing+a+fool+1998, the+golden+voyage+of+sinbad+1973, that+was+then...+this+is+now+1985, never+again+2002, the+island+1980, glory+road+2006, albatross+2011, heartbeeps+1981, kull+the+conqueror+1997, invincible+2006, conan+the+barbarian+1982, roadkill+1989, remember+the+night+1940, get+over+it+2001, taking+chance+2009, shes+out+of+my+league+2010, iron+will+1994, 305 ms"
"2022-02-08T19:27:25.441827,17224,recommendation request 17645-team17.isri.cmu.edu:8082, status 200, result: dark+city+1950, around+the+bend+2004, the+dance+of+reality+2013, lifeboat+1944, birdy+1984, tap+1989, casper+1995, phoenix+1998, planet+of+the+apes+2001, for+keeps+1988, jurassic+park+1993, serial+1980, conan+the+barbarian+1982, days+of+glory+1944, above+the+law+1988, hook+1991, the+man+who+knew+too+much+1956, jennifer+eight+1992, trouble+in+paradise+1932, dungeons++dragons+2000, 363 ms"
"2022-02-08T19:27:25.448387,272614,recommendation request 17645-team17.isri.cmu.edu:8082, status 200, result: mickeys+once+upon+a+christmas+1999, forbidden+zone+1980, about+last+night...+1986, robot+stories+2003, oh_+god+1977, a+goofy+movie+1995, missing+1982, p.s.+2004, mystery_+alaska+1999, the+other+side+of+the+mountain+1975, brimstone++treacle+1982, gods+not+dead+2014, a+family+thing+1996, chicken+run+2000, one+eight+seven+1997, guilty+as+sin+1993, ira++abby+2006, jabberwocky+1977, the+white+sheik+1952, yours_+mine+and+ours+1968, 352 ms"
"2022-02-08T19:27:25.457199,231188,recommendation request 17645-team17.isri.cmu.edu:8082, status 200, result: drop+zone+1994, rollerball+1975, my+man+godfrey+1957, ed+1996, star+wars+episode+iii+-+revenge+of+the+sith+2005, mystery_+alaska+1999, without+a+paddle+2004, in+the+line+of+fire+1993, pride+2014, dead+reckoning+1947, lionheart+1990, wake+of+death+2004, malice+1993, planet+of+the+apes+2001, changing+lanes+2002, have+rocket_+will+travel+1959, the+three+stooges+in+orbit+1962, absolute+power+1997, today+you+die+2005, airport+1975+1974, 371 ms"
"2022-02-08T19:27:26.152406,55776,recommendation request 17645-team17.isri.cmu.edu:8082, status 200, result: one+million+years+b.c.+1966, the+amazing+spider-man+2012, tarzan+1999, prince+of+persia+the+sands+of+time+2010, the+tigger+movie+2000, iron+man+3+2013, pocahontas+1995, the+king+2005, iron+will+1994, chicken+little+2005, john+carter+2012, spider-man+3+2007, bambi+1942, the+lion+king+2+simbas+pride+1998, the+hunchback+of+notre+dame+1996, the+sorcerers+apprentice+2010, mulan+1998, pirates+of+the+caribbean+the+curse+of+the+black+pearl+2003, tangled+2010, treasure+planet+2002, 134 ms"
"2022-02-08T19:27:26.255948,5609,recommendation request 17645-team17.isri.cmu.edu:8082, status 200, result: rollerball+1975, the+amazing+spider-man+2012, a+goofy+movie+1995, frenzy+1972, snow+dogs+2002, lethal+weapon+3+1992, prince+of+persia+the+sands+of+time+2010, inception+2010, forrest+gump+1994, love+story+1970, guilty+as+sin+1993, planet+of+the+apes+2001, the+matrix+revolutions+2003, cars+2+2011, shes+having+a+baby+1988, juice+1992, the+matrix+1999, conan+the+barbarian+1982, above+the+law+1988, jennifer+eight+1992, 224 ms"
"2022-02-08T19:27:27.364278,233111,recommendation request 17645-team17.isri.cmu.edu:8082, status 200, result: black+beauty+1994, bill+cosby+himself+1983, my+man+godfrey+1957, ed+1996, the+proprietor+1996, light+it+up+1999, bad+girls+1994, the+alamo+1960, the+verdict+1982, the+letter+1940, beyond+therapy+1987, above+the+law+1988, made+of+honor+2008, the+dream+team+1989, the+desert+rats+1953, supervixens+1975, the+allnighter+1987, dead+bang+1989, beyond+the+poseidon+adventure+1979, meatballs+4+1992, 307 ms"
"2022-02-08T19:27:27.448628,264221,recommendation request 17645-team17.isri.cmu.edu:8082, status 200, result: shampoo+1975, edmond+2005, forbidden+zone+1980, oh_+god+1977, the+conspiracy+2012, p.s.+2004, the+other+side+of+the+mountain+1975, light+it+up+1999, maze+2000, birdy+1984, sex+and+the+city+2008, the+man+without+a+face+1993, psycho+1998, phoenix+1998, harem+1985, the+brothers+2001, jabberwocky+1977, for+keeps+1988, macabre+1958, junebug+2005, 344 ms"
"2022-02-08T19:27:27.472860,86597,recommendation request 17645-team17.isri.cmu.edu:8082, status 200, result: replicant+2001, remember+me+2010, the+gauntlet+1977, punchline+1988, paths+of+glory+1957, p.s.+2004, the+promise+2005, maze+2000, harry+and+tonto+1974, phoenix+1998, the+yakuza+1974, the+brothers+2001, albatross+2011, a+decade+under+the+influence+2003, junebug+2005, shes+having+a+baby+1988, cherrybomb+2009, crush+2001, days+of+glory+1944, remember+the+night+1940, 408 ms"
"2022-02-08T19:27:27.525476,192037,recommendation request 17645-team17.isri.cmu.edu:8082, status 200, result: eyewitness+1981, rollerball+1975, robot+stories+2003, sleepers+1996, capricorn+one+1977, p.s.+2004, light+it+up+1999, northfork+2003, a+little+princess+1995, chronicle+2012, the+beverly+hillbillies+1993, masterminds+1997, paparazzi+2004, lionheart+1990, wake+of+death+2004, planet+of+the+apes+2001, the+client+1994, marooned+1969, armed+and+dangerous+1986, desk+set+1957, 442 ms"
"2022-02-08T19:27:28.432640,173595,recommendation request 17645-team17.isri.cmu.edu:8082, status 200, result: gleaming+the+cube+1989, eyewitness+1981, rollerball+1975, robot+stories+2003, shaft+in+africa+1973, the+other+side+of+the+mountain+1975, inception+2010, grand+canyon+1991, the+verdict+1982, planet+of+the+apes+2001, fabled+2002, painted+fire+2002, the+matrix+revolutions+2003, king+and+the+clown+2005, island+2011, conan+the+barbarian+1982, the+brave+one+2007, last+night+1998, today+you+die+2005, spasmo+1974, 421 ms"
"2022-02-08T19:27:28.461859,50914,recommendation request 17645-team17.isri.cmu.edu:8082, status 200, result: the+living+dead+girl+1982, ella+enchanted+2004, nothing+but+trouble+1991, bill+cosby+himself+1983, the+conspiracy+2012, doc+hollywood+1991, p.s.+2004, a+goofy+movie+1995, national+lampoons+van+wilder+2002, dead+of+night+1945, fuck+2005, freaky+friday+1976, birdy+1984, the+return+of+the+living+dead+1985, back+to+school+1986, macabre+1958, the+truman+show+1998, class+1983, outrage+2009, beyond+therapy+1987, 397 ms"
"2022-02-08T19:27:28.412678,171966,recommendation request 17645-team17.isri.cmu.edu:8082, status 200, result: the+five+senses+1999, the+snowman+1982, last+holiday+2006, p.s.+2004, solomon+kane+2009, how+i+won+the+war+1967, maze+2000, the+aristocats+1970, birdy+1984, z+1969, harem+1985, the+brothers+2001, beneath+the+planet+of+the+apes+1970, the+comancheros+1961, in+harms+way+1965, crush+2001, conan+the+barbarian+1982, eight+men+out+1988, dark+passage+1947, escape+from+the+planet+of+the+apes+1971, 401 ms"
"2022-02-08T19:27:28.436805,3777,recommendation request 17645-team17.isri.cmu.edu:8082, status 200, result: curdled+1996, neighbors+1981, rise+of+the+planet+of+the+apes+2011, backbeat+1994, derrida+2002, dig+2004, the+proprietor+1996, hero+1992, family+plot+1976, the+other+guys+2010, that+was+then...+this+is+now+1985, the+last+minute+2001, striptease+1996, masterminds+1997, star+wars+1977, shopping+1994, the+blue+max+1966, a+patch+of+blue+1965, money+train+1995, still+bill+2010, 348 ms"
"2022-02-08T19:27:29.529720,152494,recommendation request 17645-team17.isri.cmu.edu:8082, status 200, result: eyewitness+1981, curdled+1996, cry+freedom+1987, frenzy+1972, true+crime+1996, rambo+first+blood+part+ii+1985, vision+quest+1985, a+little+princess+1995, birdy+1984, the+witches+of+eastwick+1987, the+letter+1940, guilty+as+sin+1993, harem+1985, the+hitch-hiker+1953, mobsters+1991, hopscotch+1980, eight+men+out+1988, today+you+die+2005, spasmo+1974, they+made+me+a+criminal+1939, 388 ms"
"2022-02-08T19:27:29.541317,283105,recommendation request 17645-team17.isri.cmu.edu:8082, status 200, result: eyewitness+1981, melody+time+1948, lockout+2012, notting+hill+1999, p.s.+2004, maze+2000, the+aristocats+1970, vision+quest+1985, a+little+princess+1995, gumby+the+movie+1995, haywire+2011, the+witches+of+eastwick+1987, the+brood+1979, saludos+amigos+1942, 9+2005, the+brothers+2001, shivers+1975, my+beautiful+laundrette+1985, crush+2001, the+incredible+hulk+2008, 427 ms"
"2022-02-08T19:27:29.544512,98908,recommendation request 17645-team17.isri.cmu.edu:8082, status 200, result: pandorum+2009, waking+up+in+reno+2002, the+sting+1973, never+again+2002, first+blood+1982, jackie+brown+1997, pitch+black+2000, clockwatchers+1997, cube+zero+2004, atlas+shrugged+part+i+2011, island+2011, get+over+it+2001, extract+2009, breakfast+on+pluto+2005, spasmo+1974, terminator+2+judgment+day+1991, the+signal+2007, melvin+and+howard+1980, the+allnighter+1987, dna+1997, 412 ms"
"2022-02-08T19:27:30.500508,71583,recommendation request 17645-team17.isri.cmu.edu:8082, status 200, result: rollerball+1975, my+man+godfrey+1957, ed+1996, the+conspiracy+2012, guest+house+paradiso+1999, royal+deceit+1994, p.s.+2004, cookie+1989, northfork+2003, 42nd+street+1933, inception+2010, on+moonlight+bay+1951, moving+1988, the+island+1980, the+wizard+1989, hogfather+2006, breakfast+on+pluto+2005, lassie+2005, phantoms+1998, sucker+punch+2011, 430 ms"
"2022-02-08T19:27:31.467781,302036,recommendation request 17645-team17.isri.cmu.edu:8082, status 200, result: the+glimmer+man+1996, drop+zone+1994, top+secret+1984, ed+1996, the+high+and+the+mighty+1954, cookie+1989, p.s.+2004, the+addams+family+1991, a+christmas+carol+2009, lethal+weapon+3+1992, without+a+paddle+2004, maze+2000, a+little+princess+1995, the+brothers+2001, the+mighty+1998, running+scared+1986, changing+lanes+2002, crush+2001, happy_+texas+1999, romeo+and+juliet+1936, 348 ms"
"2022-02-08T19:27:31.462803,248257,recommendation request 17645-team17.isri.cmu.edu:8082, status 200, result: switchback+1997, robot+stories+2003, six+pack+1982, the+last+of+the+mohicans+1992, lockout+2012, p.s.+2004, deep+rising+1998, a+family+thing+1996, northfork+2003, haywire+2011, moving+1988, harry+and+tonto+1974, patriot+games+1992, for+keeps+1988, free+willy+3+the+rescue+1997, juice+1992, from+here+to+eternity+1953, the+incredible+hulk+2008, last+night+1998, side+out+1990, 366 ms"
"2022-02-08T19:27:31.475615,260894,recommendation request 17645-team17.isri.cmu.edu:8082, status 200, result: n+1998, curdled+1996, red+dawn+1984, walle+2008, courage+under+fire+1996, edward+scissorhands+1990, lifeboat+1944, johnny+english+2003, the+verdict+1982, one+man+band+2005, the+yakuza+1974, on+deadly+ground+1994, the+hitch-hiker+1953, from+dusk+till+dawn+1996, the+living+daylights+1987, conan+the+barbarian+1982, the+incredible+hulk+2008, fail+safe+2000, lifted+2006, mobsters+1991, 347 ms"
"2022-02-08T19:27:32.405770,276195,recommendation request 17645-team17.isri.cmu.edu:8082, status 200, result: eyewitness+1981, drop+zone+1994, about+last+night...+1986, barbershop+2002, frenzy+1972, the+other+side+of+the+mountain+1975, maze+2000, a+family+thing+1996, detective+story+1951, chronicle+2012, ice+castles+1978, another+thin+man+1939, harry+and+tonto+1974, the+saint+1997, junebug+2005, island+2011, from+here+to+eternity+1953, ali+2001, crush+2001, side+out+1990, 340 ms"
"2022-02-08T19:27:32.455044,149915,recommendation request 17645-team17.isri.cmu.edu:8082, status 200, result: black+beauty+1994, greedy+1994, helen+of+troy+1956, ed+1996, airport+77+1977, white+hunter+black+heart+1990, death+becomes+her+1992, the+island+1980, mcq+1974, leprechaun+2+1994, above+the+law+1988, eating+raoul+1982, rumble+fish+1983, airport+1975+1974, avalanche+1978, edtv+1999, because+i+said+so+2007, shenandoah+1965, dead+bang+1989, slither+2006, 297 ms"
"2022-02-08T19:27:32.459355,108474,recommendation request 17645-team17.isri.cmu.edu:8082, status 200, result: eyewitness+1981, cry+freedom+1987, bill+cosby+himself+1983, jesus+christ+superstar+1973, stick+it+2006, the+longest+day+1962, james+and+the+giant+peach+1996, the+proprietor+1996, rancho+deluxe+1975, my+man+godfrey+1957, a+goofy+movie+1995, ed+1996, barbarosa+1982, lifeboat+1944, z+1969, flash+of+genius+2008, grand+illusion+1937, lightning+jack+1994, the+yakuza+1974, on+deadly+ground+1994, 328 ms"
"2022-02-08T19:27:32.508707,26876,recommendation request 17645-team17.isri.cmu.edu:8082, status 200, result: american+virgin+2000, eyewitness+1981, rollerball+1975, top+secret+1984, rio+bravo+1959, the+conspiracy+2012, the+addams+family+1991, detective+story+1951, a+little+princess+1995, the+godfather+part+iii+1990, the+island+1980, big+jake+1971, unforgiven+1992, the+matrix+revolutions+2003, jurassic+park+1993, kull+the+conqueror+1997, driven+2001, above+the+law+1988, hopscotch+1980, today+you+die+2005, 375 ms"
"2022-02-08T19:27:33.497601,140405,recommendation request 17645-team17.isri.cmu.edu:8082, status 200, result: sullivans+travels+1941, oh_+god+1977, the+conspiracy+2012, last+holiday+2006, p.s.+2004, red+dawn+1984, shaft+in+africa+1973, maze+2000, without+a+paddle+2004, detective+story+1951, the+rage+carrie+2+1999, moving+1988, the+witches+of+eastwick+1987, a+patch+of+blue+1965, the+brothers+2001, bad+company+1972, macabre+1958, the+matrix+revolutions+2003, crush+2001, the+brave+one+2007, 400 ms"
"2022-02-08T19:27:33.521075,248460,recommendation request 17645-team17.isri.cmu.edu:8082, status 200, result: dead+of+winter+1987, drop+zone+1994, rollerball+1975, the+longest+day+1962, star+wars+episode+iii+-+revenge+of+the+sith+2005, red+dawn+1984, without+a+paddle+2004, lifeboat+1944, grand+illusion+1937, the+saint+1997, sanjuro+1962, planet+of+the+apes+2001, patriot+games+1992, changing+lanes+2002, in+harms+way+1965, the+fury+1978, bingo+1991, the+thin+man+goes+home+1945, the+hidden+fortress+1958, red+2010, 400 ms"
"2022-02-08T19:27:33.383275,267463,recommendation request 17645-team17.isri.cmu.edu:8082, status 200, result: eyewitness+1981, lockout+2012, a+goofy+movie+1995, vision+quest+1985, freaky+friday+1976, a+little+princess+1995, haywire+2011, the+witches+of+eastwick+1987, guilty+as+sin+1993, patriot+games+1992, winnie+the+pooh+2011, shes+having+a+baby+1988, juice+1992, breakdown+1997, hopscotch+1980, the+emperors+new+groove+2000, today+you+die+2005, ratatouille+2007, shrek+the+third+2007, patton+1970, 317 ms"
"2022-02-08T19:27:33.509439,119658,recommendation request 17645-team17.isri.cmu.edu:8082, status 200, result: wreck-it+ralph+2012, the+wedding+singer+1998, melody+time+1948, 8+seconds+1994, p.s.+2004, a+goofy+movie+1995, crossroads+2002, the+country+bears+2002, snow+dogs+2002, the+aristocats+1970, big+hero+6+2014, father+of+the+bride+1991, nims+island+2008, cabin+boy+1994, saludos+amigos+1942, serial+1980, murphys+romance+1985, conan+the+barbarian+1982, the+women+2008, hook+1991, 394 ms"
"2022-02-08T19:27:34.373069,180842,recommendation request 17645-team17.isri.cmu.edu:8082, status 200, result: cry+freedom+1987, about+last+night...+1986, the+proprietor+1996, sling+blade+1996, p.s.+2004, a+family+thing+1996, northfork+2003, z+1969, lifeboat+1944, the+verdict+1982, a+patch+of+blue+1965, the+mighty+1998, junebug+2005, hogfather+2006, look+whos+talking+too+1990, sunday+bloody+sunday+1971, the+nuns+story+1959, side+out+1990, scarface+1932, remember+the+night+1940, 346 ms"
"2022-02-08T19:27:34.403587,44493,recommendation request 17645-team17.isri.cmu.edu:8082, status 200, result: rollerball+1975, barbershop+2002, amityville+ii+the+possession+1982, prison+1988, street+fighter+the+legend+of+chun-li+2009, frenzy+1972, red+dawn+1984, the+other+side+of+the+mountain+1975, brimstone++treacle+1982, the+hound+of+the+baskervilles+1978, frankenstein+meets+the+wolf+man+1943, the+woman+2011, excision+2012, another+thin+man+1939, the+fog+2005, private+parts+1972, planet+of+the+apes+2001, dinoshark+2010, babes+in+toyland+1934, apartment+zero+1988, 366 ms"
"2022-02-08T19:27:34.400776,117652,recommendation request 17645-team17.isri.cmu.edu:8082, status 200, result: drop+zone+1994, switchback+1997, the+lucky+ones+2008, the+other+side+of+the+mountain+1975, prince+of+persia+the+sands+of+time+2010, die+weisse+rose+1982, harry+and+tonto+1974, the+verdict+1982, sanjuro+1962, junebug+2005, an+education+2009, remember+the+night+1940, my+one+and+only+2009, the+hidden+fortress+1958, gung+ho+1986, get+real+1998, bloomington+2010, star+trek+ii+the+wrath+of+khan+1982, kagemusha+1980, the+robe+1953, 354 ms"
"2022-02-08T19:27:34.454872,134180,recommendation request 17645-team17.isri.cmu.edu:8082, status 200, result: american+virgin+2000, rollerball+1975, the+longest+day+1962, the+dirty+dozen+next+mission+1985, light+it+up+1999, freaky+friday+1976, lifeboat+1944, dick+tracy+1990, grand+illusion+1937, pitch+black+2000, the+verdict+1982, steel+1997, apocalypto+2006, in+harms+way+1965, the+incredible+hulk+2008, the+women+2008, terminator+2+judgment+day+1991, rescue+dawn+2006, the+allnighter+1987, the+gnome-mobile+1967, 388 ms"
"2022-02-08T19:27:35.455512,225025,recommendation request 17645-team17.isri.cmu.edu:8082, status 200, result: rio+2+2014, bill+cosby+himself+1983, ed+1996, p.s.+2004, rambo+first+blood+part+ii+1985, maze+2000, the+aristocats+1970, sex+and+the+city+2008, casper+1995, paintball+2009, the+brothers+2001, jurassic+park+1993, blind+fury+1989, crush+2001, island+2011, hook+1991, beyond+therapy+1987, ice+age+dawn+of+the+dinosaurs+2009, the+emperors+new+groove+2000, ratatouille+2007, 340 ms"
"2022-02-08T19:27:35.471590,206484,recommendation request 17645-team17.isri.cmu.edu:8082, status 200, result: drop+zone+1994, intersection+1994, ed+1996, the+gauntlet+1977, loving+you+1957, crossroads+2002, the+other+side+of+the+mountain+1975, flashdance+1983, detective+story+1951, casper+1995, four+brothers+2005, my+fair+lady+1964, jurassic+park+1993, junebug+2005, island+2011, conan+the+barbarian+1982, the+brave+one+2007, the+living+daylights+1987, scarface+1932, of+human+bondage+1934, 390 ms"
"2022-02-08T19:27:35.472317,50250,recommendation request 17645-team17.isri.cmu.edu:8082, status 200, result: meet+me+in+st.+louis+1944, the+five+senses+1999, criminal+law+1988, mary+poppins+1964, agnes+of+god+1985, 8+seconds+1994, the+proprietor+1996, the+conspiracy+2012, all+the+mornings+of+the+world+1991, gumby+the+movie+1995, phoenix+1998, a+patch+of+blue+1965, lady+chatterley+2006, working+girl+1988, macabre+1958, on+the+town+1949, a+man+and+a+woman+1966, full+speed+1996, juice+1992, eye+of+the+beholder+1999, 368 ms"
"2022-02-08T19:27:36.366861,97976,recommendation request 17645-team17.isri.cmu.edu:8082, status 200, result: 8+seconds+1994, the+next+three+days+2010, phoenix+1998, 9+2005, albatross+2011, fabled+2002, the+yakuza+1974, painted+fire+2002, junebug+2005, bottle+rocket+1996, king+and+the+clown+2005, the+living+daylights+1987, cherrybomb+2009, ali+2001, the+eagle+has+landed+1976, six+weeks+1982, above+the+law+1988, my+one+and+only+2009, jennifer+eight+1992, down+in+the+delta+1998, 334 ms"
"2022-02-08T19:27:36.304998,178473,recommendation request 17645-team17.isri.cmu.edu:8082, status 200, result: cry+freedom+1987, pandorum+2009, top+secret+1984, major+league+ii+1994, the+addams+family+1991, a+little+princess+1995, resident+evil+apocalypse+2004, dick+tracy+1990, johnny+english+2003, paul+2011, moving+1988, ghoulies+ii+1987, company+man+2000, the+matrix+revolutions+2003, shes+having+a+baby+1988, the+brave+one+2007, dinoshark+2010, bloodstone+subspecies+ii+1993, orgy+of+the+dead+1965, hot+to+trot+1988, 266 ms"
"2022-02-08T19:27:36.387579,45779,recommendation request 17645-team17.isri.cmu.edu:8082, status 200, result: the+wiz+1978, shampoo+1975, avanti+1972, nothing+like+the+holidays+2008, neighbors+1981, sprung+1997, the+snowman+1982, the+princess+and+the+goblin+1992, the+croods+2013, as+you+like+it+2006, think+like+a+man+too+2014, never+again+2002, just+go+with+it+2011, romantic+comedy+1983, twentieth+century+1934, nims+island+2008, punks+2000, tomcats+2001, the+match+1999, oz+the+great+and+powerful+2013, 348 ms"
"2022-02-08T19:27:37.256479,209695,recommendation request 17645-team17.isri.cmu.edu:8082, status 200, result: a+world+without+thieves+2004, the+mummy+tomb+of+the+dragon+emperor+2008, for+your+eyes+only+1981, wake+of+death+2004, goldfinger+1964, goldeneye+1995, diamonds+are+forever+1971, the+living+daylights+1987, warriors+of+heaven+and+earth+2003, double+take+2001, ronin+1998, hopscotch+1980, azumi+2003, green+dragon+2001, cuba+1979, moonraker+1979, the+professional+1981, the+hidden+fortress+1958, hero+2002, a+view+to+a+kill+1985, 180 ms"
"2022-02-08T19:27:37.456810,306012,recommendation request 17645-team17.isri.cmu.edu:8082, status 200, result: suburban+commando+1991, 8+seconds+1994, last+holiday+2006, code+of+silence+1985, freaky+friday+1976, detective+story+1951, gumby+the+movie+1995, ice+castles+1978, c.h.o.m.p.s.+1979, phoenix+1998, harem+1985, time+bandits+1981, the+hot+spot+1990, from+here+to+eternity+1953, quartet+1981, hook+1991, hopscotch+1980, the+loves+of+carmen+1948, bingo+1991, spaced+invaders+1990, 381 ms"
"2022-02-08T19:27:37.456397,9438,recommendation request 17645-team17.isri.cmu.edu:8082, status 200, result: ella+enchanted+2004, p.s.+2004, a+goofy+movie+1995, maze+2000, harry+and+tonto+1974, masterminds+1997, dead+reckoning+1947, live+2007, junebug+2005, desk+set+1957, out+to+sea+1997, mighty+aphrodite+1995, crush+2001, bridesmaids+2011, my+one+and+only+2009, ratatouille+2007, silverado+1985, fallen+1998, the+allnighter+1987, unfaithfully+yours+1984, 377 ms"
"2022-02-08T19:27:38.437727,103547,recommendation request 17645-team17.isri.cmu.edu:8082, status 200, result: p.s.+2004, frenzy+1972, dont+move+2004, the+other+side+of+the+mountain+1975, maze+2000, thank+you+for+smoking+2005, in+the+line+of+fire+1993, northfork+2003, the+brothers+mcmullen+1995, bad+girls+1994, the+yakuza+1974, the+brothers+2001, the+client+1994, gravity+2013, another+earth+2011, junebug+2005, sherlock+holmes+in+washington+1943, crush+2001, 10th++wolf+2006, juno+2007, 372 ms"
"2022-02-08T19:27:38.475696,92906,recommendation request 17645-team17.isri.cmu.edu:8082, status 200, result: avanti+1972, bob+roberts+1992, it+1927, black+sheep+1996, bbs+kids+1992, roman+holiday+1953, that+was+then...+this+is+now+1985, brain+donors+1992, cousins+1989, strangers+with+candy+2006, forrest+gump+1994, citizens+band+1977, assisted+living+2005, being+there+1979, animal+crackers+1930, bulworth+1998, clockwatchers+1997, days+of+heaven+1978, junebug+2005, shes+having+a+baby+1988, 419 ms"
"2022-02-08T19:27:38.467406,297180,recommendation request 17645-team17.isri.cmu.edu:8082, status 200, result: the+perfect+score+2004, arranged+2007, barbershop+2002, notting+hill+1999, p.s.+2004, desert+blue+1999, light+it+up+1999, maze+2000, fuck+2005, big+trouble+2002, your+friends++neighbors+1998, another+thin+man+1939, blood_+guts_+bullets+and+octane+1998, masterminds+1997, the+brothers+2001, my+beautiful+laundrette+1985, the+longest+yard+1974, junebug+2005, shes+having+a+baby+1988, juice+1992, 412 ms"
"2022-02-08T19:27:39.453354,300638,recommendation request 17645-team17.isri.cmu.edu:8082, status 200, result: cry+freedom+1987, rollerball+1975, frenzy+1972, missing+1982, scorpio+1973, sling+blade+1996, paparazzi+2004, planet+of+the+apes+2001, the+mighty+1998, shes+having+a+baby+1988, juice+1992, the+juror+1996, ali+2001, above+the+law+1988, blood+and+sand+1989, jennifer+eight+1992, knockout+2000, come+see+the+paradise+1990, the+idolmaker+1980, zoot+suit+1981, 376 ms"
"2022-02-08T19:27:39.516518,12799,recommendation request 17645-team17.isri.cmu.edu:8082, status 200, result: switchback+1997, sleepers+1996, mary+poppins+1964, red+dawn+1984, p.s.+2004, maze+2000, the+addams+family+1991, code+of+silence+1985, in+the+line+of+fire+1993, freaky+friday+1976, birdy+1984, the+letter+1940, phoenix+1998, dead+reckoning+1947, harem+1985, the+yakuza+1974, the+brothers+2001, the+client+1994, winnie+the+pooh+2011, the+living+daylights+1987, 419 ms"
"2022-02-08T19:27:39.517512,142582,recommendation request 17645-team17.isri.cmu.edu:8082, status 200, result: rollerball+1975, true+crime+1996, shaft+in+africa+1973, big+hero+6+2014, in+the+line+of+fire+1993, spy+kids+3-d+game+over+2003, lenfer+1994, va+savoir+who+knows+2001, the+yakuza+1974, the+matrix+revolutions+2003, mobsters+1991, the+fury+1978, the+man+who+knew+too+much+1956, dark+passage+1947, dinoshark+2010, 10th++wolf+2006, last+man+standing+1996, the+giant+of+marathon+1959, underdog+2007, happily+ever+after+2004, 407 ms"
"2022-02-08T19:27:39.527451,52010,recommendation request 17645-team17.isri.cmu.edu:8082, status 200, result: gleaming+the+cube+1989, black+beauty+1994, eyewitness+1981, drop+zone+1994, rollerball+1975, mickeys+once+upon+a+christmas+1999, wreck-it+ralph+2012, star+wars+episode+iii+-+revenge+of+the+sith+2005, cazuza+time+doesnt+stop+2004, a+goofy+movie+1995, courage+under+fire+1996, nothing+to+lose+1994, the+aristocats+1970, behind+the+sun+2001, a+little+princess+1995, chicken+run+2000, grand+canyon+1991, the+verdict+1982, the+saint+1997, planet+of+the+apes+2001, 393 ms"
"2022-02-08T19:27:40.758736,264052,recommendation request 17645-team17.isri.cmu.edu:8082, status 200, result: the+family+man+2000, love+and+death+1975, drop+zone+1994, rollerball+1975, my+man+godfrey+1957, the+specials+2000, ed+1996, star+wars+episode+iii+-+revenge+of+the+sith+2005, p.s.+2004, midnight+1939, never+again+2002, without+a+paddle+2004, star+trek+insurrection+1998, uncommon+valor+1983, cq+2001, a+family+thing+1996, the+secret+of+my+success+1987, wake+of+death+2004, planet+of+the+apes+2001, screwed+2000, 607 ms"
"2022-02-08T19:27:40.764734,147100,recommendation request 17645-team17.isri.cmu.edu:8082, status 200, result: rollerball+1975, top+secret+1984, the+avengers+1998, oh_+god+1977, star+wars+episode+iii+-+revenge+of+the+sith+2005, doc+hollywood+1991, p.s.+2004, the+addams+family+1991, a+little+princess+1995, moving+1988, national+lampoons+vacation+1983, lionheart+1990, wake+of+death+2004, planet+of+the+apes+2001, serial+1980, out+to+sea+1997, airport+1975+1974, hot+to+trot+1988, bulletproof+1996, the+allnighter+1987, 676 ms"
"2022-02-08T19:27:40.787864,106368,recommendation request 17645-team17.isri.cmu.edu:8082, status 200, result: black+beauty+1994, rollerball+1975, p.s.+2004, maze+2000, spirit+stallion+of+the+cimarron+2002, the+aristocats+1970, detective+story+1951, a+little+princess+1995, prince+of+persia+the+sands+of+time+2010, the+brothers+mcmullen+1995, the+brothers+2001, island+2011, crush+2001, millions+2005, remember+the+night+1940, dugs+special+mission+2009, jennifer+eight+1992, ratatouille+2007, gung+ho+1986, cars+2006, 711 ms"
"2022-02-08T19:27:40.804943,262058,recommendation request 17645-team17.isri.cmu.edu:8082, status 200, result: whisper+of+the+heart+1995, and+now...+ladies+and+gentlemen...+2002, 8+seconds+1994, ed+1996, the+conspiracy+2012, p.s.+2004, around+the+bend+2004, nims+island+2008, z+1969, lifeboat+1944, casper+1995, the+great+escape+1963, macabre+1958, full+speed+1996, jurassic+park+1993, junebug+2005, shes+having+a+baby+1988, mobsters+1991, from+here+to+eternity+1953, ali+2001, 686 ms"
"2022-02-08T19:27:40.805212,279492,recommendation request 17645-team17.isri.cmu.edu:8082, status 200, result: eyewitness+1981, rollerball+1975, ed+1996, star+wars+episode+iii+-+revenge+of+the+sith+2005, cazuza+time+doesnt+stop+2004, p.s.+2004, last+holiday+2006, nothing+to+lose+1994, maze+2000, behind+the+sun+2001, a+family+thing+1996, detective+story+1951, lifeboat+1944, one+eight+seven+1997, planet+of+the+apes+2001, the+brothers+2001, junebug+2005, shes+having+a+baby+1988, unaccompanied+minors+2006, ernest+in+the+army+1998, 698 ms"
"2022-02-08T19:27:40.804988,70268,recommendation request 17645-team17.isri.cmu.edu:8082, status 200, result: oh_+god+1977, 8+seconds+1994, ed+1996, the+snowman+1982, a+goofy+movie+1995, barbarosa+1982, the+wash+2001, macgruber+2010, light+it+up+1999, the+country+bears+2002, snow+dogs+2002, the+aristocats+1970, casper+1995, moving+1988, the+verdict+1982, the+witches+of+eastwick+1987, phoenix+1998, opportunity+knocks+1990, jurassic+park+1993, surfer_+dude+2008, 725 ms"
"2022-02-08T19:27:40.830223,39042,recommendation request 17645-team17.isri.cmu.edu:8082, status 200, result: eyewitness+1981, drop+zone+1994, barbershop+2002, the+last+of+the+mohicans+1992, 8+seconds+1994, the+proprietor+1996, p.s.+2004, 633+squadron+1964, detective+story+1951, nims+island+2008, lifeboat+1944, in+too+deep+1999, another+thin+man+1939, the+saint+1997, mobsters+1991, hook+1991, today+you+die+2005, jennifer+eight+1992, boys+town+1938, never+let+me+go+2010, 710 ms"
"2022-02-08T19:27:41.789488,235253,recommendation request 17645-team17.isri.cmu.edu:8082, status 200, result: black+beauty+1994, ed+1996, p.s.+2004, walle+2008, maze+2000, lethal+weapon+3+1992, flashdance+1983, a+little+princess+1995, forrest+gump+1994, inception+2010, casper+1995, harry+and+tonto+1974, one+man+band+2005, the+matrix+revolutions+2003, jurassic+park+1993, junebug+2005, shes+having+a+baby+1988, the+matrix+1999, crush+2001, the+nuns+story+1959, 688 ms"
"2022-02-08T19:27:41.803926,199371,recommendation request 17645-team17.isri.cmu.edu:8082, status 200, result: cry+freedom+1987, the+avengers+1998, a+goofy+movie+1995, frenzy+1972, true+crime+1996, walle+2008, lethal+weapon+3+1992, incognito+1997, inception+2010, one+man+band+2005, the+island+1980, analyze+that+2002, planet+of+the+apes+2001, the+matrix+revolutions+2003, the+matrix+1999, the+brave+one+2007, island+2011, lifted+2006, of+human+bondage+1934, above+the+law+1988, 705 ms"
"2022-02-08T19:27:41.843040,168166,recommendation request 17645-team17.isri.cmu.edu:8082, status 200, result: six+pack+1982, lockout+2012, a+goofy+movie+1995, p.s.+2004, courage+under+fire+1996, the+other+side+of+the+mountain+1975, maze+2000, a+family+thing+1996, freaky+friday+1976, ice+castles+1978, haywire+2011, harry+and+tonto+1974, iris+2001, love+story+1970, the+brothers+2001, winnie+the+pooh+2011, an+education+2009, shes+having+a+baby+1988, island+2011, from+here+to+eternity+1953, 743 ms"
"2022-02-08T19:27:41.867962,148347,recommendation request 17645-team17.isri.cmu.edu:8082, status 200, result: eyewitness+1981, top+secret+1984, ed+1996, frenzy+1972, the+addams+family+1991, the+andromeda+strain+1971, a+little+princess+1995, inception+2010, pitch+black+2000, psycho+1998, a+shock+to+the+system+1990, for+keeps+1988, running+scared+1986, changing+lanes+2002, cherrybomb+2009, have+rocket_+will+travel+1959, island+2011, the+juror+1996, ali+2001, flowers+in+the+attic+1987, 756 ms"
"2022-02-08T19:27:41.871423,54188,recommendation request 17645-team17.isri.cmu.edu:8082, status 200, result: cry+freedom+1987, the+five+senses+1999, raging+bull+1980, frenzy+1972, walle+2008, the+nomi+song+2004, no+small+affair+1984, prince+of+persia+the+sands+of+time+2010, one+man+band+2005, the+letter+1940, m.+butterfly+1993, the+nuns+story+1959, lifted+2006, side+out+1990, dugs+special+mission+2009, ratatouille+2007, breakfast+on+pluto+2005, melvin+and+howard+1980, get+real+1998, rocky+1976, 760 ms"
"2022-02-08T19:27:41.869285,129154,recommendation request 17645-team17.isri.cmu.edu:8082, status 200, result: cry+freedom+1987, pandorum+2009, 28+weeks+later+2007, the+conspiracy+2012, doc+hollywood+1991, changeling+2008, altered+2006, snow+dogs+2002, die+another+day+2002, freaky+friday+1976, gumby+the+movie+1995, moving+1988, the+matrix+revolutions+2003, juice+1992, the+brave+one+2007, the+fury+1978, dinoshark+2010, last+man+standing+1996, house+of+frankenstein+1944, edge+of+tomorrow+2014, 757 ms"
"2022-02-08T19:27:41.873020,230215,recommendation request 17645-team17.isri.cmu.edu:8082, status 200, result: home+page+1998, cry+freedom+1987, p.s.+2004, red+dawn+1984, crossroads+2002, frenzy+1972, the+other+side+of+the+mountain+1975, the+country+bears+2002, snow+dogs+2002, big+hero+6+2014, maze+2000, light+it+up+1999, a+little+princess+1995, ice+castles+1978, where+the+heart+is+2000, marooned+1969, bottle+rocket+1996, crush+2001, from+here+to+eternity+1953, ali+2001, 761 ms"
"2022-02-08T19:27:42.307759,15164,recommendation request 17645-team17.isri.cmu.edu:8082, status 200, result: the+family+stone+2005, off+limits+1988, frenzy+1972, primal+fear+1996, scarface+1983, that+was+then...+this+is+now+1985, the+andromeda+strain+1971, in+the+line+of+fire+1993, pushing+hands+1992, psycho+1998, drumline+2002, dead+reckoning+1947, the+truth+about+charlie+2002, clockwatchers+1997, junebug+2005, basic+2003, against+all+odds+1984, 10th++wolf+2006, the+guardian+1990, axed+2012, 275 ms"
"2022-02-08T19:27:42.392422,229727,recommendation request 17645-team17.isri.cmu.edu:8082, status 200, result: coldblooded+1995, 8+seconds+1994, p.s.+2004, the+other+side+of+the+mountain+1975, maze+2000, snow+dogs+2002, freaky+friday+1976, father+of+the+bride+1991, splash+1984, dumb+and+dumber+to+2014, moving+1988, oz+the+great+and+powerful+2013, the+brothers+2001, going+the+distance+2010, junebug+2005, crush+2001, the+women+2008, my+one+and+only+2009, untitled+2009, hall+pass+2011, 335 ms"
"2022-02-08T19:27:42.421872,104696,recommendation request 17645-team17.isri.cmu.edu:8082, status 200, result: remember+me+2010, the+parent+trap+1998, drop+zone+1994, the+five+senses+1999, mary+poppins+1964, drunken+angel+1948, the+conspiracy+2012, american+psycho+2000, snow+dogs+2002, the+addams+family+1991, freaky+friday+1976, footloose+1984, blacula+1972, the+saint+1997, sanjuro+1962, my+fair+lady+1964, from+beyond+1986, the+fan+1981, jennifer+eight+1992, come+see+the+paradise+1990, 367 ms"
"2022-02-08T19:27:42.322747,285184,recommendation request 17645-team17.isri.cmu.edu:8082, status 200, result: bad+teacher+2011, neighbors+1981, we+were+soldiers+2002, the+last+of+the+mohicans+1992, punchline+1988, the+longest+day+1962, the+gauntlet+1977, key+largo+1948, midway+1976, 633+squadron+1964, just+go+with+it+2011, dick+1999, henry+v+1944, cromwell+1970, savior+1998, 28+days+2000, the+yakuza+1974, the+losers+2010, following+1998, juice+1992, 263 ms"
"2022-02-08T19:27:42.417384,166456,recommendation request 17645-team17.isri.cmu.edu:8082, status 200, result: dark+city+1950, intersection+1994, major+league+ii+1994, notting+hill+1999, p.s.+2004, red+dawn+1984, frenzy+1972, courage+under+fire+1996, maze+2000, the+andromeda+strain+1971, a+time+to+kill+1996, birdy+1984, psycho+1998, moving+1988, harem+1985, the+yakuza+1974, the+brothers+2001, my+beautiful+laundrette+1985, crush+2001, island+2011, 383 ms"
"2022-02-08T19:27:43.428900,200876,recommendation request 17645-team17.isri.cmu.edu:8082, status 200, result: the+new+age+1994, dial+m+for+murder+1954, in+the+mouth+of+madness+1994, frenzy+1972, true+crime+1996, that+was+then...+this+is+now+1985, a+time+to+kill+1996, two+deaths+1995, the+yakuza+1974, the+client+1994, the+losers+2010, rocky+iii+1982, the+roaring+twenties+1939, from+here+to+eternity+1953, richard+iii+1955, they+drive+by+night+1940, spasmo+1974, they+made+me+a+criminal+1939, patton+1970, fire+down+below+1997, 330 ms"
"2022-02-08T19:27:43.474601,100252,recommendation request 17645-team17.isri.cmu.edu:8082, status 200, result: the+longest+day+1962, intersection+1994, lockout+2012, loving+you+1957, courage+under+fire+1996, walle+2008, detective+story+1951, lifeboat+1944, grand+illusion+1937, haywire+2011, one+man+band+2005, the+blue+max+1966, planet+of+the+apes+2001, beneath+the+planet+of+the+apes+1970, serial+1980, in+harms+way+1965, island+2011, the+incredible+hulk+2008, from+here+to+eternity+1953, the+women+2008, 389 ms"
"2022-02-08T19:27:44.463993,14025,recommendation request 17645-team17.isri.cmu.edu:8082, status 200, result: gleaming+the+cube+1989, whisper+of+the+heart+1995, pandorum+2009, rollerball+1975, intersection+1994, true+crime+1996, lethal+weapon+3+1992, resident+evil+apocalypse+2004, inception+2010, grand+canyon+1991, the+verdict+1982, the+matrix+revolutions+2003, the+juror+1996, the+brave+one+2007, island+2011, above+the+law+1988, dinoshark+2010, ratatouille+2007, spirited+away+2001, fire+down+below+1997, 399 ms"
"2022-02-08T19:27:44.449108,186618,recommendation request 17645-team17.isri.cmu.edu:8082, status 200, result: the+glimmer+man+1996, the+parent+trap+1998, rollerball+1975, the+high+and+the+mighty+1954, doc+hollywood+1991, p.s.+2004, mystery_+alaska+1999, show+boat+1951, maze+2000, lethal+weapon+3+1992, the+country+bears+2002, snow+dogs+2002, moving+1988, planet+of+the+apes+2001, junebug+2005, crush+2001, above+the+law+1988, my+one+and+only+2009, the+sisterhood+of+the+traveling+pants+2+2008, underdog+2007, 417 ms"
"2022-02-08T19:27:44.471115,75866,recommendation request 17645-team17.isri.cmu.edu:8082, status 200, result: drop+zone+1994, rollerball+1975, the+longest+day+1962, the+darkest+hour+2011, the+conspiracy+2012, star+wars+episode+iii+-+revenge+of+the+sith+2005, the+amazing+spider-man+2012, the+golden+voyage+of+sinbad+1973, lethal+weapon+3+1992, without+a+paddle+2004, lifeboat+1944, inception+2010, grand+illusion+1937, masterminds+1997, steel+1997, macabre+1958, the+matrix+revolutions+2003, changing+lanes+2002, in+harms+way+1965, the+brave+one+2007, 469 ms"
"2022-02-08T19:27:45.212348,293772,recommendation request 17645-team17.isri.cmu.edu:8082, status 200, result: taps+1981, i+wake+up+screaming+1941, undertow+2004, kiss+of+death+1947, the+robe+1953, niagara+1953, enough+2002, light+it+up+1999, pinky+1949, beyond+the+valley+of+the+dolls+1970, the+event+2003, the+verdict+1982, the+vanishing+1993, night+and+the+city+1950, leave+her+to+heaven+1945, kahaani+2012, descent+2007, frisk+1996, i+melt+with+you+2011, fargo+1996, 137 ms"
"2022-02-08T19:27:45.383850,270784,recommendation request 17645-team17.isri.cmu.edu:8082, status 200, result: the+cat+in+the+hat+2003, ed+1996, a+goofy+movie+1995, p.s.+2004, freaky+friday+1976, a+little+princess+1995, spy+kids+3-d+game+over+2003, gumby+the+movie+1995, casper+1995, the+flight+of+dragons+1982, the+island+1980, cars+2+2011, the+emperors+new+groove+2000, ratatouille+2007, lassie+2005, chicken+little+2005, underdog+2007, d.a.r.y.l.+1985, the+incredibles+2004, seven+alone+1974, 282 ms"
"2022-02-08T19:27:45.595244,258177,recommendation request 17645-team17.isri.cmu.edu:8082, status 200, result: shampoo+1975, the+wedding+singer+1998, the+avengers+1998, bill+cosby+himself+1983, punchline+1988, frenzy+1972, true+crime+1996, incognito+1997, chicken+run+2000, analyze+that+2002, junebug+2005, the+truman+show+1998, juice+1992, some+days+are+better+than+others+2011, the+brave+one+2007, the+women+2008, mr.+jealousy+1997, beyond+therapy+1987, his+girl+friday+1940, above+the+law+1988, 515 ms"
"2022-02-08T19:27:46.378251,41804,recommendation request 17645-team17.isri.cmu.edu:8082, status 200, result: the+five+senses+1999, the+last+of+the+mohicans+1992, the+house+of+yes+1997, the+proprietor+1996, charisma+1999, the+brother+from+another+planet+1984, p.s.+2004, 633+squadron+1964, northfork+2003, blackfish+2013, still+bill+2010, the+mighty+1998, bottle+rocket+1996, hogfather+2006, ali+2001, the+woman+in+the+window+1944, patton+1970, the+survivors+1983, exodus+1960, boy+a+2007, 322 ms"
"2022-02-08T19:27:46.359174,45880,recommendation request 17645-team17.isri.cmu.edu:8082, status 200, result: wreck-it+ralph+2012, rollerball+1975, the+five+senses+1999, the+dresser+1983, ed+1996, a+goofy+movie+1995, warriors+2002, the+aristocats+1970, contempt+1963, critters+1986, even+the+rain+2010, holy+motors+2012, harem+1985, company+man+2000, albatross+2011, planet+of+the+apes+2001, junebug+2005, class+1983, six+weeks+1982, from+the+hip+1987, 312 ms"
"2022-02-08T19:27:46.425877,88854,recommendation request 17645-team17.isri.cmu.edu:8082, status 200, result: american+virgin+2000, life+is+beautiful+1997, the+five+senses+1999, last+holiday+2006, cookie+1989, the+other+side+of+the+mountain+1975, lifeboat+1944, the+reader+2008, beyond+the+sea+2004, junebug+2005, bottle+rocket+1996, an+education+2009, island+2011, from+here+to+eternity+1953, ali+2001, from+the+hip+1987, hopscotch+1980, my+one+and+only+2009, spasmo+1974, little+murders+1971, 335 ms"
"2022-02-08T19:27:47.358085,579,recommendation request 17645-team17.isri.cmu.edu:8082, status 200, result: cry+freedom+1987, rollerball+1975, the+killers+1946, the+island+at+the+top+of+the+world+1974, captain+america+the+first+avenger+2011, frenzy+1972, mysterious+island+1961, the+sting+1973, the+last+starfighter+1984, that+was+then...+this+is+now+1985, the+avengers+2012, the+pumaman+1980, megaforce+1982, iron+man+3+2013, black+angel+1946, kicked+in+the+head+1997, independence+day+1996, american+me+1992, to+kill+a+mockingbird+1962, sonny+2002, 315 ms"
"2022-02-08T19:27:47.537528,10533,recommendation request 17645-team17.isri.cmu.edu:8082, status 200, result: drop+zone+1994, rollerball+1975, the+longest+day+1962, missing+1982, a+goofy+movie+1995, mystery_+alaska+1999, without+a+paddle+2004, freaky+friday+1976, lifeboat+1944, grand+illusion+1937, one+eight+seven+1997, guilty+as+sin+1993, wake+of+death+2004, planet+of+the+apes+2001, another+earth+2011, beyond+the+sea+2004, winnie+the+pooh+2011, changing+lanes+2002, in+harms+way+1965, island+2011, 513 ms"
"2022-02-08T19:27:47.541374,182119,recommendation request 17645-team17.isri.cmu.edu:8082, status 200, result: eyewitness+1981, curdled+1996, cry+freedom+1987, lockout+2012, courage+under+fire+1996, vision+quest+1985, a+little+princess+1995, haywire+2011, the+witches+of+eastwick+1987, guilty+as+sin+1993, shes+having+a+baby+1988, the+hitch-hiker+1953, island+2011, the+incredible+hulk+2008, mobsters+1991, hopscotch+1980, today+you+die+2005, fire+down+below+1997, back+to+the+future+part+ii+1989, l.i.e.+2001, 501 ms"
"2022-02-08T19:27:47.589080,188097,recommendation request 17645-team17.isri.cmu.edu:8082, status 200, result: the+perfect+score+2004, curdled+1996, switchback+1997, bon+cop+bad+cop+2006, notting+hill+1999, a+goofy+movie+1995, p.s.+2004, red+dawn+1984, courage+under+fire+1996, deep+rising+1998, maze+2000, a+time+to+kill+1996, freaky+friday+1976, the+yakuza+1974, the+brothers+2001, my+beautiful+laundrette+1985, shes+having+a+baby+1988, the+hitch-hiker+1953, island+2011, crush+2001, 505 ms"
"2022-02-08T19:27:47.591400,25018,recommendation request 17645-team17.isri.cmu.edu:8082, status 200, result: shampoo+1975, the+five+senses+1999, nothing+but+trouble+1991, bridget+joness+diary+2001, forces+of+nature+1999, the+wedding+singer+1998, 8+seconds+1994, the+proprietor+1996, raging+bull+1980, analyze+this+1999, a+family+thing+1996, twentieth+century+1934, dick+tracy+1990, spy+kids+3-d+game+over+2003, moving+1988, gone+in+sixty+seconds+2000, albatross+2011, time+bandits+1981, veronica+guerin+2003, murphys+romance+1985, 544 ms"
"2022-02-08T19:27:47.595409,159685,recommendation request 17645-team17.isri.cmu.edu:8082, status 200, result: wreck-it+ralph+2012, whisper+of+the+heart+1995, intersection+1994, a+goofy+movie+1995, walle+2008, the+aristocats+1970, a+family+thing+1996, gumby+the+movie+1995, chicken+run+2000, the+letter+1940, 9+2005, cars+2+2011, junebug+2005, trigun+badlands+rumble+2010, m.+butterfly+1993, great+expectations+1946, the+fan+1981, my+one+and+only+2009, dugs+special+mission+2009, ratatouille+2007, 507 ms"
"2022-02-08T19:27:48.539011,26195,recommendation request 17645-team17.isri.cmu.edu:8082, status 200, result: eyewitness+1981, melody+time+1948, mary+poppins+1964, lockout+2012, the+aristocats+1970, vision+quest+1985, a+little+princess+1995, haywire+2011, gumby+the+movie+1995, the+witches+of+eastwick+1987, saludos+amigos+1942, patriot+games+1992, shes+having+a+baby+1988, juice+1992, breakdown+1997, hopscotch+1980, today+you+die+2005, patton+1970, fire+down+below+1997, beyond+the+poseidon+adventure+1979, 521 ms"
"2022-02-08T19:27:48.549507,160259,recommendation request 17645-team17.isri.cmu.edu:8082, status 200, result: drop+zone+1994, mickeys+once+upon+a+christmas+1999, the+dresser+1983, childs+play+3+1991, sling+blade+1996, a+christmas+carol+2009, chicken+run+2000, the+island+1980, the+saint+1997, albatross+2011, the+matrix+revolutions+2003, the+mighty+1998, the+truman+show+1998, changing+lanes+2002, have+rocket_+will+travel+1959, conan+the+barbarian+1982, six+weeks+1982, the+three+stooges+in+orbit+1962, hav+plenty+1997, down+in+the+delta+1998, 511 ms"
"2022-02-08T19:27:48.557190,69094,recommendation request 17645-team17.isri.cmu.edu:8082, status 200, result: cry+freedom+1987, rollerball+1975, top+secret+1984, my+man+godfrey+1957, ed+1996, the+other+side+of+the+mountain+1975, light+it+up+1999, the+addams+family+1991, in+the+line+of+fire+1993, gods+not+dead+2014, a+little+princess+1995, bean+1997, paintball+2009, dead+reckoning+1947, one+eight+seven+1997, malice+1993, planet+of+the+apes+2001, eye+of+the+beholder+1999, absolute+power+1997, the+dream+team+1989, 534 ms"
"2022-02-08T19:27:48.569414,141343,recommendation request 17645-team17.isri.cmu.edu:8082, status 200, result: american+virgin+2000, sullivans+travels+1941, drop+zone+1994, robot+stories+2003, my+man+godfrey+1957, the+gauntlet+1977, the+proprietor+1996, last+holiday+2006, p.s.+2004, the+other+side+of+the+mountain+1975, maze+2000, without+a+paddle+2004, the+brothers+mcmullen+1995, z+1969, dick+tracy+1990, johnny+english+2003, paul+2011, the+saint+1997, company+man+2000, the+brothers+2001, 545 ms"
"2022-02-08T19:27:49.486728,147836,recommendation request 17645-team17.isri.cmu.edu:8082, status 200, result: eyewitness+1981, curdled+1996, p.s.+2004, rambo+first+blood+part+ii+1985, maze+2000, code+of+silence+1985, vision+quest+1985, a+little+princess+1995, the+witches+of+eastwick+1987, the+letter+1940, guilty+as+sin+1993, phoenix+1998, the+brothers+2001, modesty+blaise+1966, the+hitch-hiker+1953, mobsters+1991, the+hot+spot+1990, crush+2001, hopscotch+1980, untitled+2009, 377 ms"
"2022-02-08T19:27:49.483287,261374,recommendation request 17645-team17.isri.cmu.edu:8082, status 200, result: drop+zone+1994, rollerball+1975, top+secret+1984, my+man+godfrey+1957, ed+1996, the+addams+family+1991, without+a+paddle+2004, a+little+princess+1995, bean+1997, the+beverly+hillbillies+1993, moving+1988, phoenix+1998, wake+of+death+2004, planet+of+the+apes+2001, desk+set+1957, changing+lanes+2002, free+willy+3+the+rescue+1997, hopscotch+1980, today+you+die+2005, romeo+is+bleeding+1993, 404 ms"
"2022-02-08T19:27:50.466602,243182,recommendation request 17645-team17.isri.cmu.edu:8082, status 200, result: curdled+1996, drop+zone+1994, rollerball+1975, cry+freedom+1987, without+a+paddle+2004, in+the+line+of+fire+1993, dead+reckoning+1947, guilty+as+sin+1993, wake+of+death+2004, malice+1993, planet+of+the+apes+2001, patriot+games+1992, changing+lanes+2002, shes+having+a+baby+1988, juice+1992, the+hitch-hiker+1953, mobsters+1991, breakdown+1997, hopscotch+1980, absolute+power+1997, 435 ms"
"2022-02-08T19:27:50.514892,153094,recommendation request 17645-team17.isri.cmu.edu:8082, status 200, result: wreck-it+ralph+2012, it+the+terror+from+beyond+space+1958, demons+1985, p.s.+2004, a+goofy+movie+1995, carnosaur+2+1995, maze+2000, the+aristocats+1970, lethal+weapon+3+1992, a+family+thing+1996, it+came+from+outer+space+1953, a+little+princess+1995, dick+tracy+1990, moving+1988, albatross+2011, desk+set+1957, out+to+sea+1997, the+truman+show+1998, crush+2001, hook+1991, 481 ms"
"2022-02-08T19:27:50.536072,263951,recommendation request 17645-team17.isri.cmu.edu:8082, status 200, result: the+five+senses+1999, the+last+of+the+mohicans+1992, raging+bull+1980, the+proprietor+1996, the+house+of+yes+1997, p.s.+2004, dont+move+2004, how+i+won+the+war+1967, 633+squadron+1964, maze+2000, contempt+1963, a+family+thing+1996, light+it+up+1999, lifeboat+1944, psycho+1998, iris+2001, phoenix+1998, the+brothers+2001, platoon+1986, the+mighty+1998, 481 ms"
"2022-02-08T19:27:50.586356,9804,recommendation request 17645-team17.isri.cmu.edu:8082, status 200, result: drop+zone+1994, forbidden+zone+1980, the+conspiracy+2012, doc+hollywood+1991, p.s.+2004, nims+island+2008, excision+2012, the+letter+1940, the+saint+1997, macabre+1958, the+fury+1978, hook+1991, an+american+carol+2008, dinoshark+2010, bingo+1991, gozu+2003, the+muppet+movie+1979, holiday+1938, the+allnighter+1987, star+trek+ii+the+wrath+of+khan+1982, 505 ms"
"2022-02-08T19:27:50.593073,288631,recommendation request 17645-team17.isri.cmu.edu:8082, status 200, result: rollerball+1975, frenzy+1972, lethal+weapon+3+1992, once+bitten+1985, the+andromeda+strain+1971, detective+story+1951, dick+tracy+1990, the+last+legion+2007, ice+castles+1978, psycho+1998, the+island+1980, kull+the+conqueror+1997, from+here+to+eternity+1953, the+fury+1978, conan+the+destroyer+1984, jennifer+eight+1992, firestarter+1984, spasmo+1974, bulletproof+1996, underdog+2007, 520 ms"
"2022-02-08T19:27:51.456076,223649,recommendation request 17645-team17.isri.cmu.edu:8082, status 200, result: wreck-it+ralph+2012, cry+freedom+1987, about+last+night...+1986, the+krays+1990, 8+seconds+1994, a+goofy+movie+1995, the+aristocats+1970, fuck+2005, the+island+1980, the+devils+1971, a+man+and+a+woman+1966, cars+2+2011, the+comancheros+1961, changing+lanes+2002, serial+bad+weddings+2014, look+whos+talking+too+1990, burnt+offerings+1976, side+out+1990, quartet+1981, synecdoche_+new+york+2008, 437 ms"
"2022-02-08T19:27:51.425112,217347,recommendation request 17645-team17.isri.cmu.edu:8082, status 200, result: curdled+1996, doc+hollywood+1991, p.s.+2004, maze+2000, gods+not+dead+2014, pitch+black+2000, ice+castles+1978, moving+1988, a+shock+to+the+system+1990, masterminds+1997, jurassic+park+1993, the+hitch-hiker+1953, juice+1992, mobsters+1991, from+here+to+eternity+1953, ali+2001, return+to+the+blue+lagoon+1991, crush+2001, the+juror+1996, hopscotch+1980, 377 ms"
"2022-02-08T19:27:51.463781,74953,recommendation request 17645-team17.isri.cmu.edu:8082, status 200, result: curdled+1996, eyewitness+1981, rollerball+1975, family+plot+1976, courage+under+fire+1996, pitch+black+2000, casper+1995, company+man+2000, planet+of+the+apes+2001, the+matrix+revolutions+2003, jurassic+park+1993, island+2011, the+brave+one+2007, the+fury+1978, hook+1991, above+the+law+1988, spasmo+1974, indestructible+man+1956, s.+darko+2009, edge+of+tomorrow+2014, 372 ms"
"2022-02-08T19:27:52.418467,175941,recommendation request 17645-team17.isri.cmu.edu:8082, status 200, result: cry+freedom+1987, the+house+of+yes+1997, 8+seconds+1994, the+proprietor+1996, royal+deceit+1994, p.s.+2004, courage+under+fire+1996, maze+2000, edward+scissorhands+1990, nine+queens+2000, z+1969, lifeboat+1944, the+verdict+1982, one+eight+seven+1997, the+yakuza+1974, the+brothers+2001, gravity+2013, the+mighty+1998, the+game+1997, crush+2001, 411 ms"
"2022-02-08T19:27:53.641153,26286,recommendation request 17645-team17.isri.cmu.edu:8082, status 200, result: eyewitness+1981, cry+freedom+1987, drop+zone+1994, top+secret+1984, rollerball+1975, barbershop+2002, frenzy+1972, the+addams+family+1991, the+andromeda+strain+1971, without+a+paddle+2004, the+lost+weekend+1945, a+little+princess+1995, inception+2010, pitch+black+2000, psycho+1998, another+thin+man+1939, the+next+karate+kid+1994, phoenix+1998, wake+of+death+2004, planet+of+the+apes+2001, 634 ms"
"2022-02-08T19:27:53.736451,171291,recommendation request 17645-team17.isri.cmu.edu:8082, status 200, result: top+secret+1984, the+dresser+1983, ed+1996, the+proprietor+1996, return+of+the+fly+1959, red+dawn+1984, carnosaur+2+1995, the+addams+family+1991, a+little+princess+1995, nims+island+2008, casper+1995, albatross+2011, jurassic+park+1993, junebug+2005, from+here+to+eternity+1953, ali+2001, six+weeks+1982, hook+1991, above+the+law+1988, my+one+and+only+2009, 715 ms"
"2022-02-08T19:27:53.742088,173962,recommendation request 17645-team17.isri.cmu.edu:8082, status 200, result: eyewitness+1981, drop+zone+1994, switchback+1997, barbershop+2002, six+pack+1982, intersection+1994, the+conspiracy+2012, frenzy+1972, true+crime+1996, a+family+thing+1996, without+a+paddle+2004, another+thin+man+1939, harry+and+tonto+1974, private+parts+1972, wake+of+death+2004, beneath+the+planet+of+the+apes+1970, hackers+1995, serial+1980, changing+lanes+2002, the+living+daylights+1987, 724 ms"
"2022-02-08T19:27:53.775118,216383,recommendation request 17645-team17.isri.cmu.edu:8082, status 200, result: dead+of+winter+1987, the+house+of+yes+1997, the+conspiracy+2012, cazuza+time+doesnt+stop+2004, sling+blade+1996, a+goofy+movie+1995, nothing+to+lose+1994, the+country+bears+2002, behind+the+sun+2001, snow+dogs+2002, the+aristocats+1970, lifeboat+1944, johnny+english+2003, the+great+escape+1963, the+island+1980, the+poughkeepsie+tapes+2007, macabre+1958, the+comancheros+1961, the+mighty+1998, murphys+romance+1985, 760 ms"
"2022-02-08T19:27:53.784501,254966,recommendation request 17645-team17.isri.cmu.edu:8082, status 200, result: a+dangerous+place+2012, wreck-it+ralph+2012, switchback+1997, the+red+shoes+1948, 8+seconds+1994, picture+perfect+1997, red+dawn+1984, a+goofy+movie+1995, code+of+silence+1985, lethal+weapon+3+1992, without+a+paddle+2004, father+of+the+bride+1991, bean+1997, splash+1984, the+letter+1940, phoenix+1998, lady+chatterley+2006, a+man+and+a+woman+1966, full+speed+1996, desk+set+1957, 763 ms"
"2022-02-08T19:27:53.795599,290815,recommendation request 17645-team17.isri.cmu.edu:8082, status 200, result: american+virgin+2000, cry+freedom+1987, rollerball+1975, the+dresser+1983, ed+1996, the+proprietor+1996, the+conspiracy+2012, star+wars+episode+iii+-+revenge+of+the+sith+2005, the+other+side+of+the+mountain+1975, lethal+weapon+3+1992, running+free+1999, inception+2010, z+1969, splash+1984, casper+1995, lifeboat+1944, the+old+dark+house+1932, planet+of+the+apes+2001, albatross+2011, macabre+1958, 751 ms"
"2022-02-08T19:27:53.794992,241330,recommendation request 17645-team17.isri.cmu.edu:8082, status 200, result: cry+freedom+1987, drop+zone+1994, switchback+1997, robot+stories+2003, sleepers+1996, p.s.+2004, the+other+side+of+the+mountain+1975, snow+dogs+2002, northfork+2003, father+of+the+bride+1991, cabin+boy+1994, freaky+friday+1976, ice+castles+1978, the+saint+1997, the+client+1994, running+scared+1986, an+education+2009, changing+lanes+2002, from+here+to+eternity+1953, ali+2001, 786 ms"
"2022-02-08T19:27:54.515802,114116,recommendation request 17645-team17.isri.cmu.edu:8082, status 400, result: movie 1 not found, 456 ms"
"2022-02-08T19:27:54.688601,98045,recommendation request 17645-team17.isri.cmu.edu:8082, status 200, result: rollerball+1975, barbershop+2002, star+wars+episode+iii+-+revenge+of+the+sith+2005, walle+2008, around+the+bend+2004, an+evening+with+kevin+smith+2002, gumby+the+movie+1995, another+thin+man+1939, one+man+band+2005, glen+or+glenda+1953, planet+of+the+apes+2001, a+decade+under+the+influence+2003, junebug+2005, conan+the+barbarian+1982, lifted+2006, my+one+and+only+2009, dugs+special+mission+2009, ratatouille+2007, breakfast+on+pluto+2005, private+lives+1931, 604 ms"
"2022-02-08T19:27:54.697445,187504,recommendation request 17645-team17.isri.cmu.edu:8082, status 200, result: shampoo+1975, cry+freedom+1987, punchline+1988, p.s.+2004, son+of+the+mask+2005, shaft+in+africa+1973, maze+2000, in+the+line+of+fire+1993, pitch+black+2000, patriot+games+1992, topper+1937, juice+1992, crush+2001, the+women+2008, help+1965, breakdown+1997, bingo+1991, terminator+2+judgment+day+1991, rescue+dawn+2006, rock+n+roll+high+school+1979, 598 ms"
"2022-02-08T19:27:54.729602,148290,recommendation request 17645-team17.isri.cmu.edu:8082, status 200, result: the+five+senses+1999, lockout+2012, raging+bull+1980, true+crime+1996, dick+tracy+1990, the+last+legion+2007, gumby+the+movie+1995, johnny+english+2003, paul+2011, pitch+black+2000, apocalypto+2006, haywire+2011, the+brood+1979, the+saint+1997, 9+2005, gone+in+sixty+seconds+2000, shivers+1975, the+island+1980, kull+the+conqueror+1997, saw+vi+2009, 615 ms"
"2022-02-08T19:27:54.756655,153134,recommendation request 17645-team17.isri.cmu.edu:8082, status 200, result: shampoo+1975, the+girl+next+door+2004, the+dresser+1983, intersection+1994, loving+you+1957, freddy+got+fingered+2001, a+family+thing+1996, pride+2014, the+next+karate+kid+1994, couples+retreat+2009, albatross+2011, for+keeps+1988, beyond+the+sea+2004, serial+1980, look+whos+talking+too+1990, murphys+romance+1985, bridesmaids+2011, unfinished+business+2015, six+weeks+1982, side+out+1990, 628 ms"
"2022-02-08T19:27:54.753875,300530,recommendation request 17645-team17.isri.cmu.edu:8082, status 200, result: cry+freedom+1987, barbershop+2002, werewolves+on+wheels+1971, frenzy+1972, the+next+three+days+2010, in+the+line+of+fire+1993, another+thin+man+1939, critters+1986, paintball+2009, phoenix+1998, juice+1992, mobsters+1991, the+fury+1978, dinoshark+2010, private+lives+1931, babes+in+toyland+1934, snakes+on+a+plane+2006, phantasm+ii+1988, l.i.e.+2001, the+whistle+blower+1986, 678 ms"
"2022-02-08T19:27:55.458492,27157,recommendation request 17645-team17.isri.cmu.edu:8082, status 400, result: movie 1 not found, 359 ms"
"2022-02-08T19:27:55.453494,104741,recommendation request 17645-team17.isri.cmu.edu:8082, status 200, result: curdled+1996, murder+by+numbers+2002, circus+2000, vision+quest+1985, a+little+princess+1995, the+lookout+2007, striptease+1996, the+witches+of+eastwick+1987, the+letter+1940, superman+returns+2006, s.w.a.t.+2003, shes+having+a+baby+1988, sonny+2002, the+hitch-hiker+1953, mobsters+1991, the+roaring+twenties+1939, they+drive+by+night+1940, atl+2006, frankie+and+johnny+1991, cherry+2011, 333 ms"
"2022-02-08T19:27:55.481326,8882,recommendation request 17645-team17.isri.cmu.edu:8082, status 200, result: cry+freedom+1987, arranged+2007, barbershop+2002, ed+1996, p.s.+2004, maze+2000, fuck+2005, the+woman+2011, dick+tracy+1990, casper+1995, another+thin+man+1939, apocalypto+2006, jurassic+park+1993, crush+2001, island+2011, mascara+1999, class+1983, hook+1991, airport+1975+1974, private+lives+1931, 388 ms"
"2022-02-08T19:27:55.485394,27341,recommendation request 17645-team17.isri.cmu.edu:8082, status 200, result: drop+zone+1994, barbershop+2002, true+crime+1996, how+i+won+the+war+1967, barbarosa+1982, once+bitten+1985, without+a+paddle+2004, the+hound+of+the+baskervilles+1978, cabin+boy+1994, another+thin+man+1939, wake+of+death+2004, gravity+2013, desk+set+1957, out+to+sea+1997, serial+1980, changing+lanes+2002, body+double+1984, above+the+law+1988, hopscotch+1980, babes+in+toyland+1934, 313 ms"
"2022-02-08T19:27:56.371155,283467,recommendation request 17645-team17.isri.cmu.edu:8082, status 200, result: north+by+northwest+1959, dead+of+winter+1987, rollerball+1975, barbershop+2002, star+wars+episode+iii+-+revenge+of+the+sith+2005, think+like+a+man+too+2014, p.s.+2004, maze+2000, primary+colors+1998, 42nd+street+1933, on+moonlight+bay+1951, nims+island+2008, another+thin+man+1939, moving+1988, the+great+outdoors+1988, planet+of+the+apes+2001, the+brothers+2001, stonewall+1995, juice+1992, crush+2001, 292 ms"
"2022-02-08T19:27:56.747101,243152,recommendation request 17645-team17.isri.cmu.edu:8082, status 200, result: clue+1985, city+hall+1996, greedy+1994, cry+freedom+1987, punchline+1988, my+giant+1998, the+color+purple+1985, once+around+1991, that+was+then...+this+is+now+1985, vision+quest+1985, the+lords+of+flatbush+1974, a+little+princess+1995, 21+2008, striptease+1996, far+and+away+1992, misery+1990, mask+1985, the+witches+of+eastwick+1987, 28+days+2000, a+beautiful+mind+2001, 630 ms"
"2022-02-08T19:27:56.772043,148118,recommendation request 17645-team17.isri.cmu.edu:8082, status 200, result: north+by+northwest+1959, cry+freedom+1987, angst+1983, top+secret+1984, forbidden+zone+1980, criminal+law+1988, the+house+of+yes+1997, the+magician+1958, the+proprietor+1996, the+lucky+ones+2008, through+a+glass+darkly+1961, barbarosa+1982, the+wash+2001, lamerica+1994, z+1969, lifeboat+1944, hot+tub+time+machine+2010, my+life+as+a+dog+1985, the+mighty+1998, junebug+2005, 641 ms"
"2022-02-08T19:27:57.440925,168843,recommendation request 17645-team17.isri.cmu.edu:8082, status 200, result: cry+freedom+1987, drop+zone+1994, robot+stories+2003, the+proprietor+1996, p.s.+2004, a+family+thing+1996, northfork+2003, z+1969, lifeboat+1944, the+beverly+hillbillies+1993, excision+2012, four+brothers+2005, gravity+2013, another+earth+2011, desk+set+1957, junebug+2005, from+here+to+eternity+1953, help+1965, last+night+1998, richard+iii+1955, 369 ms"
"2022-02-08T19:27:57.470505,201010,recommendation request 17645-team17.isri.cmu.edu:8082, status 200, result: cry+freedom+1987, drop+zone+1994, switchback+1997, robot+stories+2003, p.s.+2004, the+other+side+of+the+mountain+1975, light+it+up+1999, northfork+2003, ice+castles+1978, opportunity+knocks+1990, jurassic+park+1993, have+rocket_+will+travel+1959, from+here+to+eternity+1953, ali+2001, last+night+1998, the+three+stooges+in+orbit+1962, the+loves+of+carmen+1948, absolute+power+1997, holiday+1938, get+real+1998, 384 ms"
"2022-02-08T19:27:57.520436,197741,recommendation request 17645-team17.isri.cmu.edu:8082, status 200, result: rollerball+1975, robot+stories+2003, stick+it+2006, devil+girl+from+mars+1954, star+wars+episode+iii+-+revenge+of+the+sith+2005, courage+under+fire+1996, the+other+side+of+the+mountain+1975, edward+scissorhands+1990, inception+2010, moving+1988, the+verdict+1982, the+yakuza+1974, planet+of+the+apes+2001, gravity+2013, the+game+1997, the+living+daylights+1987, last+night+1998, hopscotch+1980, dinoshark+2010, sucker+punch+2011, 446 ms"
"2022-02-08T19:27:57.522864,28391,recommendation request 17645-team17.isri.cmu.edu:8082, status 200, result: cry+freedom+1987, arranged+2007, sleepers+1996, melody+time+1948, the+last+of+the+mohicans+1992, a+goofy+movie+1995, the+next+three+days+2010, the+aristocats+1970, incognito+1997, freaky+friday+1976, a+little+princess+1995, the+letter+1940, phoenix+1998, saludos+amigos+1942, for+keeps+1988, the+mighty+1998, from+here+to+eternity+1953, side+out+1990, hook+1991, dark+passage+1947, 436 ms"
"2022-02-08T19:27:58.510708,164089,recommendation request 17645-team17.isri.cmu.edu:8082, status 200, result: eyewitness+1981, cry+freedom+1987, rollerball+1975, forbidden+zone+1980, p.s.+2004, casper+1995, the+letter+1940, the+island+1980, planet+of+the+apes+2001, the+incredible+hulk+2008, hook+1991, hopscotch+1980, an+american+carol+2008, today+you+die+2005, rumble+fish+1983, airport+1975+1974, they+made+me+a+criminal+1939, holiday+1938, beyond+the+poseidon+adventure+1979, back+to+the+future+part+ii+1989, 420 ms"
"2022-02-08T19:27:58.510653,132982,recommendation request 17645-team17.isri.cmu.edu:8082, status 200, result: eyewitness+1981, suburban+commando+1991, the+snows+of+kilimanjaro+1952, p.s.+2004, son+of+the+mask+2005, maze+2000, the+andromeda+strain+1971, freaky+friday+1976, the+flying+saucer+1950, the+rage+carrie+2+1999, haywire+2011, the+letter+1940, paparazzi+2004, the+brothers+2001, time+bandits+1981, crush+2001, predator+1987, blood+and+sand+1989, hopscotch+1980, untitled+2009, 416 ms"
"2022-02-08T19:27:58.510724,166971,recommendation request 17645-team17.isri.cmu.edu:8082, status 200, result: cry+freedom+1987, rollerball+1975, the+dresser+1983, 8+seconds+1994, ed+1996, star+wars+episode+iii+-+revenge+of+the+sith+2005, p.s.+2004, maze+2000, casper+1995, planet+of+the+apes+2001, albatross+2011, the+brothers+2001, a+patch+of+blue+1965, junebug+2005, murphys+romance+1985, crush+2001, the+incredible+hulk+2008, the+women+2008, six+weeks+1982, class+1983, 416 ms"
"2022-02-08T19:27:58.528831,79596,recommendation request 17645-team17.isri.cmu.edu:8082, status 200, result: wreck-it+ralph+2012, rio+2+2014, intersection+1994, the+last+of+the+mohicans+1992, the+longest+day+1962, the+amazing+spider-man+2012, missing+1982, a+goofy+movie+1995, mystery_+alaska+1999, 633+squadron+1964, the+aristocats+1970, prince+of+persia+the+sands+of+time+2010, the+letter+1940, one+eight+seven+1997, guilty+as+sin+1993, serial+1980, warriors+of+heaven+and+earth+2003, island+2011, the+women+2008, azumi+2003, 384 ms"
"2022-02-08T19:27:59.466318,21663,recommendation request 17645-team17.isri.cmu.edu:8082, status 200, result: abandon+2002, down+periscope+1996, rhinestone+1984, the+dresser+1983, lucky+them+2013, bugsy+1991, courage+under+fire+1996, that+was+then...+this+is+now+1985, the+last+minute+2001, jury+duty+1995, birdy+1984, rudy+1993, the+beverly+hillbillies+1993, albatross+2011, the+boys+are+back+2009, only+you+1994, for+keeps+1988, bulworth+1998, island+2011, six+weeks+1982, 270 ms"
"2022-02-08T19:27:59.541912,146555,recommendation request 17645-team17.isri.cmu.edu:8082, status 200, result: north+by+northwest+1959, the+perfect+score+2004, a+nightmare+on+elm+street+part+2+freddys+revenge+1985, dead+of+winter+1987, cry+freedom+1987, top+secret+1984, ed+1996, the+conspiracy+2012, frenzy+1972, p.s.+2004, the+addams+family+1991, brimstone++treacle+1982, maze+2000, a+little+princess+1995, the+woman+2011, casper+1995, critters+1986, ghoulies+ii+1987, the+brothers+2001, the+longest+yard+1974, 320 ms"
"2022-02-08T19:27:59.552350,192672,recommendation request 17645-team17.isri.cmu.edu:8082, status 200, result: mickeys+once+upon+a+christmas+1999, the+avengers+1998, rollerball+1975, the+dresser+1983, ed+1996, p.s.+2004, maze+2000, code+of+silence+1985, a+family+thing+1996, chicken+run+2000, moving+1988, national+lampoons+vacation+1983, mousehunt+1997, phoenix+1998, planet+of+the+apes+2001, the+brothers+2001, albatross+2011, ernest+in+the+army+1998, crush+2001, the+hot+spot+1990, 451 ms"
"2022-02-08T19:27:59.561576,81393,recommendation request 17645-team17.isri.cmu.edu:8082, status 200, result: a+nightmare+on+elm+street+part+2+freddys+revenge+1985, rollerball+1975, robot+stories+2003, street+fighter+the+legend+of+chun-li+2009, the+other+side+of+the+mountain+1975, the+dance+of+reality+2013, code+of+silence+1985, a+family+thing+1996, z+1969, chronicle+2012, critters+1986, phoenix+1998, planet+of+the+apes+2001, 9+2005, another+earth+2011, junebug+2005, the+hot+spot+1990, last+night+1998, my+one+and+only+2009, steamboy+2004, 367 ms"
"2022-02-08T19:28:00.305736,179589,recommendation request 17645-team17.isri.cmu.edu:8082, status 200, result: the+other+side+of+the+mountain+1975, light+it+up+1999, gods+not+dead+2014, in+the+line+of+fire+1993, ice+castles+1978, casper+1995, dead+reckoning+1947, malice+1993, marooned+1969, a+man+and+a+woman+1966, jurassic+park+1993, desk+set+1957, out+to+sea+1997, shes+having+a+baby+1988, from+here+to+eternity+1953, ali+2001, side+out+1990, hook+1991, the+loves+of+carmen+1948, absolute+power+1997, 282 ms"
"2022-02-08T19:28:00.389405,9446,recommendation request 17645-team17.isri.cmu.edu:8082, status 200, result: drop+zone+1994, the+snowman+1982, p.s.+2004, maze+2000, without+a+paddle+2004, northfork+2003, nims+island+2008, the+brothers+mcmullen+1995, highlander+the+search+for+vengeance+2007, moving+1988, masterminds+1997, the+brothers+2001, the+matrix+revolutions+2003, changing+lanes+2002, free+willy+3+the+rescue+1997, crush+2001, conan+the+barbarian+1982, king+kong+lives+1986, tank+girl+1995, hook+1991, 361 ms"
"2022-02-08T19:28:01.447160,265942,recommendation request 17645-team17.isri.cmu.edu:8082, status 200, result: gleaming+the+cube+1989, rollerball+1975, the+last+of+the+mohicans+1992, the+longest+day+1962, lockout+2012, p.s.+2004, maze+2000, 633+squadron+1964, a+time+to+kill+1996, detective+story+1951, haywire+2011, grand+canyon+1991, the+verdict+1982, planet+of+the+apes+2001, the+brothers+2001, the+matrix+revolutions+2003, crush+2001, conan+the+barbarian+1982, the+brave+one+2007, above+the+law+1988, 432 ms"
"2022-02-08T19:28:01.473234,257576,recommendation request 17645-team17.isri.cmu.edu:8082, status 200, result: rollerball+1975, the+dresser+1983, the+bounty+1984, the+last+of+the+mohicans+1992, the+proprietor+1996, the+conspiracy+2012, notting+hill+1999, a+goofy+movie+1995, p.s.+2004, red+dawn+1984, courage+under+fire+1996, maze+2000, 633+squadron+1964, freaky+friday+1976, heavens+gate+1980, masterminds+1997, planet+of+the+apes+2001, the+brothers+2001, albatross+2011, my+beautiful+laundrette+1985, 458 ms"
"2022-02-08T19:28:01.405808,297940,recommendation request 17645-team17.isri.cmu.edu:8082, status 200, result: curdled+1996, drop+zone+1994, cry+freedom+1987, six+pack+1982, notting+hill+1999, p.s.+2004, the+other+side+of+the+mountain+1975, maze+2000, a+family+thing+1996, without+a+paddle+2004, vision+quest+1985, a+little+princess+1995, harry+and+tonto+1974, the+witches+of+eastwick+1987, wake+of+death+2004, the+yakuza+1974, the+brothers+2001, my+beautiful+laundrette+1985, changing+lanes+2002, the+hitch-hiker+1953, 395 ms"
"2022-02-08T19:28:01.456881,175761,recommendation request 17645-team17.isri.cmu.edu:8082, status 200, result: crips+and+bloods+made+in+america+2008, drop+zone+1994, raging+bull+1980, missing+1982, the+official+story+1985, cookie+1989, birdy+1984, lifeboat+1944, bean+1997, love+hina+spring+special+-+i+wish+your+dream+2001, 9+2005, harem+1985, junebug+2005, the+transformers+the+movie+1986, changing+lanes+2002, mobsters+1991, conan+the+barbarian+1982, millions+2005, eight+men+out+1988, my+one+and+only+2009, 436 ms"
"2022-02-08T19:28:02.434511,98247,recommendation request 17645-team17.isri.cmu.edu:8082, status 200, result: shampoo+1975, the+parent+trap+1998, rollerball+1975, mickeys+once+upon+a+christmas+1999, punchline+1988, star+wars+episode+iii+-+revenge+of+the+sith+2005, the+country+bears+2002, snow+dogs+2002, the+aristocats+1970, maze+2000, show+boat+1951, nims+island+2008, bachelor+in+paradise+1961, love+crazy+1941, planet+of+the+apes+2001, the+yakuza+1974, on+the+town+1949, on+deadly+ground+1994, junebug+2005, crush+2001, 295 ms"
"2022-02-08T19:28:02.432789,70141,recommendation request 17645-team17.isri.cmu.edu:8082, status 200, result: meet+me+in+st.+louis+1944, the+killing+fields+1984, punchline+1988, sling+blade+1996, p.s.+2004, that+was+then...+this+is+now+1985, k-9+1989, maze+2000, never+again+2002, gods+not+dead+2014, birdy+1984, emma+2009, bean+1997, harem+1985, the+brothers+2001, only+you+1994, on+the+town+1949, four+weddings+and+a+funeral+1994, aliens+vs+predator+requiem+2007, dedication+2007, 381 ms"
"2022-02-08T19:28:03.411811,193317,recommendation request 17645-team17.isri.cmu.edu:8082, status 200, result: the+girl+next+door+2004, rollerball+1975, robot+stories+2003, the+gauntlet+1977, 8+seconds+1994, freddy+got+fingered+2001, one+little+indian+1973, snow+dogs+2002, asylum+1972, northfork+2003, freaky+friday+1976, one+eight+seven+1997, the+island+1980, planet+of+the+apes+2001, another+earth+2011, island+2011, the+brave+one+2007, eye+of+the+beholder+1999, last+night+1998, three+fugitives+1989, 356 ms"
"2022-02-08T19:28:03.492320,144047,recommendation request 17645-team17.isri.cmu.edu:8082, status 200, result: north+by+northwest+1959, drop+zone+1994, the+golden+voyage+of+sinbad+1973, birdy+1984, z+1969, hot+tub+time+machine+2010, harem+1985, changing+lanes+2002, from+dusk+till+dawn+1996, the+fury+1978, 7+seconds+2005, eight+men+out+1988, no+mercy+1986, the+allnighter+1987, dopamine+2003, bring+it+on+again+2004, l.i.e.+2001, the+big+chill+1983, lassie+1994, brainstorm+1983, 428 ms"
"2022-02-08T19:28:03.472330,182124,recommendation request 17645-team17.isri.cmu.edu:8082, status 200, result: born+american+1986, titanic+1953, wreck-it+ralph+2012, billy+bathgate+1991, dreamgirls+2006, my+man+godfrey+1957, the+specials+2000, ed+1996, paranorman+2012, now+you+see+him_+now+you+dont+1972, a+goofy+movie+1995, that+was+then...+this+is+now+1985, the+aristocats+1970, apocalypto+2006, the+secret+of+my+success+1987, screwed+2000, gone+in+sixty+seconds+2000, condition+red+1995, albatross+2011, people+like+us+2012, 418 ms"
"2022-02-08T19:28:03.492943,41193,recommendation request 17645-team17.isri.cmu.edu:8082, status 200, result: the+cat+in+the+hat+2003, mickeys+once+upon+a+christmas+1999, mary+poppins+1964, 8+seconds+1994, ed+1996, a+goofy+movie+1995, the+country+bears+2002, snow+dogs+2002, big+hero+6+2014, freaky+friday+1976, gumby+the+movie+1995, casper+1995, opportunity+knocks+1990, were+back+a+dinosaurs+story+1993, cars+2+2011, murphys+romance+1985, the+women+2008, hook+1991, the+emperors+new+groove+2000, bingo+1991, 448 ms"
"2022-02-08T19:28:03.502309,236133,recommendation request 17645-team17.isri.cmu.edu:8082, status 200, result: eyewitness+1981, the+five+senses+1999, and+now...+ladies+and+gentlemen...+2002, barbershop+2002, dreamgirls+2006, intersection+1994, bustin+loose+1981, the+proprietor+1996, last+holiday+2006, loving+you+1957, courage+under+fire+1996, 633+squadron+1964, the+way+2010, bellflower+2011, another+thin+man+1939, harry+and+tonto+1974, private+parts+1972, patriot+games+1992, junebug+2005, juice+1992, 436 ms"
